633,744,-178.151078,199,370,370,60
633,743,-176.920686,195,370,370,60
635,728,-177.854921,190,370,370,60
636,714,-177.369003,199,370,370,60
639,689,-173.767536,210,370,370,60
641,671,-177.314995,207,370,367,60
644,643,-173.712803,227,370,355,60
646,625,-173.024326,235,370,330,60
649,597,-174.391695,224,370,314,60
652,578,-172.729608,231,370,302,60
655,550,-177.357660,240,370,285,60
658,531,-173.719957,251,370,274,60
660,512,-174.738440,250,370,264,60
665,484,-174.865942,251,370,231,60
668,465,-172.929735,250,361,206,60
671,447,-173.479710,276,335,189,60
676,419,-168.025902,306,319,176,60
681,391,-176.148536,323,291,168,60
684,373,-171.478297,309,277,154,60
688,356,-176.814415,281,242,178,60
693,331,-168.163097,265,230,149,60
697,315,-171.914207,248,203,152,60
700,301,-165.634876,217,193,135,60
705,280,-169.728086,230,171,161,60
708,266,-166.549056,179,156,130,60
713,248,-176.073028,183,139,145,60
716,237,-166.968148,165,129,135,60
720,226,-166.574649,131,115,114,60
723,216,-173.916342,130,102,125,60
728,201,-165.823458,106,95,104,60
730,191,-174.311284,97,83,106,60
731,185,-167.086268,86,76,100,60
731,181,-170.216009,80,68,107,60
730,177,169.109432,120,65,73,60
729,171,166.539062,107,60,71,60
727,167,166.230012,104,56,65,60
725,163,163.165715,104,53,58,60
723,161,155.519620,124,53,54,60
721,161,143.792293,202,64,52,60
720,162,120.384953,193,91,58,60
719,163,102.030133,204,179,72,60
719,164,76.492559,344,190,158,60
719,165,47.497735,370,230,193,60
720,166,33.893421,370,348,202,60
716,169,32.186855,370,368,200,60
710,175,35.086817,370,329,192,60
695,188,33.438737,370,328,183,60
682,199,33.076498,370,299,165,60
661,216,28.429792,370,305,155,60
647,228,29.464835,370,239,137,60
635,239,33.817861,370,205,117,60
622,250,30.998242,370,198,106,60
604,265,30.190004,370,182,94,60
593,274,28.138454,370,156,82,60
588,279,22.680382,370,164,76,60
582,286,22.011154,370,175,72,60
577,293,14.894780,370,231,75,60
572,300,12.400356,370,275,72,60
570,304,8.246288,370,370,76,60
566,314,4.998885,370,370,75,60
565,320,3.973400,370,370,80,60
564,330,2.121465,370,370,80,60
562,343,0.286238,370,370,79,60
562,354,-0.021781,370,370,82,60
563,363,-0.258333,370,370,83,60
565,374,-0.797716,370,370,87,60
568,388,-2.415182,370,370,92,60
572,400,-3.692574,370,370,100,60
575,407,-6.812940,370,370,110,60
582,422,-8.188715,370,370,134,60
587,429,-13.685379,370,370,148,60
594,439,-17.867145,370,370,190,60
599,445,-23.747692,370,370,286,60
607,453,-27.409524,370,370,370,60
626,470,-30.064381,370,370,370,60
640,482,-30.179652,370,370,370,60
654,494,-30.388818,370,370,365,60
676,513,-31.080886,370,370,353,60
690,525,-31.731703,370,370,338,60
705,537,-31.176502,370,370,326,60
719,550,-31.159921,370,348,306,60
734,563,-30.545873,370,331,293,60
755,581,-29.756648,370,315,282,60
769,593,-29.635644,370,298,269,60
783,606,-30.798990,370,288,255,60
802,623,-29.494323,370,270,238,60
815,634,-29.297941,370,252,228,60
826,645,-28.508988,370,237,216,60
838,655,-27.804704,370,217,202,60
849,666,-27.391449,370,204,190,60
864,681,-26.682148,370,193,179,60
873,690,-28.687013,370,184,169,60
883,698,-28.586376,370,170,155,60
896,711,-26.667858,370,158,147,60
904,719,-26.101779,370,148,140,60
912,727,-26.832585,370,135,127,60
920,734,-26.265136,350,126,120,60
932,746,-25.678124,313,116,111,60
942,757,-25.413558,272,103,99,60
949,763,-29.239675,271,96,90,60
956,768,-39.556374,324,106,85,60
961,771,-47.133215,314,112,82,60
965,772,-56.397194,309,152,87,60
970,773,-71.255031,320,220,96,60
974,773,-80.463398,338,303,109,60
980,773,-85.097099,369,285,128,60
983,773,-95.939847,370,282,162,60
995,770,-107.963732,370,281,204,60
1002,768,-117.205502,370,297,278,60
1016,762,-122.572556,370,304,264,60
1030,757,-124.812893,370,303,251,60
1043,750,-126.480262,370,282,228,60
1057,744,-123.444040,370,254,216,60
1079,734,-125.150651,370,243,202,60
1093,728,-125.048447,370,223,186,60
1107,722,-126.042565,370,201,165,60
1120,716,-125.589389,370,184,151,60
1140,709,-123.652092,370,155,131,60
1151,704,-120.396505,370,136,121,60
1162,700,-121.038154,370,124,110,60
1172,696,-120.635130,370,112,99,60
1187,691,-117.247167,269,95,90,60
1192,689,-121.537887,312,92,82,60
1200,684,-127.762134,354,85,72,60
1203,682,-140.849598,370,112,72,60
1206,679,-146.780746,370,130,73,60
1208,677,-155.300661,370,173,78,60
1209,673,-164.927711,324,256,86,60
1210,670,-173.889963,306,370,103,60
1211,665,-173.395506,302,370,100,60
1213,655,-175.929609,296,370,99,60
1214,644,-175.510136,290,370,104,60
1214,636,174.423432,370,272,370,60
1213,620,176.501272,278,370,123,60
1211,612,174.052995,272,370,135,60
1207,596,169.619806,264,370,142,60
1203,582,170.511249,243,370,144,60
1199,574,165.723567,254,370,195,60
1190,557,163.640759,223,370,186,60
1182,542,167.934811,196,370,217,60
1168,519,167.032816,175,370,233,60
1159,502,167.049314,188,194,370,60
1150,486,154.658588,141,150,370,60
1141,469,167.985393,104,365,305,60
1130,449,162.183250,92,120,370,60
1124,438,159.887342,71,109,357,60
1115,419,164.746035,56,320,354,60
1112,411,165.436956,48,309,353,60
1109,404,167.922044,41,296,344,60
1108,399,177.184276,42,285,285,60
1106,387,178.196541,35,280,320,60
1106,380,168.815064,42,268,266,60
1106,370,-144.694746,30,267,314,60
1107,362,-178.836707,48,247,257,60
1110,348,-176.462703,282,243,217,60
1113,341,-173.141158,247,230,234,60
1117,333,-170.336194,266,222,209,60
1120,327,-166.260490,250,219,196,60
1128,316,-155.988065,234,215,183,60
1136,306,-152.396442,209,224,155,60
1143,297,-162.464866,204,194,158,60
1155,282,-150.667195,189,187,144,60
1162,273,-149.349056,166,189,120,60
1171,264,-156.399329,162,165,118,60
1178,255,-156.492706,152,157,110,60
1187,246,-144.546424,138,154,90,60
1195,237,-147.873765,133,148,86,60
1199,231,-150.084660,130,134,90,60
1202,226,-156.771045,121,124,86,60
1206,217,-161.081589,117,114,86,60
1207,212,-174.617646,114,106,89,60
1209,206,-175.068481,113,97,96,60
1210,201,-167.837109,102,92,89,60
1212,196,-169.955953,110,84,104,60
1214,192,-165.935120,90,82,83,60
1216,188,-154.551310,80,83,71,60
1221,184,-149.126648,79,77,71,60
1224,181,-147.241691,75,89,56,60
1225,180,-144.903706,72,86,52,60
1239,176,-109.742913,82,34,32,60
1243,176,-97.225992,45,24,28,60
1247,176,-84.458185,23,17,27,60
1252,178,-61.038070,17,16,37,60
1253,179,-43.897293,18,22,138,60
1253,181,-20.593603,28,56,370,60
1253,182,-13.754631,39,140,370,60
1251,183,-2.687627,51,370,370,60
1250,183,0.301852,62,370,370,60
1249,183,2.823669,66,370,370,60
1247,190,4.019359,75,370,370,60
1242,201,9.053923,90,370,217,60
1236,211,11.671435,107,370,193,60
1231,219,19.013185,162,370,161,60
1219,231,26.713865,220,370,147,60
1213,236,34.526165,370,370,127,60
1204,242,37.766302,370,370,117,60
1185,255,40.500865,370,370,103,60
1169,265,40.955686,370,370,76,60
1153,275,41.590713,370,370,58,60
1140,285,35.237151,370,370,48,60
1132,292,33.147571,370,370,41,60
1125,299,26.809362,370,370,39,60
1114,312,21.694686,370,370,38,60
1110,318,15.884825,370,370,41,60
1104,328,13.041000,370,370,56,60
1100,336,8.576094,336,370,370,60
1095,348,4.786500,314,370,370,60
1093,357,2.048690,300,370,370,60
1091,375,1.057895,292,370,370,60
1087,401,0.789712,296,370,370,60
1084,419,0.827442,302,370,370,60
1082,437,0.965304,305,370,370,60
1078,466,0.953732,310,370,370,60
1075,484,0.842241,313,368,370,60
1072,504,0.851084,319,340,370,60
1068,532,1.012539,323,322,370,60
1065,550,1.221181,331,294,370,60
1062,568,1.496089,337,276,370,60
1057,595,1.232870,340,258,370,60
1054,611,1.105360,333,241,347,60
1052,628,1.005532,299,216,310,60
1048,650,1.257311,278,201,289,60
1046,664,1.547726,257,187,271,60
1043,677,1.883710,228,167,244,60
1040,690,2.245462,209,154,226,60
1036,707,2.288751,193,142,207,60
1034,718,1.874349,179,131,192,60
1032,729,1.627868,165,121,176,60
1030,739,1.501385,144,105,152,60
1026,754,2.315694,130,95,140,60
1024,763,2.553062,117,86,127,60
1022,772,2.885848,97,72,107,60
1019,782,4.699706,86,64,96,60
1016,787,9.332558,75,60,96,60
1014,790,15.874759,66,57,104,60
1009,794,26.343343,58,58,144,60
1006,796,36.354869,55,63,231,60
1003,798,46.942774,55,72,370,60
1000,798,62.315180,65,129,370,60
998,797,86.763248,87,370,370,60
997,796,107.017613,131,370,370,60
996,795,119.975951,262,370,370,60
988,790,126.345943,370,370,370,60
978,784,135.682845,370,370,357,60
968,777,138.432228,370,370,345,60
955,767,139.079149,370,370,333,60
933,750,144.084492,370,370,324,60
918,739,138.853076,370,370,320,60
896,722,138.558921,370,370,320,60
881,711,138.970006,365,370,321,60
866,700,140.585213,344,370,326,60
851,688,140.447086,329,370,351,60
829,671,140.488995,314,370,341,60
814,660,138.519294,299,370,329,60
800,648,142.524930,279,370,333,60
778,631,141.068924,262,370,370,60
762,620,137.842779,248,370,370,60
748,608,140.005227,226,349,370,60
733,597,139.887581,210,325,370,60
711,579,138.550261,195,291,370,60
697,568,137.142313,180,275,370,60
683,557,139.761934,161,249,370,60
663,541,140.692327,145,224,370,60
651,531,141.764118,135,219,370,60
639,521,140.000475,116,180,370,60
628,512,141.761972,106,170,370,60
618,503,144.597207,97,165,370,60
604,491,143.085517,85,131,370,60
599,486,149.923415,86,176,370,60
594,479,154.325823,82,175,370,60
589,471,162.896861,85,237,370,60
586,464,168.459499,86,270,370,60
584,459,171.879170,94,348,370,60
583,450,172.106881,93,339,370,60
582,440,-138.845128,99,329,370,60
583,429,-179.525098,123,321,317,60
584,421,-176.999914,121,306,320,60
588,406,-175.665242,133,298,305,60
591,398,-172.681023,142,289,295,60
596,389,-167.112407,289,324,221,60
601,381,-164.105826,213,277,247,60
607,374,-159.979187,265,277,228,60
621,358,-158.179197,272,270,214,60
630,346,-151.923950,245,265,189,60
645,329,-159.150295,243,238,188,60
656,317,-157.166878,228,227,175,60
665,306,-157.078004,216,215,164,60
676,295,-154.413830,193,202,144,60
685,285,-155.656340,185,189,135,60
700,270,-153.657218,172,180,123,60
708,261,-153.898281,162,174,111,60
717,253,-149.407616,147,164,94,60
728,241,-157.529456,141,144,93,60
734,232,-162.199090,134,130,89,60
739,226,-166.003476,130,115,90,60
742,218,-158.014119,116,119,76,60
744,212,-164.400043,113,102,82,60
746,207,-165.866370,107,96,82,60
747,199,-176.808051,104,90,85,60
749,195,-174.983208,106,83,94,60
751,191,-171.792392,97,79,86,60
754,186,-164.659837,86,76,75,60
758,183,-157.529455,79,75,65,60
761,180,-148.933527,72,80,49,60
765,177,-140.170153,69,63,41,60
771,175,-128.708655,69,51,37,60
774,174,-117.050433,72,37,30,60
777,174,-102.254515,44,21,23,60
779,175,-86.454574,20,15,23,60
780,177,-62.378196,17,17,37,60
781,178,-47.535351,20,23,113,60
782,180,-28.751349,25,44,370,60
782,182,-17.089845,34,82,370,60
782,183,-7.921010,44,370,370,60
781,184,-1.477989,58,370,370,60
779,185,1.239525,63,370,370,60
778,186,6.722949,79,370,345,60
772,198,11.235480,94,370,324,60
767,204,18.025503,370,370,296,60
761,212,22.288026,370,370,266,60
751,221,30.059628,370,370,251,60
742,229,32.918617,370,370,227,60
723,244,31.840329,370,370,217,60
709,256,36.136090,370,344,197,60
695,267,32.199348,370,305,182,60
680,279,32.317064,370,297,164,60
659,296,32.024203,370,274,149,60
646,306,33.913498,370,224,133,60
632,316,32.348684,370,202,118,60
620,327,34.794450,370,174,100,60
602,340,34.289198,370,156,89,60
591,347,37.097992,370,128,76,60
583,355,29.006548,370,129,69,60
578,360,23.547348,370,152,66,60
575,364,16.141713,370,223,72,60
571,371,14.048988,370,242,71,60
569,376,7.710008,370,303,72,60
567,382,7.842151,370,370,75,60
564,392,2.984963,370,370,78,60
562,402,0.876516,370,370,78,60
562,410,0.474439,370,370,80,60
562,420,0.080319,370,370,82,60
563,434,-0.382925,370,370,82,60
565,446,-2.093794,370,370,87,60
567,454,-2.321424,370,370,90,60
571,464,-3.034968,370,370,100,60
574,473,-5.903091,370,370,116,60
582,487,-8.969623,370,367,134,60
586,494,-13.465144,370,359,149,60
593,503,-13.130172,370,351,180,60
601,512,-22.636847,370,355,233,60
610,522,-25.949824,370,361,343,60
629,539,-24.039187,370,338,329,60
648,558,-27.051436,370,334,310,60
668,577,-26.658155,370,305,295,60
680,589,-23.860214,370,296,278,60
699,608,-25.214792,370,270,259,60
711,620,-23.175625,370,247,243,60
729,637,-26.435239,370,235,221,60
740,649,-26.225156,370,221,209,60
756,665,-23.299730,370,207,199,60
766,675,-23.475918,370,194,189,60
775,685,-23.789727,370,176,173,60
788,699,-23.623936,370,165,165,60
796,707,-24.504012,370,156,154,60
804,715,-24.965046,370,145,140,60
812,723,-25.212796,362,137,131,60
820,732,-25.065588,336,127,121,60
831,744,-23.860924,293,116,114,60
838,752,-22.386650,264,107,106,60
845,759,-22.635184,228,95,94,60
852,765,-29.470527,264,94,89,60
856,769,-33.495764,338,95,83,60
860,771,-41.807600,370,107,80,60
863,772,-50.694885,370,129,83,60
866,773,-60.267341,370,173,89,60
872,773,-75.931869,370,268,100,60
876,773,-84.550984,370,370,120,60
883,773,-89.885411,370,370,141,60
891,772,-101.329239,370,370,183,60
901,770,-106.850824,370,370,212,60
909,767,-115.767729,370,370,353,60
920,763,-117.423791,370,370,364,60
934,758,-118.977359,370,370,347,60
960,748,-119.765668,370,370,324,60
978,742,-120.590444,370,350,307,60
995,735,-116.713592,370,325,292,60
1013,729,-118.892869,370,291,265,60
1039,720,-118.471548,370,270,247,60
1056,714,-118.193122,370,240,220,60
1071,709,-119.104129,370,225,204,60
1086,704,-116.884574,370,203,190,60
1107,697,-114.457050,370,186,175,60
1120,693,-114.238101,370,166,164,60
1133,690,-112.326235,344,149,152,60
1145,687,-110.354570,289,129,133,60
1161,683,-112.346827,292,120,118,60
1171,680,-112.856788,282,110,107,60
1180,677,-113.821477,238,95,93,60
1190,675,-110.560725,183,81,83,60
1197,672,-122.302782,268,83,76,60
1200,670,-129.844529,370,88,72,60
1202,668,-138.801939,370,101,72,60
1205,666,-144.731450,370,123,72,60
1207,663,-156.398070,370,154,76,60
1208,661,-164.174219,330,228,85,60
1208,660,-171.507281,296,370,100,60
1207,659,-172.517694,295,370,104,60
1208,651,-176.665290,295,370,114,60
1208,646,-175.846126,285,370,110,60
1208,631,136.694720,276,370,102,60
1206,623,178.443039,272,370,130,60
1203,608,175.985537,261,370,135,60
1200,602,169.569774,282,370,171,60
1194,589,171.062230,286,370,195,60
1186,571,170.212768,240,370,190,60
1177,554,158.674887,214,370,206,60
1169,538,158.914590,370,229,336,60
1161,522,165.342160,169,370,275,60
1148,497,159.394044,140,370,257,60
1141,483,169.915336,137,160,370,60
1133,468,162.988494,100,370,358,60
1122,444,160.698053,80,343,309,60
1116,430,161.573445,66,80,348,60
1109,417,170.965759,47,307,331,60
1103,390,169.184519,30,280,336,60
1104,386,-172.724785,59,276,223,60
1105,382,-177.624138,44,267,254,60
1109,371,-173.970151,52,262,241,60
1112,364,-169.755389,99,255,221,60
1118,355,-166.657381,282,247,199,60
1125,345,-159.376377,262,247,180,60
1133,338,-155.237463,238,269,154,60
1139,332,-148.359408,227,259,144,60
1146,327,-144.010605,220,222,133,60
1161,315,-144.952550,212,179,118,60
1172,307,-138.221741,199,155,103,60
1188,295,-143.818510,190,164,96,60
1197,287,-134.799067,180,108,76,60
1202,282,-142.686209,175,121,75,60
1207,277,-145.968707,169,124,72,60
1212,270,-157.198378,169,171,76,60
1215,264,-159.211565,169,161,78,60
1217,258,-165.793288,166,148,80,60
1218,251,-176.921196,180,139,96,60
1219,245,-177.653151,179,133,100,60
1218,240,167.325085,241,186,134,60
1217,230,176.917519,178,119,116,60
1216,226,175.782383,169,111,123,60
1214,219,174.414638,164,105,130,60
1209,207,171.774463,157,96,120,60
1206,201,168.877300,159,91,109,60
1203,196,167.265848,152,84,96,60
1199,189,166.807340,148,80,92,60
1196,184,164.043368,142,73,80,60
1192,181,147.757986,178,75,75,60
1190,180,147.127479,223,84,72,60
1186,177,136.376214,212,94,71,60
1182,176,126.478344,206,108,72,60
1179,176,118.780048,206,156,79,60
1177,176,107.658151,144,204,92,60
1176,177,82.412856,125,192,152,60
1176,178,68.064184,370,128,210,60
1172,179,66.797514,370,121,203,60
1165,181,56.995508,370,105,189,60
1157,185,49.153581,370,98,183,60
1149,189,48.433344,370,91,175,60
1142,192,53.615365,370,79,165,60
1131,198,50.265075,370,70,157,60
1127,200,44.723947,370,63,125,60
1125,203,37.631303,370,64,78,60
1123,205,28.941162,370,71,65,60
1120,209,19.570533,370,85,58,60
1119,212,13.463730,370,370,56,60
1118,215,8.929384,323,370,56,60
1118,216,4.189341,274,370,59,60
1119,217,0.316352,251,370,63,60
1119,225,0.071042,247,370,62,60
1119,233,-0.094418,247,370,61,60
1120,242,-0.429827,244,370,62,60
1123,256,-2.512386,234,370,68,60
1126,267,-3.574885,224,370,85,60
1129,274,-6.942723,204,370,370,60
1136,288,-10.631354,192,370,370,60
1141,294,-16.305963,172,370,370,60
1147,302,-19.276223,152,370,370,60
1157,314,-19.923974,140,370,370,60
1168,328,-20.135839,127,335,370,60
1186,349,-19.613701,114,307,370,60
1198,363,-19.152668,102,274,370,60
1215,384,-19.286153,83,231,370,60
1228,401,-16.306840,66,187,370,60
1232,408,-12.781987,66,234,370,60
1237,417,-10.479785,62,278,370,60
1241,427,-4.900133,65,370,370,60
1243,437,-3.188530,66,370,370,60
1244,444,-0.833710,69,370,370,60
1245,455,-0.133530,69,370,370,60
1245,465,0.184024,69,370,370,60
1243,481,1.120615,72,369,370,60
1241,489,2.699633,80,355,370,60
1235,506,5.152734,89,344,370,60
1232,513,9.378280,114,336,370,60
1226,523,11.468445,133,328,370,60
1219,534,18.871709,176,330,370,60
1207,546,25.160581,241,327,370,60
1201,551,32.484224,305,352,370,60
1192,559,35.392262,295,356,370,60
1179,568,37.019320,285,353,370,60
1159,582,37.907362,275,344,370,60
1144,592,39.167033,265,336,370,60
1129,602,39.626167,250,323,370,60
1107,618,40.692677,238,312,370,60
1092,628,40.638074,223,294,370,60
1070,642,39.753410,213,278,370,60
1049,656,40.898083,199,260,370,60
1035,665,41.917858,190,253,370,60
1021,673,42.717861,179,243,370,60
1009,681,44.350730,171,240,370,60
989,693,45.345833,164,233,370,60
970,704,43.917630,157,219,370,60
958,711,43.264800,145,200,370,60
946,718,44.875341,134,190,370,60
935,724,46.589025,130,188,370,60
919,733,48.200160,124,184,370,60
908,738,47.355069,117,174,370,60
897,744,49.138344,110,168,370,60
884,751,52.799731,106,164,361,60
877,753,59.362526,107,191,357,60
869,756,62.551382,109,224,354,60
864,757,71.993905,120,338,369,60
853,758,83.367978,131,332,370,60
843,757,97.744468,180,315,370,60
833,755,105.332060,213,309,370,60
826,752,114.532042,314,323,370,60
816,749,118.948539,298,326,370,60
796,740,122.511359,281,321,370,60
781,734,122.803854,265,308,370,60
758,724,120.932813,243,279,370,60
743,717,123.010570,226,260,370,60
727,711,121.720048,203,232,370,60
705,702,122.897809,188,218,370,60
692,696,125.106728,165,199,370,60
673,687,124.946461,152,187,370,60
660,681,125.322710,140,172,370,60
649,676,123.924190,123,145,370,60
639,671,124.457110,111,134,370,60
623,664,127.056128,102,123,370,60
614,660,127.868162,90,111,370,60
609,656,137.111670,85,123,370,60
601,650,146.889087,80,130,370,60
598,646,154.618917,86,185,370,60
595,641,158.411158,87,214,370,60
592,637,163.749433,90,279,370,60
589,630,165.295541,89,303,370,60
587,623,169.964901,93,370,370,60
584,614,173.359555,94,370,370,60
584,607,177.383978,102,370,370,60
584,592,-143.844818,104,370,365,60
585,585,-177.892590,152,370,353,60
587,573,-174.832024,134,370,357,60
590,564,-173.954268,141,370,350,60
597,549,-169.542457,154,370,343,60
604,533,-168.904775,189,370,314,60
615,509,-169.872784,189,370,295,60
623,492,-168.049292,216,370,281,60
630,475,-168.593047,237,368,237,60
638,458,-168.017834,258,351,213,60
650,433,-162.229009,268,333,206,60
659,416,-160.236441,288,317,193,60
667,399,-167.023074,329,308,171,60
675,382,-160.448773,299,283,155,60
686,359,-163.884180,306,257,165,60
694,344,-169.533259,285,241,155,60
702,329,-167.875807,255,219,138,60
709,315,-164.486474,231,208,123,60
720,296,-160.869431,217,194,116,60
726,283,-169.609741,207,179,113,60
733,272,-156.600885,197,166,109,60
736,264,-160.799865,169,166,86,60
739,257,-165.115105,165,148,89,60
741,248,-167.352932,158,137,90,60
743,238,-167.125053,147,131,85,60
743,234,-173.554036,148,123,93,60
743,228,135.021620,154,116,104,60
742,223,169.878932,189,110,131,60
740,215,166.427712,197,107,121,60
738,212,168.130064,185,102,118,60
736,206,161.152035,206,97,103,60
732,200,161.732271,192,91,97,60
730,195,163.657580,169,85,93,60
725,190,153.348764,206,85,85,60
723,187,146.962084,207,91,79,60
718,185,137.863666,196,104,78,60
715,183,128.933128,190,113,79,60
712,182,122.237805,186,149,83,60
709,181,115.937003,188,188,87,60
704,181,105.749609,193,183,96,60
698,180,102.439769,196,173,104,60
693,180,91.590506,216,159,127,60
683,180,85.735318,220,152,140,60
678,181,73.173144,261,149,176,60
672,183,68.491141,347,150,152,60
663,185,65.325192,370,145,141,60
654,187,65.175021,354,135,131,60
639,191,65.138446,337,125,120,60
629,193,65.253044,298,113,110,60
619,195,69.479270,210,93,96,60
609,198,68.614700,190,83,85,60
601,200,60.370979,204,79,76,60
595,202,57.034447,264,79,71,60
592,204,45.878727,370,91,66,60
589,206,37.507127,370,109,68,60
586,209,27.272288,370,134,71,60
586,211,21.401062,370,180,76,60
587,211,10.144886,370,370,93,60
588,210,2.655777,370,370,109,60
588,216,1.521879,370,370,114,60
588,221,-0.007496,370,370,118,60
588,229,-0.177300,370,370,118,60
591,242,-2.217480,370,370,128,60
595,257,-4.503464,370,370,137,60
598,263,-6.932873,370,370,149,60
603,273,-9.526964,370,370,178,60
611,286,-9.977295,370,370,195,60
619,302,-10.624324,370,370,213,60
633,327,-11.346126,370,370,228,60
641,344,-10.993458,370,370,238,60
651,361,-10.973490,370,370,272,60
665,386,-10.478736,370,370,286,60
674,403,-10.207174,370,370,306,60
682,420,-10.760850,370,370,324,60
691,437,-10.878448,370,370,341,60
705,462,-10.269713,370,370,351,60
714,480,-9.539013,370,370,361,60
722,497,-9.500910,370,352,370,60
731,513,-9.237219,370,336,370,60
743,539,-9.641726,370,317,370,60
751,556,-9.030461,370,292,355,60
763,580,-8.160565,370,276,337,60
774,604,-7.219476,370,250,312,60
780,619,-6.611271,370,234,293,60
786,634,-6.835912,351,220,276,60
792,648,-7.558696,321,198,247,60
797,661,-7.312256,299,185,231,60
805,680,-6.062674,272,171,217,60
809,691,-5.268313,250,160,206,60
813,702,-4.843342,220,143,185,60
818,718,-4.419508,200,131,172,60
822,729,-4.513577,186,121,158,60
825,739,-4.526581,161,105,138,60
829,750,-5.085338,147,94,123,60
834,764,-5.855875,134,86,110,60
837,772,-5.700206,120,77,97,60
840,780,-5.966450,102,65,82,60
843,786,-10.627017,100,60,73,60
845,789,-15.909896,114,58,65,60
847,791,-20.678825,131,59,61,60
850,793,-26.849799,169,60,58,60
853,795,-37.395336,278,65,55,60
854,795,-50.661821,370,80,58,60
854,794,-67.894007,370,124,66,60
854,793,-93.743361,370,338,87,60
853,792,-110.821141,370,370,172,60
852,791,-128.719067,370,370,370,60
851,791,-145.775047,370,370,370,60
860,782,-147.398888,370,370,370,60
871,772,-150.250091,370,370,370,60
890,752,-154.156088,370,370,370,60
903,739,-154.227299,370,370,370,60
915,726,-147.812596,370,370,370,60
928,712,-153.557295,370,370,370,60
948,692,-148.775492,370,370,357,60
961,680,-153.904150,357,370,336,60
982,660,-149.904905,240,370,309,60
995,647,-144.752037,230,370,303,60
1009,634,-149.948301,203,370,279,60
1029,615,-150.558541,189,370,266,60
1043,602,-149.301885,176,370,243,60
1064,584,-147.938558,171,370,230,60
1078,571,-149.759451,171,370,214,60
1092,558,-148.552376,178,358,192,60
1106,546,-148.526637,195,330,178,60
1128,528,-147.887593,370,259,157,60
1142,515,-148.273567,370,231,141,60
1156,504,-147.897880,370,229,125,60
1175,488,-144.319145,370,198,111,60
1187,479,-136.908112,370,129,87,60
1204,467,-141.737854,365,129,79,60
1214,459,-138.951209,357,107,66,60
1220,454,-142.600890,350,89,58,60
1227,447,-150.425872,344,93,54,60
1229,443,-161.218354,361,148,59,60
1229,441,-170.020418,370,332,72,60
1229,439,-175.814729,370,325,82,60
1227,436,169.401686,172,331,131,60
1225,427,174.062633,168,326,140,60
1223,419,169.180640,202,306,120,60
1217,406,162.091339,188,300,131,60
1211,392,157.920043,135,299,231,60
1204,377,160.230246,133,281,235,60
1197,365,165.300509,168,261,193,60
1191,356,163.639903,149,256,216,60
1178,338,153.773412,142,240,258,60
1170,326,162.721595,235,229,245,60
1162,314,154.280729,103,224,213,60
1154,302,163.268450,214,198,212,60
1142,284,154.238245,206,184,199,60
1135,274,158.642833,185,173,176,60
1131,267,169.257934,204,155,183,60
1126,256,161.010582,190,151,168,60
1122,246,172.001951,182,143,155,60
1118,236,172.371360,197,123,151,60
1115,226,173.943229,176,112,142,60
1109,211,169.545817,162,102,128,60
1105,201,174.038687,137,87,110,60
1100,187,172.506488,127,78,97,60
1096,179,170.888008,149,73,78,60
1093,174,168.601676,107,61,72,60
1091,170,161.417249,116,60,66,60
1087,167,154.324235,127,61,58,60
1084,165,145.439640,114,67,56,60
1080,163,129.038403,104,81,58,60
1078,164,101.455887,103,103,73,60
1077,165,80.235654,71,93,114,60
1077,166,60.806145,61,86,100,60
1078,168,34.626299,78,57,103,60
1078,169,20.360124,370,54,75,60
1077,172,14.161321,370,59,59,60
1075,178,7.948302,370,58,51,60
1074,180,4.537805,354,62,48,60
1074,184,1.865499,323,71,44,60
1075,187,-0.029031,312,77,44,60
1076,188,-2.304410,305,84,42,60
1077,189,-9.406087,262,370,48,60
1078,188,-27.397249,226,370,59,60
1078,187,-44.104699,200,336,370,60
1078,186,-62.765820,197,215,370,60
1084,187,-69.105445,199,195,370,60
1096,188,-79.657597,202,176,326,60
1106,189,-83.345027,173,164,264,60
1117,190,-83.980863,171,148,233,60
1134,191,-83.193705,172,137,221,60
1146,191,-79.794611,158,125,199,60
1162,192,-85.241326,141,107,164,60
1172,192,-89.570099,128,92,131,60
1188,193,-85.603317,106,81,125,60
1197,193,-82.732264,85,68,109,60
1209,194,-79.936260,75,60,94,60
1214,195,-70.314183,62,56,111,60
1218,197,-58.377270,54,57,158,60
1220,198,-52.854128,51,63,360,60
1226,203,-34.707275,51,78,370,60
1228,205,-24.947018,55,107,370,60
1228,206,-14.520911,68,224,370,60
1227,207,-2.851407,83,370,370,60
1226,208,-0.070669,94,370,370,60
1224,208,1.935994,103,370,370,60
1221,217,5.262576,111,370,370,60
1218,223,9.436866,128,370,195,60
1212,232,12.392643,162,370,158,60
1204,244,20.304728,214,370,135,60
1196,253,23.091173,268,370,123,60
1185,265,24.498933,327,370,109,60
1172,279,23.892700,370,370,92,60
1154,298,22.671258,370,370,83,60
1149,306,17.009872,355,370,89,60
1143,315,13.206749,300,370,370,60
1137,328,8.130740,274,370,370,60
1132,339,6.871810,268,370,370,60
1128,351,2.926240,254,370,370,60
1126,363,1.829130,247,370,370,60
1123,378,1.404316,247,370,370,60
1120,396,1.244534,252,370,370,60
1117,414,1.110379,255,370,370,60
1113,442,0.962894,259,370,370,60
1110,461,1.246321,264,370,370,60
1106,479,1.313508,269,370,370,60
1104,498,1.386452,276,346,370,60
1098,526,1.576161,283,327,370,60
1095,545,1.395378,288,309,370,60
1091,563,1.573340,296,281,370,60
1086,589,1.947544,302,264,370,60
1082,605,2.182879,313,239,351,60
1077,629,2.913327,302,223,330,60
1073,644,2.966546,278,207,307,60
1069,658,2.794147,251,186,276,60
1065,671,2.745400,233,173,257,60
1062,684,3.063527,214,160,238,60
1057,701,3.999307,197,149,227,60
1053,711,4.602245,182,138,210,60
1050,721,4.673181,168,129,197,60
1047,730,5.325687,148,115,178,60
1041,744,7.031056,134,106,169,60
1037,753,7.399014,116,94,155,60
1034,762,6.891033,104,83,133,60
1030,770,6.346051,94,75,118,60
1026,780,7.972060,86,68,109,60
1023,783,13.217988,76,64,110,60
1020,786,19.897426,69,64,131,60
1017,788,27.964768,62,67,197,60
1012,791,40.053423,59,72,369,60
1009,793,52.264557,62,89,370,60
1006,793,67.732346,75,175,370,60
1003,792,84.183558,100,370,370,60
1001,791,112.875991,173,370,370,60
999,789,126.133245,370,370,370,60
990,784,134.373449,370,370,350,60
981,775,143.137540,370,370,351,60
971,766,144.675497,370,370,347,60
959,755,146.721157,370,370,330,60
946,742,146.421234,370,370,313,60
933,730,146.756554,370,370,299,60
914,710,153.865210,370,370,288,60
901,697,153.783984,370,370,275,60
887,684,147.114108,370,370,266,60
874,671,145.954171,360,370,261,60
855,651,148.541745,350,370,252,60
842,637,148.816596,345,370,240,60
829,623,152.160020,324,370,240,60
816,610,149.617763,306,370,278,60
797,589,148.569156,300,370,259,60
784,575,149.610845,282,370,251,60
772,561,149.261961,274,370,238,60
759,547,154.790006,257,370,228,60
740,526,149.796365,243,370,272,60
728,512,147.379435,231,370,298,60
716,497,148.747561,202,370,370,60
703,483,151.997053,193,370,370,60
685,461,149.790035,186,370,370,60
673,447,149.534621,164,308,353,60
660,432,151.753941,148,297,334,60
648,418,147.638442,131,242,314,60
632,397,151.557813,121,232,302,60
621,383,151.119636,107,212,282,60
611,371,152.743881,103,216,278,60
603,359,155.114632,92,202,262,60
596,347,162.017038,94,249,266,60
591,339,163.510310,87,231,254,60
589,333,167.509905,92,229,258,60
586,321,169.883498,92,216,250,60
585,314,171.049892,94,202,247,60
584,301,172.781196,92,193,233,60
585,295,-171.581015,154,184,281,60
587,282,-177.767208,142,174,283,60
589,277,-175.163936,135,163,250,60
591,273,-173.453610,145,159,254,60
596,259,-171.444530,161,146,241,60
616,220,-168.960212,162,146,243,60
620,210,-171.203937,127,108,189,60
624,200,-171.532297,106,86,144,60
629,191,-163.137532,87,80,159,60
636,177,-169.934835,83,68,116,60
640,169,-167.799671,76,63,109,60
644,164,-164.062208,58,52,102,60
649,160,-150.925777,52,55,151,60
651,158,-145.878091,49,58,159,60
660,156,-109.448258,63,148,147,60
661,157,-91.674318,96,133,179,60
662,159,-61.750719,148,141,370,60
662,159,-51.565459,140,176,370,60
669,164,-40.245924,138,370,370,60
678,174,-29.840165,137,370,370,60
683,178,-25.841064,135,370,370,60
700,195,-25.267631,118,370,370,60
718,214,-25.064125,106,370,370,60
731,228,-24.336331,93,370,370,60
744,241,-25.327158,72,370,370,60
755,255,-17.716421,68,370,370,60
762,266,-14.808721,130,370,370,60
767,275,-9.054923,370,370,370,60
773,289,-6.096798,370,370,370,60
775,297,-2.870453,370,370,370,60
777,308,-1.478886,370,370,370,60
781,332,-1.010047,370,370,370,60
783,350,-1.037331,370,370,370,60
786,369,-0.884401,370,370,370,60
788,387,-0.796793,370,370,370,60
792,415,-0.649819,370,370,370,60
794,434,-0.627355,370,370,370,60
798,462,-0.727985,370,370,370,60
800,481,-0.554021,370,370,370,60
802,500,-0.495398,370,344,370,60
804,519,-0.425448,370,325,370,60
806,538,-0.295500,370,306,370,60
808,565,-0.333621,370,288,370,60
810,583,-0.402824,370,270,370,60
811,600,-0.290932,345,244,343,60
813,625,-0.191840,323,228,320,60
813,640,-0.164495,300,212,298,60
814,655,-0.018366,266,189,266,60
815,669,-0.013197,247,175,247,60
815,682,-0.062852,228,162,228,60
816,700,-0.133181,212,150,212,60
816,712,-0.123779,195,138,195,60
817,723,-0.087910,171,121,171,60
817,740,-0.085719,154,109,154,60
817,751,-0.016099,131,93,131,60
817,766,-0.002302,116,82,116,60
817,775,0.014158,97,69,97,60
817,788,0.086068,85,60,85,60
816,796,0.104026,72,51,72,60
815,800,1.155483,61,44,63,60
814,803,3.014263,55,41,61,60
813,806,6.606862,49,38,61,60
810,808,15.886654,44,37,66,60
809,808,27.657202,41,39,89,60
808,808,48.415651,44,59,283,60
807,807,69.861140,54,104,286,60
806,806,88.024630,78,276,333,60
805,805,105.542235,151,281,370,60
804,804,123.609457,281,327,370,60
801,801,139.758845,279,370,370,60
794,795,142.215167,276,370,370,60
784,787,143.027525,258,365,370,60
772,777,143.809693,252,370,370,60
751,759,144.312490,240,370,370,60
737,747,143.919773,223,363,370,60
723,735,146.672763,206,367,370,60
709,723,144.423608,190,323,370,60
688,704,145.484938,175,293,370,60
674,692,144.113425,164,281,370,60
661,680,144.114745,148,252,370,60
649,669,145.271916,130,223,370,60
631,652,145.219354,117,197,370,60
620,642,145.527309,107,189,370,60
610,633,148.859102,93,173,370,60
598,620,154.790337,89,192,370,60
594,614,157.387856,85,203,370,60
587,604,160.998048,82,206,370,60
585,599,164.839848,83,262,370,60
582,592,168.219913,86,342,370,60
580,584,173.178158,90,370,370,60
579,575,175.571349,93,370,370,60
578,568,-171.793742,370,354,370,60
579,552,-178.969446,114,370,326,60
581,544,-177.812759,111,370,334,60
584,533,-172.732883,135,370,306,60
589,518,-173.180781,144,370,293,60
593,508,-170.271196,162,370,283,60
601,493,-167.895479,171,370,271,60
609,474,-143.600100,241,370,286,60
621,454,-163.285273,226,357,235,60
629,437,-168.072674,240,340,227,60
638,421,-166.982838,264,315,212,60
652,397,-167.884700,282,298,200,60
661,381,-167.632260,310,288,179,60
670,366,-157.773067,307,266,180,60
683,344,-163.700679,279,243,165,60
695,324,-166.060665,254,222,148,60
704,310,-164.305228,224,217,125,60
712,298,-162.515219,207,194,116,60
724,280,-165.604155,199,178,111,60
731,269,-164.468261,178,161,97,60
741,255,-164.472006,165,151,87,60
744,249,-166.495401,151,150,76,60
748,242,-161.918729,145,135,76,60
751,235,-172.111568,137,129,71,60
753,227,-165.197194,137,118,76,60
754,222,-173.707705,135,108,85,60
755,216,-170.015704,124,103,78,60
755,209,-172.864601,118,98,79,60
755,203,166.683304,183,93,102,60
754,197,170.432411,151,85,100,60
753,193,167.835391,144,80,93,60
751,190,165.809796,148,78,89,60
750,188,163.215167,157,78,85,60
747,184,158.151135,195,79,78,60
745,182,152.867223,197,77,76,60
742,180,145.089800,224,87,72,60
739,178,138.755143,216,93,71,60
734,176,125.609663,210,113,73,60
731,175,115.125174,210,156,79,60
728,176,102.601041,228,200,99,60
727,177,79.334855,281,193,134,60
726,177,60.553190,370,209,213,60
718,181,51.734806,370,234,196,60
714,184,46.359053,370,251,189,60
707,188,43.413006,370,260,185,60
697,194,40.940668,370,268,179,60
687,200,41.445496,370,246,164,60
669,211,40.804904,370,217,149,60
657,219,41.537758,370,201,134,60
639,230,42.333787,370,185,121,60
627,237,41.984166,370,159,109,60
616,243,42.973999,370,134,92,60
606,249,44.761591,370,115,80,60
599,253,39.643222,370,117,76,60
589,260,37.075214,370,116,71,60
586,263,27.708402,370,132,71,60
581,268,23.098308,370,155,71,60
578,272,16.950575,370,217,73,60
574,279,15.832190,370,231,72,60
572,283,7.721763,370,370,79,60
568,294,6.446939,370,370,76,60
567,300,2.214056,370,370,83,60
565,309,0.679805,370,370,85,60
565,322,0.081838,370,370,85,60
565,334,0.018717,370,370,86,60
567,345,-0.606815,370,370,89,60
