621,751,-177.664473,180,370,370,60
621,751,-178.328222,173,370,370,60
621,749,-174.882115,185,370,370,60
622,740,-175.357890,185,370,370,60
624,717,-173.903188,203,370,370,60
625,699,-174.280789,197,370,370,60
626,680,-172.027696,207,370,370,60
628,652,-174.637498,212,370,370,60
629,633,-173.677054,206,370,347,60
631,605,-177.428347,217,370,334,60
633,587,-175.258297,204,370,317,60
635,558,-177.940146,203,370,310,60
637,539,-170.638868,235,370,286,60
639,511,-174.911165,216,370,279,60
641,492,-171.725827,207,370,243,60
643,473,-176.222233,268,370,259,60
645,455,-171.766070,243,344,217,60
649,426,-165.459446,258,326,209,60
651,407,-165.745978,299,302,193,60
654,379,-171.492128,278,280,199,60
657,362,-169.620347,285,262,195,60
660,345,-167.551762,274,236,186,60
662,328,-165.485964,248,221,179,60
666,305,-166.285305,235,204,180,60
669,290,-171.895465,224,186,186,60
671,276,-170.685784,197,164,180,60
675,256,-166.375268,172,154,165,60
677,245,-175.969519,172,130,192,60
682,227,-175.042903,147,120,172,60
684,217,-165.814675,141,107,164,60
687,206,-168.223950,117,100,159,60
690,192,-173.400433,99,84,151,60
692,183,-173.962732,93,72,113,60
693,174,-176.567564,83,63,96,60
694,170,-176.807609,73,55,82,60
697,165,-172.766267,63,51,82,60
702,157,-163.059323,52,46,87,60
705,155,-155.546823,47,46,103,60
707,154,-149.995407,45,50,106,60
714,152,-107.674485,56,95,89,60
716,153,-88.229666,82,80,102,60
718,155,-59.028052,86,85,370,60
718,155,-48.140729,83,112,370,60
717,157,-22.434706,103,370,370,60
716,159,-3.797735,133,370,348,60
715,160,-0.114218,152,370,299,60
713,161,2.779865,164,370,285,60
711,171,3.550373,370,370,274,60
705,192,4.158533,370,370,266,60
700,210,3.730921,370,370,262,60
695,228,3.948112,370,370,250,60
687,256,3.617507,370,370,244,60
681,274,3.590375,370,370,238,60
676,293,3.710068,370,370,226,60
671,311,3.746255,370,370,219,60
666,329,4.255699,370,370,210,60
657,356,4.209501,370,370,202,60
651,375,5.033017,370,370,188,60
643,402,4.293347,370,370,185,60
637,420,4.346899,370,370,176,60
632,439,4.975035,370,370,164,60
622,466,4.938228,370,370,155,60
616,484,4.527936,370,370,144,60
610,502,5.476773,370,353,138,60
603,520,4.831548,370,325,125,60
594,547,5.267070,370,308,116,60
588,564,6.075259,370,290,111,60
581,581,4.882003,343,264,97,60
573,604,4.580525,314,248,86,60
570,613,2.094651,314,231,87,60
568,628,0.497712,306,220,89,60
568,635,0.007452,295,209,90,60
568,643,-0.000167,283,201,90,60
570,655,-1.152590,279,193,94,60
572,663,-2.696837,268,181,103,60
575,669,-7.271068,275,177,114,60
580,678,-9.271550,290,175,128,60
583,683,-13.017724,303,166,161,60
587,689,-15.995047,323,163,178,60
593,695,-26.888055,370,166,168,60
600,700,-30.146492,370,174,157,60
607,706,-32.084536,370,170,149,60
615,713,-31.285328,370,158,140,60
628,724,-30.586133,370,146,133,60
637,731,-27.703024,370,132,121,60
645,739,-29.188689,370,125,113,60
653,746,-29.415323,370,117,106,60
664,756,-28.116507,336,108,99,60
672,761,-35.759109,370,109,92,60
677,764,-40.876030,370,115,87,60
681,766,-50.830104,370,139,89,60
685,766,-63.263444,370,204,99,60
691,767,-76.437823,370,346,111,60
697,767,-84.175988,370,370,127,60
701,766,-97.266775,370,370,179,60
714,764,-104.598635,370,370,192,60
721,762,-115.042086,370,370,269,60
732,758,-120.565041,370,370,370,60
755,748,-122.229239,370,370,370,60
772,741,-122.688859,370,370,370,60
789,734,-123.104838,358,370,370,60
806,727,-123.505078,345,370,370,60
833,717,-121.961879,313,370,370,60
851,710,-122.194383,299,370,370,60
868,703,-120.913669,289,370,370,60
886,696,-117.165721,286,370,370,60
912,687,-120.163178,272,370,370,60
930,681,-119.274016,283,370,361,60
948,675,-115.107670,290,370,341,60
966,669,-116.673010,370,337,316,60
993,660,-116.165929,370,316,298,60
1011,655,-116.967913,370,297,281,60
1036,647,-116.013926,370,270,252,60
1053,643,-115.014599,370,236,227,60
1076,636,-113.048837,370,216,212,60
1092,632,-110.938468,370,187,190,60
1106,629,-109.477037,369,169,176,60
1120,626,-109.884153,341,155,161,60
1138,622,-110.823223,316,142,147,60
1149,619,-111.745158,313,132,133,60
1160,616,-110.874326,283,121,121,60
1171,614,-109.140077,237,106,110,60
1182,611,-110.163941,199,89,92,60
1195,608,-108.257402,175,79,83,60
1200,606,-115.879096,190,75,73,60
1203,604,-126.079063,370,82,68,60
1206,602,-133.794506,370,92,66,60
1210,599,-147.632594,370,111,68,60
1210,597,-160.908030,370,145,73,60
1210,596,-166.184501,274,318,90,60
1209,596,-177.845076,245,370,113,60
1207,596,174.496738,370,236,370,60
1205,588,170.908431,251,370,157,60
1203,582,174.215456,235,370,148,60
1198,571,165.941701,230,370,159,60
1192,558,171.288114,212,370,180,60
1180,534,168.067277,214,370,248,60
1173,518,169.733085,172,370,209,60
1165,501,160.227035,155,370,316,60
1157,484,159.052499,135,370,361,60
1145,459,167.390124,109,359,262,60
1137,442,156.364422,93,363,365,60
1129,425,170.264157,69,315,293,60
1122,408,171.807095,56,297,300,60
1116,392,169.234178,51,282,279,60
1113,380,176.647023,45,266,275,60
1112,368,179.321295,49,257,261,60
1111,358,178.133713,31,257,292,60
1112,350,-178.888842,269,241,221,60
1114,336,-177.212226,228,226,250,60
1116,330,-175.400100,247,219,234,60
1119,321,-173.942507,262,212,223,60
1124,309,-163.650600,221,203,183,60
1129,298,-158.503298,202,199,168,60
1135,281,-160.442589,195,183,169,60
1139,270,-160.853219,190,164,179,60
1143,259,-162.487819,172,156,166,60
1149,242,-165.124339,157,138,164,60
1153,231,-173.856243,142,127,157,60
1157,220,-174.665675,135,106,168,60
1160,210,-161.673327,107,102,140,60
1166,194,-163.048406,90,84,135,60
1170,180,-165.936206,85,72,128,60
1173,172,-175.848847,75,57,89,60
1175,166,-173.764243,65,51,82,60
1178,162,-168.647503,58,49,86,60
1182,157,-152.493372,48,51,103,60
1185,154,-152.543765,45,48,100,60
1194,151,-112.452190,56,81,78,60
1196,152,-91.740293,89,68,92,60
1199,154,-59.593227,75,72,162,60
1200,156,-42.721306,72,81,295,60
1200,157,-26.661412,79,139,370,60
1200,157,-18.916826,93,258,370,60
1198,159,-0.504989,128,370,179,60
1198,162,0.082063,135,370,171,60
1197,170,0.214206,137,370,168,60
1195,182,1.823562,141,370,166,60
1193,192,2.909535,152,370,155,60
1186,215,2.942818,159,370,152,60
1181,233,3.325564,166,370,157,60
1177,251,3.318554,175,370,370,60
1171,270,2.991383,186,370,370,60
1166,287,3.062471,193,370,370,60
1158,315,3.373589,203,370,370,60
1153,333,3.629519,216,370,370,60
1147,352,4.072104,227,370,370,60
1139,379,4.108130,235,370,370,60
1133,398,3.970351,248,370,370,60
1124,425,4.628252,261,370,370,60
1118,442,4.913441,271,370,370,60
1112,460,5.189263,288,370,370,60
1102,487,5.357443,299,368,370,60
1096,505,4.898345,310,340,370,60
1086,532,5.381868,321,322,370,60
1079,550,5.552096,334,304,370,60
1070,576,6.134497,354,279,370,60
1063,592,6.576416,331,262,370,60
1057,608,6.451392,302,238,370,60
1048,630,5.886887,285,222,348,60
1042,644,6.434089,266,208,329,60
1036,658,6.761969,237,188,300,60
1028,677,7.285652,219,175,282,60
1023,689,8.011577,203,163,264,60
1018,700,8.595941,179,146,243,60
1010,715,8.991061,165,135,226,60
1005,725,8.655029,154,126,209,60
1001,735,8.110218,142,115,190,60
996,744,8.780663,131,106,176,60
992,753,9.644048,111,93,157,60
985,765,10.437546,102,85,147,60
981,773,10.777973,86,73,127,60
976,780,11.620981,78,66,117,60
972,787,20.008494,69,63,125,60
968,790,27.713301,62,64,166,60
964,792,36.145737,59,68,259,60
961,794,46.279921,59,84,370,60
957,794,64.762137,65,118,370,60
955,794,81.521295,79,221,370,60
955,793,101.588938,152,370,370,60
955,792,128.336836,370,370,370,60
954,790,135.703623,370,370,370,60
947,785,139.007796,370,370,354,60
930,772,139.266786,370,370,345,60
915,761,139.487002,370,370,341,60
901,750,139.604786,370,370,337,60
886,739,139.441361,362,370,340,60
864,722,139.766301,348,370,341,60
849,711,140.034146,333,370,370,60
835,699,141.429936,313,370,362,60
812,682,141.185586,298,370,351,60
797,670,140.678306,275,370,370,60
783,659,139.965227,261,370,370,60
761,641,140.345888,244,370,370,60
746,630,143.350042,226,370,370,60
724,612,140.901136,209,327,370,60
709,600,140.097309,193,299,370,60
695,589,142.032134,179,280,370,60
681,578,141.333236,159,252,370,60
661,562,140.501244,145,228,370,60
648,551,139.202518,133,205,370,60
637,542,141.721260,124,225,370,60
625,532,146.873880,106,188,370,60
610,519,143.474052,94,159,370,60
601,511,146.024982,85,146,370,60
595,505,151.643676,80,159,370,60
590,498,155.157284,78,171,370,60
586,491,159.707401,79,200,370,60
582,485,165.239684,79,227,370,60
581,480,170.248385,83,310,370,60
580,473,169.525322,86,364,370,60
579,465,173.082226,92,355,370,60
579,456,-172.734254,142,348,289,60
580,448,-174.735274,121,334,314,60
584,432,-176.505248,116,323,327,60
587,424,-172.980399,140,311,296,60
593,409,-171.558257,148,303,289,60
598,402,-167.656945,171,296,269,60
603,393,-165.637733,209,294,248,60
612,382,-162.574212,250,281,228,60
620,369,-163.458910,259,266,221,60
634,350,-162.310946,274,254,209,60
644,338,-161.360574,257,244,195,60
653,326,-159.889103,240,234,179,60
667,308,-160.650422,223,212,168,60
676,297,-161.071904,212,200,159,60
685,286,-153.174837,197,189,147,60
694,275,-159.704840,178,173,131,60
703,265,-154.212568,162,170,114,60
715,252,-156.280086,155,155,110,60
723,243,-148.088762,142,151,97,60
731,235,-154.819255,130,136,85,60
738,226,-162.450350,127,124,85,60
742,220,-157.261662,124,114,86,60
744,215,-168.022003,123,105,89,60
747,209,-171.738507,116,96,89,60
748,204,-167.254970,106,92,82,60
750,196,-170.672559,99,86,80,60
751,191,-175.907153,106,78,97,60
753,188,-173.938107,99,75,92,60
756,182,-167.692662,80,73,69,60
759,179,-162.240058,78,70,66,60
762,176,-155.713221,68,70,54,60
765,174,-147.925010,65,75,44,60
769,172,-140.142004,65,56,37,60
773,170,-129.783814,66,36,28,60
780,169,-104.063244,42,18,18,60
783,170,-77.062315,16,12,18,60
784,171,-56.869582,16,17,63,60
784,173,-32.331649,21,32,370,60
784,174,-24.478859,30,66,370,60
783,175,-9.322202,39,370,370,60
781,176,-2.030390,45,370,370,60
781,176,0.144286,61,370,370,60
780,176,2.567370,63,370,370,60
776,186,5.331356,75,370,357,60
773,193,9.452163,94,370,324,60
765,207,12.693962,370,370,312,60
760,214,18.569773,370,370,285,60
753,223,21.950941,370,370,258,60
743,233,32.374861,370,370,237,60
735,240,33.859028,370,370,223,60
716,254,35.563164,370,335,197,60
694,271,37.559149,370,334,185,60
679,282,34.274116,370,271,165,60
663,293,35.342912,370,243,144,60
649,304,36.695474,370,212,128,60
628,318,39.079571,370,181,113,60
616,327,39.324318,370,180,103,60
604,335,37.440622,370,135,83,60
589,344,39.155867,370,109,71,60
584,348,34.433013,370,111,66,60
579,353,31.496476,370,113,61,60
576,356,21.258269,370,158,65,60
576,358,13.426193,370,213,72,60
576,359,5.101123,370,370,85,60
578,359,0.091785,370,370,102,60
578,365,-0.034889,370,370,104,60
579,370,-1.164246,370,370,109,60
581,377,-1.477545,370,370,113,60
585,390,-5.949899,370,370,128,60
591,401,-8.654445,370,370,142,60
595,408,-11.981072,370,370,176,60
604,422,-14.377257,370,370,204,60
614,436,-15.681924,370,370,230,60
624,451,-17.159201,370,370,274,60
635,466,-16.907232,370,370,296,60
651,489,-16.762636,370,370,319,60
662,504,-16.603307,370,356,348,60
679,527,-15.764339,370,338,365,60
689,543,-15.701925,370,314,345,60
700,559,-16.388416,370,298,326,60
716,581,-16.052755,370,280,313,60
725,596,-15.421104,370,267,295,60
735,610,-14.562490,370,250,279,60
744,624,-13.300828,370,227,258,60
756,643,-13.683943,370,213,244,60
764,656,-14.353158,370,202,228,60
771,667,-14.261743,347,184,206,60
778,679,-13.453061,316,170,195,60
788,696,-12.369058,289,159,183,60
794,706,-12.060079,254,142,165,60
802,721,-11.476060,234,132,155,60
807,730,-11.147575,213,122,144,60
812,739,-11.378976,190,108,127,60
818,748,-12.046840,176,99,116,60
825,760,-12.979972,166,91,104,60
830,768,-12.944324,151,83,94,60
834,775,-13.189619,134,74,86,60
837,780,-17.346646,140,68,73,60
841,783,-27.853273,178,71,69,60
844,786,-35.156588,282,76,66,60
847,787,-45.609890,370,93,66,60
850,787,-60.319301,370,144,75,60
851,786,-86.138549,370,370,97,60
851,785,-106.618924,370,370,151,60
853,783,-128.088315,365,370,370,60
861,778,-134.595563,370,370,370,60
869,772,-142.844240,370,370,370,60
879,763,-145.702218,370,370,370,60
891,753,-148.949138,370,370,370,60
905,740,-151.105787,370,370,370,60
925,722,-149.601672,370,370,365,60
939,709,-149.074869,370,370,348,60
952,697,-146.969774,289,370,333,60
973,678,-149.800358,274,370,321,60
988,666,-149.098488,240,370,299,60
1009,647,-147.875243,221,370,283,60
1023,636,-146.794813,206,370,259,60
1037,624,-145.669289,199,370,244,60
1053,612,-146.694741,193,370,228,60
1075,594,-146.652988,190,370,216,60
1089,583,-146.626673,200,342,192,60
1111,565,-144.001906,237,306,176,60
1126,554,-140.713239,370,237,149,60
1141,543,-141.052652,370,214,135,60
1162,528,-143.439904,370,204,123,60
1175,519,-141.766862,370,162,102,60
1193,507,-139.865098,370,134,87,60
1202,500,-134.677461,370,111,76,60
1208,496,-139.475965,370,101,66,60
1214,491,-147.014626,370,116,65,60
1220,485,-149.889927,370,119,63,60
1224,481,-154.308362,370,101,56,60
1226,478,-157.748252,370,145,61,60
1231,471,-161.897568,370,121,55,60
1232,467,-167.780163,370,256,66,60
1233,464,-169.662576,370,313,68,60
1235,455,-173.881752,370,246,63,60
1235,451,-176.677818,370,338,78,60
1235,442,-173.874421,370,329,72,60
1235,430,166.900865,172,332,134,60
1233,419,174.738870,183,318,121,60
1231,411,167.883361,189,302,124,60
1228,402,174.249914,347,289,109,60
1221,382,172.387092,336,276,120,60
1218,374,166.323461,326,266,130,60
1213,365,169.319740,305,255,152,60
1207,355,160.217137,285,252,183,60
1201,347,160.503025,162,251,221,60
1192,337,158.746150,144,240,244,60
1179,321,160.291584,240,226,234,60
1170,309,160.052703,224,209,214,60
1157,293,148.220761,107,212,188,60
1149,283,148.363865,133,201,178,60
1141,273,159.768629,190,172,175,60
1129,258,161.357496,183,160,162,60
1125,250,159.073930,173,153,152,60
1121,243,170.066609,196,130,157,60
1117,234,159.821530,169,128,134,60
1110,220,169.512024,164,118,124,60
1106,211,170.092359,166,98,117,60
1099,198,168.576016,151,94,99,60
1095,190,169.612146,141,81,96,60
1092,184,165.676085,134,74,86,60
1089,181,159.271220,135,72,75,60
1085,178,148.732327,123,76,71,60
1081,176,140.375653,107,88,68,60
1078,174,131.814819,100,102,69,60
1073,173,110.861663,96,111,73,60
1070,173,104.532600,96,94,85,60
1067,173,87.838704,68,82,113,60
1066,174,67.778783,49,89,90,60
1066,176,41.880948,48,48,89,60
1066,177,27.496465,72,40,94,60
1063,182,16.411859,370,40,51,60
1062,186,10.777367,370,36,35,60
1060,191,4.396321,370,38,31,60
1060,194,1.510706,348,37,28,60
1061,198,-0.087900,329,39,27,60
1062,199,-2.732172,323,39,27,60
1063,199,-9.559623,278,370,30,60
1064,199,-21.025677,241,370,39,60
1066,198,-43.852901,214,364,65,60
1066,198,-53.549722,206,254,370,60
1073,199,-70.245167,212,205,370,60
1082,200,-79.533373,214,186,324,60
1096,200,-86.119648,176,174,262,60
1107,200,-89.417548,165,157,224,60
1118,201,-89.383082,166,146,209,60
1136,201,-81.918863,178,134,202,60
1147,202,-86.132000,164,123,185,60
1158,203,-84.217779,137,107,166,60
1174,204,-80.887487,118,96,159,60
1184,205,-80.351634,104,87,149,60
1193,206,-78.359969,86,73,128,60
1206,208,-75.300789,75,64,116,60
1211,209,-65.740101,62,61,135,60
1214,210,-55.516654,56,67,289,60
1216,211,-50.109096,55,71,370,60
1221,216,-33.939463,56,89,370,60
1222,218,-24.409616,59,118,370,60
1222,220,-13.317521,76,269,370,60
1222,222,-3.493602,76,282,370,60
1221,223,-0.064423,102,370,370,60
1220,224,1.955582,109,370,370,60
1218,230,3.593155,117,370,370,60
1215,238,6.697116,133,370,370,60
1207,252,11.593092,154,370,370,60
1202,259,17.547505,189,370,155,60
1195,268,21.083646,268,370,123,60
1185,279,22.373685,310,370,113,60
1167,300,22.870404,345,370,103,60
1155,314,22.993250,370,370,100,60
1148,322,19.460454,362,370,370,60
1142,330,15.828617,329,370,370,60
1135,342,9.850044,293,370,370,60
1131,353,8.034724,278,370,370,60
1121,375,7.352046,282,370,370,60
1114,392,6.824302,292,370,370,60
1107,409,6.607344,302,370,370,60
1099,426,6.954899,321,370,370,60
1092,444,7.041547,333,370,370,60
1081,470,7.487911,350,370,370,60
1073,488,8.142453,370,360,370,60
1061,514,7.485360,370,343,370,60
1053,531,7.863128,370,316,370,60
1046,548,8.280160,369,299,370,60
1037,565,8.767667,345,283,370,60
1026,589,9.929428,323,267,370,60
1018,604,10.282568,300,253,370,60
1010,618,9.862940,276,230,370,60
1000,639,9.727488,261,215,364,60
993,652,9.801124,243,201,344,60
986,665,10.618362,217,183,317,60
979,676,10.973549,203,172,300,60
973,687,12.295111,188,161,290,60
964,703,13.516778,172,151,278,60
958,712,13.683295,159,141,264,60
949,726,13.115084,144,126,231,60
943,736,13.030510,134,117,214,60
937,744,13.780090,118,104,193,60
932,753,14.522530,106,95,182,60
924,765,15.353829,97,87,166,60
919,771,17.428601,85,78,159,60
913,777,28.937922,76,79,200,60
910,779,39.560092,72,92,370,60
906,780,49.688619,75,115,370,60
900,782,64.838932,80,156,370,60
896,782,82.523230,97,336,370,60
894,781,97.154377,130,361,370,60
892,780,108.248106,226,370,370,60
885,777,113.747501,298,370,370,60
874,772,124.874204,355,370,370,60
862,766,128.647483,343,370,370,60
848,758,129.985952,329,370,370,60
832,750,130.064905,306,370,370,60
808,736,130.985002,289,370,370,60
791,726,130.132693,274,361,370,60
775,718,129.499084,258,335,370,60
759,708,130.315492,233,304,370,60
735,694,131.048456,216,285,370,60
719,685,131.858377,200,267,370,60
705,677,132.756175,186,258,370,60
684,664,131.949801,165,226,370,60
670,656,131.911423,144,193,370,60
657,648,130.022058,130,170,370,60
645,641,132.157506,118,160,370,60
629,631,134.317663,109,153,370,60
619,624,134.785930,99,137,370,60
610,618,136.521112,86,124,370,60
601,611,146.074579,83,138,370,60
596,606,151.585764,82,162,370,60
594,602,157.076506,85,197,370,60
591,598,160.713498,85,230,370,60
588,593,165.599455,89,303,370,60
585,583,169.940403,89,329,370,60
583,577,172.696280,97,370,370,60
582,567,178.158467,104,370,358,60
582,556,-137.821911,102,370,367,60
582,544,-176.151124,141,370,350,60
583,536,-176.651724,121,370,320,60
586,525,-176.233124,128,370,312,60
590,512,-172.230737,137,370,302,60
595,501,-172.093962,148,370,289,60
600,494,-166.607873,193,370,285,60
605,486,-161.800991,241,370,288,60
619,468,-162.299469,278,370,274,60
630,453,-162.105740,303,369,261,60
641,438,-156.626549,350,353,235,60
658,416,-160.034834,331,341,220,60
669,401,-159.873937,320,318,166,60
680,386,-159.633573,299,291,147,60
697,365,-155.407451,285,276,134,60
708,351,-158.973022,259,255,116,60
719,338,-151.121004,237,192,94,60
735,319,-159.548212,221,157,82,60
744,308,-151.021802,204,139,69,60
749,301,-164.412246,213,195,76,60
755,290,-158.799309,195,145,63,60
758,285,-163.321780,189,144,61,60
761,278,-164.295638,188,170,63,60
763,270,-166.567484,183,165,62,60
765,263,-169.047983,179,151,65,60
765,257,-174.659617,173,147,63,60
765,250,134.250381,171,141,66,60
765,245,169.258765,233,133,116,60
764,238,169.059278,220,126,117,60
762,231,168.023607,207,120,118,60
759,224,167.281943,217,117,133,60
757,220,164.134004,214,110,121,60
753,213,162.948746,231,108,114,60
750,209,157.957622,254,106,106,60
744,203,153.675010,247,101,99,60
741,200,147.914790,227,105,92,60
738,198,139.797020,216,117,90,60
734,196,128.317163,210,137,92,60
731,196,122.421713,207,161,94,60
728,195,109.044576,216,208,110,60
723,194,109.048789,212,202,110,60
716,194,95.456102,223,189,124,60
709,194,84.185077,272,176,173,60
699,195,73.007303,299,172,202,60
691,197,66.600003,370,173,172,60
686,199,53.413947,370,194,159,60
677,204,46.368263,370,213,154,60
664,211,46.731333,370,203,142,60
654,217,46.422836,370,178,128,60
639,226,46.782441,370,174,120,60
629,231,47.836561,370,164,110,60
613,240,43.352461,370,134,93,60
604,245,45.338213,370,124,83,60
598,249,38.304500,370,120,76,60
592,253,35.366686,370,121,72,60
586,258,32.050276,370,130,71,60
582,263,25.290534,370,151,69,60
578,268,16.589926,370,208,73,60
574,273,13.863630,370,192,69,60
572,277,11.288642,370,315,75,60
570,283,7.954100,370,370,78,60
568,292,3.801199,370,370,79,60
566,300,0.871770,370,370,85,60
566,308,0.092418,370,370,87,60
566,323,-0.033085,370,370,87,60
568,331,-0.635068,370,370,90,60
570,341,-3.113573,370,370,100,60
575,353,-6.144404,370,370,107,60
580,364,-8.354491,370,370,118,60
584,370,-13.090254,370,370,151,60
589,377,-15.573498,370,370,188,60
598,388,-24.559659,370,370,255,60
606,396,-27.565201,370,370,370,60
619,407,-29.629622,370,370,370,60
632,419,-28.399702,370,370,370,60
652,438,-29.940675,370,370,370,60
667,451,-30.270995,370,370,370,60
681,464,-28.225899,370,370,370,60
695,477,-28.911601,370,370,370,60
716,496,-27.617134,370,370,370,60
729,509,-26.334161,370,370,355,60
743,523,-27.608699,370,366,340,60
764,543,-26.845171,370,353,324,60
778,557,-26.079462,370,335,313,60
791,569,-26.889829,370,311,292,60
811,589,-25.415170,370,293,279,60
824,602,-25.749868,370,272,259,60
836,615,-25.167694,370,256,245,60
854,633,-24.977713,370,242,234,60
865,645,-24.632395,370,229,220,60
875,656,-23.956180,370,209,203,60
885,666,-22.320333,370,195,195,60
899,682,-21.687172,370,182,183,60
907,692,-22.565859,370,167,166,60
916,701,-23.643222,370,159,157,60
923,709,-23.416428,370,150,148,60
934,722,-22.421805,329,138,138,60
942,731,-21.599698,300,129,131,60
948,739,-20.353359,255,114,117,60
958,751,-19.400185,234,105,109,60
964,759,-17.868347,202,95,102,60
970,767,-17.050485,166,82,89,60
974,771,-22.459834,195,81,82,60
978,774,-35.012630,300,87,78,60
981,776,-43.822370,296,98,76,60
985,777,-53.344110,289,117,78,60
990,778,-69.098157,295,191,89,60
993,778,-78.041503,314,284,102,60
1000,778,-89.432971,353,269,123,60
1007,777,-97.496308,370,262,148,60
1011,775,-108.989108,370,263,200,60
1022,772,-122.072749,370,281,261,60
1028,769,-130.396380,370,317,244,60
1036,764,-134.956544,369,334,237,60
1053,754,-132.248629,370,305,224,60
1066,746,-135.815859,370,298,213,60
1080,738,-132.529283,370,275,200,60
1093,730,-134.319330,370,250,179,60
1114,718,-134.128648,370,231,165,60
1128,710,-132.444917,370,195,144,60
1141,703,-134.471528,370,184,131,60
1153,695,-133.799741,370,165,120,60
1170,686,-129.822850,370,143,107,60
1181,681,-130.110332,370,128,96,60
1193,674,-130.638435,370,106,82,60
1198,671,-137.447205,370,111,76,60
1204,667,-139.195310,370,107,71,60
1208,663,-148.316530,370,133,72,60
1211,659,-159.440594,370,165,75,60
1214,654,-161.219712,354,202,79,60
1216,650,-167.947362,300,328,85,60
1219,645,-160.661291,347,200,72,60
1221,637,-171.058170,293,370,82,60
1224,628,-168.328905,292,330,78,60
1226,620,-177.504155,274,370,89,60
1228,605,-175.181192,266,370,90,60
1227,598,134.739292,259,370,90,60
1227,586,178.643501,248,370,100,60
1224,574,170.745469,252,370,131,60
1221,562,169.114984,235,370,124,60
1218,554,172.388625,220,370,131,60
1211,539,169.949862,226,370,180,60
1204,525,170.101485,197,370,157,60
1200,518,166.257098,185,370,196,60
1190,504,162.284628,175,370,223,60
1180,491,162.241645,152,370,271,60
1164,469,153.456352,155,157,370,60
1152,455,159.561177,104,365,365,60
1136,433,155.613341,85,345,362,60
1128,422,156.312956,69,330,351,60
1118,409,155.559742,47,71,317,60
1112,400,168.008593,41,292,338,60
1105,385,164.049687,35,280,329,60
1103,379,175.347437,27,273,316,60
1103,376,172.421344,30,263,316,60
1103,369,167.555218,24,261,302,60
1104,360,-175.809486,254,296,175,60
1106,347,-178.287047,49,238,255,60
1108,340,-175.278407,258,227,228,60
1112,331,-173.710561,255,217,228,60
1120,314,-171.965208,258,206,219,60
1124,307,-167.656072,228,197,195,60
1128,299,-166.780298,216,191,185,60
1137,285,-154.711395,195,189,164,60
1144,275,-165.310511,180,182,151,60
1150,265,-152.649029,161,172,137,60
1157,256,-156.396157,154,157,134,60
1167,241,-153.444740,140,151,121,60
1174,232,-163.148590,130,142,113,60
1180,222,-152.300881,116,124,104,60
1189,209,-154.161022,106,113,100,60
1192,203,-166.321637,100,104,96,60
1195,197,-156.259894,90,92,93,60
1198,192,-162.441502,87,83,97,60
1201,187,-156.120170,80,81,86,60
1206,181,-159.981240,75,72,85,60
1225,172,-123.533590,75,72,86,60
1228,171,-108.961001,85,40,42,60
1232,170,-99.105408,55,33,39,60
1238,171,-84.516150,37,27,39,60
1242,172,-75.352604,30,25,44,60
1246,173,-64.861276,24,23,52,60
1251,177,-39.691147,23,23,62,60
1252,179,-26.188667,25,41,370,60
1250,181,-3.018095,31,69,370,60
1249,181,0.673884,65,370,370,60
1247,181,5.583482,78,370,231,60
1242,182,35.771262,327,370,186,60
1234,188,38.387830,370,370,190,60
1215,201,38.567819,370,370,168,60
1207,206,45.266841,370,370,162,60
1191,214,51.624041,370,126,220,60
1174,222,51.847343,370,104,206,60
1157,229,50.284972,370,86,123,60
1143,236,52.791616,370,58,79,60
1129,241,53.276712,370,47,65,60
1121,245,58.180307,370,37,58,60
1116,247,51.893498,370,28,35,60
1114,249,42.926712,370,30,28,60
1113,252,25.767892,370,39,28,60
1113,252,14.638797,370,370,35,60
1115,252,3.576969,292,370,45,60
1116,252,0.357105,254,370,54,60
1117,251,-0.305122,248,370,56,60
1118,261,-1.037343,245,370,59,60
1120,269,-2.247758,240,370,68,60
1123,278,-3.275286,230,370,370,60
1126,287,-5.943313,213,370,370,60
1132,301,-9.841482,199,370,370,60
1137,308,-13.573160,176,370,370,60
1147,323,-16.067877,164,370,370,60
1157,337,-16.064601,147,370,370,60
1168,351,-16.969115,133,370,370,60
1184,374,-17.849845,120,354,370,60
1196,389,-16.500342,102,312,370,60
1212,412,-16.718028,89,275,370,60
1223,426,-15.096863,76,234,370,60
1228,435,-9.826433,73,345,370,60
1235,449,-6.802195,72,370,370,60
1237,456,-4.704708,71,370,370,60
1240,467,-3.527150,72,370,370,60
1241,475,-0.973603,72,369,370,60
1242,491,-0.094738,72,359,370,60
1242,499,0.213328,72,349,370,60
1240,510,0.622641,76,340,370,60
1238,520,2.836447,85,324,370,60
1233,534,6.023745,94,316,370,60
1230,541,9.580577,118,308,370,60
1222,554,13.273355,134,300,370,60
1218,560,19.223062,195,302,370,60
1207,571,25.890752,255,304,370,60
1201,576,33.583989,278,326,370,60
1192,582,37.364366,269,337,370,60
1182,590,37.462140,262,328,370,60
1161,604,38.514537,252,319,370,60
1148,614,38.712363,243,311,370,60
1133,624,37.453937,227,285,370,60
1112,639,37.219504,217,271,370,60
1099,648,38.078840,209,263,370,60
1086,657,39.396982,195,251,370,60
1066,670,40.905095,185,241,370,60
1053,679,41.352652,172,230,370,60
1035,691,39.890347,165,216,370,60
1023,699,39.425908,157,202,370,60
1012,706,40.410303,145,190,370,60
996,716,42.520696,138,185,370,60
985,723,43.836548,133,184,370,60
975,729,45.420153,127,179,370,60
965,734,45.909258,118,171,370,60
951,742,45.345816,113,164,370,60
942,748,43.953709,107,149,370,60
933,753,44.378201,102,140,370,60
928,755,51.400565,100,159,370,60
918,758,60.786121,102,180,370,60
913,759,70.478321,110,256,370,60
903,760,80.031773,123,370,370,60
898,760,92.164537,168,364,370,60
889,759,94.271344,178,356,370,60
882,758,105.783381,250,362,370,60
868,753,113.838573,361,367,370,60
853,748,117.240137,338,362,370,60
828,739,117.045908,320,342,370,60
811,733,118.119354,293,318,370,60
785,724,118.714952,275,297,370,60
768,718,118.884210,255,279,370,60
752,712,120.588455,228,258,370,60
737,706,119.364180,214,238,370,60
715,697,120.382402,199,221,370,60
701,692,118.522263,183,205,370,60
687,686,122.563470,161,187,370,60
668,678,121.795491,149,169,370,60
657,674,122.795555,137,157,370,60
646,669,123.927213,120,141,370,60
636,664,126.489317,109,134,370,60
621,658,124.966427,99,120,370,60
612,654,123.238848,89,104,370,60
607,651,131.311386,80,106,370,60
602,647,135.851820,78,110,370,60
597,642,146.262869,76,123,370,60
594,639,152.755657,79,156,370,60
592,636,160.794075,86,232,370,60
590,632,165.209882,90,302,370,60
586,623,169.585227,90,320,370,60
585,618,170.966236,96,370,370,60
582,607,172.595895,93,370,370,60
581,594,178.772015,102,370,362,60
581,582,-173.542307,370,360,370,60
582,573,-176.029411,121,370,347,60
583,563,-176.019863,124,370,333,60
587,550,-173.927785,124,370,317,60
591,539,-170.799184,147,370,331,60
595,531,-169.231325,171,370,327,60
605,517,-163.906021,216,370,305,60
610,511,-157.828949,262,370,292,60
618,503,-153.876913,370,370,283,60
630,491,-149.646984,370,354,278,60
649,473,-151.502498,370,344,252,60
662,460,-151.078665,362,304,221,60
676,448,-150.047981,348,265,204,60
697,430,-149.205357,334,233,185,60
710,418,-149.073639,316,191,158,60
722,408,-149.910790,306,173,144,60
733,398,-150.493701,298,154,131,60
749,384,-148.822203,286,130,118,60
758,377,-147.857026,276,105,106,60
767,370,-147.147373,265,75,90,60
779,360,-147.165062,257,56,80,60
783,355,-154.137338,255,56,66,60
785,352,-158.021540,259,74,30,60
786,349,-162.510116,265,97,32,60
787,344,-168.116525,271,125,35,60
787,342,-169.556308,276,173,38,60
786,341,-171.787379,282,229,42,60
786,342,170.973101,327,233,82,60
785,343,166.287665,326,233,83,60
782,337,167.694798,329,231,82,60
779,332,161.720567,298,229,118,60
774,327,159.250929,285,229,145,60
767,320,151.115845,264,236,220,60
760,314,146.134610,251,241,212,60
755,310,137.843408,231,271,203,60
743,303,132.836580,221,292,202,60
733,297,130.905392,212,286,195,60
721,291,131.129109,195,258,186,60
709,284,124.704597,183,220,185,60
689,273,126.224828,168,220,173,60
675,266,128.341343,155,207,165,60
663,259,131.334192,137,181,154,60
651,252,131.492753,124,166,147,60
634,242,132.986763,114,159,140,60
624,235,133.189482,99,135,130,60
611,227,135.004234,87,110,125,60
606,222,142.984155,83,121,117,60
600,217,147.532670,82,127,109,60
595,210,158.663320,78,120,104,60
593,206,159.222370,86,100,102,60
590,201,160.274086,83,93,97,60
588,194,166.409027,86,86,93,60
587,188,167.387765,89,80,89,60
587,183,176.987513,102,68,90,60
587,176,-173.538364,73,102,216,60
588,172,-174.829949,80,59,86,60
590,169,-174.692586,71,54,85,60
601,163,-105.794414,71,54,85,60
603,164,-80.870476,110,192,370,60
603,165,-69.529135,212,206,370,60
605,169,-18.395906,220,370,319,60
608,174,-13.886542,235,370,240,60
616,189,-11.547929,370,370,210,60
623,201,-11.574809,370,370,220,60
632,217,-11.027582,370,370,238,60
645,241,-11.111170,370,370,262,60
654,258,-11.612038,370,370,276,60
663,275,-11.340285,370,370,296,60
677,300,-10.458706,370,370,307,60
686,317,-9.966581,370,370,313,60
694,334,-10.463782,370,370,343,60
707,360,-10.449298,370,370,358,60
716,377,-10.360118,370,370,370,60
725,394,-9.771739,370,370,370,60
738,420,-9.033160,370,370,370,60
746,437,-8.627724,370,370,370,60
758,463,-9.109576,370,370,370,60
766,480,-9.015338,370,370,370,60
774,498,-8.911694,370,360,370,60
783,515,-8.681785,370,333,370,60
795,541,-7.873914,370,315,370,60
802,558,-8.373267,370,298,368,60
810,574,-8.228726,370,273,337,60
820,599,-7.670683,370,256,317,60
827,614,-7.139026,370,239,299,60
833,629,-6.470146,344,217,274,60
839,644,-5.929613,317,201,257,60
847,664,-6.350789,296,188,240,60
852,676,-6.641678,281,175,221,60
856,689,-6.362329,248,156,199,60
862,705,-5.406454,226,145,186,60
866,716,-5.479129,210,135,173,60
870,726,-5.590034,186,119,152,60
874,736,-5.560484,169,109,140,60
877,747,-4.754538,149,97,127,60
882,761,-4.207404,133,87,114,60
885,770,-4.465946,114,74,97,60
888,778,-4.961249,103,66,86,60
891,785,-11.190592,103,62,76,60
893,788,-17.022018,120,60,65,60
896,790,-23.399670,149,61,61,60
900,794,-33.441159,207,63,56,60
903,795,-42.241129,370,71,56,60
906,796,-54.870256,368,103,61,60
908,795,-82.319215,370,233,79,60
909,794,-106.980939,370,370,179,60
909,792,-124.752479,370,370,367,60
909,791,-139.417147,370,370,365,60
920,781,-150.399615,370,370,370,60
930,771,-146.032080,370,370,362,60
950,752,-147.444383,370,370,353,60
963,740,-147.432935,333,370,321,60
977,727,-152.200807,343,370,316,60
997,708,-150.781336,288,370,293,60
1017,689,-150.110918,264,370,274,60
1031,676,-151.177839,247,370,258,60
1045,664,-150.626281,235,370,243,60
1066,645,-148.182229,228,370,227,60
1080,633,-148.555448,233,367,207,60
1094,620,-147.689784,230,344,189,60
1116,602,-141.916449,243,314,172,60
1130,590,-147.824453,370,257,155,60
1144,578,-143.049405,370,221,134,60
1158,567,-145.826876,370,212,121,60
1177,552,-143.574752,370,181,107,60
1189,544,-142.345651,370,142,87,60
1203,533,-141.322284,370,110,75,60
1208,529,-151.139815,370,144,73,60
1213,523,-151.753469,370,141,69,60
1216,519,-159.471118,370,190,73,60
1219,513,-162.000139,370,270,79,60
1221,507,-170.929689,370,237,75,60
1222,503,-170.158121,370,370,82,60
1224,492,-176.298756,237,370,90,60
1223,480,166.470533,178,370,154,60
1223,467,177.210468,199,359,106,60
1222,458,177.671694,199,343,107,60
1218,442,176.209324,164,343,151,60
1215,426,173.333309,178,321,130,60
1212,418,174.078266,185,305,135,60
1208,408,168.836790,157,299,162,60
1203,394,157.963702,124,303,259,60
1194,372,159.540810,127,280,238,60
1188,357,169.178147,123,266,264,60
1182,342,173.055560,278,230,193,60
1179,327,166.863297,289,218,182,60
1177,317,173.918890,303,207,171,60
1177,309,-175.872340,202,167,100,60
1177,300,-179.258459,257,185,162,60
1179,284,-170.098493,241,174,161,60
1180,273,-167.460925,221,163,154,60
1180,265,168.357249,131,212,158,60
1179,253,170.369576,210,143,171,60
1177,244,165.357584,248,134,151,60
1175,232,167.574319,213,120,141,60
1173,215,178.144584,154,106,145,60
1171,204,177.033986,140,95,128,60
1170,194,178.326584,114,79,109,60
1167,179,169.714243,102,69,93,60
1166,170,170.634929,89,60,80,60
1166,165,176.772371,78,52,71,60
1164,161,174.639716,72,46,59,60
1161,156,167.493446,75,44,54,60
1159,154,161.801533,82,42,48,60
1156,151,155.184264,110,43,41,60
1153,151,136.988234,183,50,41,60
1153,151,122.146240,175,74,48,60
1153,152,104.524268,157,175,68,60
1154,153,73.396990,121,169,107,60
1155,154,56.095678,148,137,182,60
1156,155,40.656311,370,115,182,60
1153,158,42.261218,370,116,182,60
1146,161,39.040690,370,106,173,60
1141,165,43.939416,370,97,165,60
1134,168,47.404736,370,89,157,60
1123,174,50.811523,370,82,149,60
1115,177,53.111873,370,74,141,60
1111,180,45.793868,370,65,134,60
1109,182,37.528099,370,62,114,60
1104,188,21.736368,370,67,62,60
1103,192,13.770826,370,80,56,60
1101,197,5.893139,329,370,54,60
1100,201,2.340761,288,370,52,60
1101,204,0.024501,274,370,52,60
1102,205,-1.520606,268,370,54,60
