626,800,-175.386004,370,370,370,60
626,800,-177.709256,176,370,370,60
628,775,-174.802489,192,370,370,60
629,753,-175.083681,190,370,370,60
630,736,-173.132326,192,370,370,60
631,718,-178.769761,185,370,370,60
632,690,-171.643723,200,370,370,60
634,672,-174.957809,200,370,370,60
636,643,-176.872473,212,370,358,60
637,625,-174.071363,213,370,343,60
639,606,-171.189943,234,370,321,60
641,577,-175.956768,199,370,320,60
643,558,-174.081265,275,370,296,60
644,540,-168.645963,257,370,278,60
648,512,-171.263481,243,370,275,60
650,492,-176.300984,224,370,228,60
653,464,-168.784255,276,367,234,60
654,445,-176.553900,230,340,223,60
658,417,-171.168720,251,313,209,60
660,397,-169.966397,334,305,179,60
662,380,-169.373721,290,270,189,60
666,353,-164.629917,293,252,182,60
668,335,-170.563266,264,239,171,60
670,319,-167.577098,243,210,175,60
673,296,-177.430182,224,195,172,60
675,282,-167.861510,200,171,171,60
678,268,-166.285146,179,158,162,60
681,249,-167.640300,166,144,162,60
682,237,-164.887644,148,134,154,60
684,226,-168.125378,133,114,158,60
686,209,-173.331653,135,100,147,60
688,199,-167.031092,123,89,128,60
690,189,-175.068532,96,74,116,60
692,179,-165.476765,75,67,127,60
693,173,-175.444513,76,58,89,60
697,166,-168.569021,65,55,94,60
700,163,-162.251786,58,52,97,60
703,160,-153.564715,52,53,117,60
706,158,-145.021939,49,59,103,60
708,157,-139.449037,49,65,97,60
712,157,-108.567526,62,95,90,60
714,158,-90.098213,100,80,111,60
715,159,-69.852804,89,86,370,60
716,162,-42.363775,87,127,370,60
717,165,-23.700305,87,130,370,60
720,169,-15.644929,110,370,370,60
722,173,-10.597687,116,370,370,60
725,180,-5.335536,121,370,362,60
725,186,-1.670436,131,370,333,60
726,195,-0.720099,370,370,317,60
726,207,0.126922,370,370,313,60
725,218,0.356609,370,370,310,60
723,241,0.634798,370,370,309,60
721,261,0.668026,370,370,302,60
718,288,0.624645,370,370,299,60
716,307,0.953924,370,370,293,60
713,325,0.901342,370,370,289,60
710,354,0.693201,370,370,288,60
707,373,1.052970,370,370,281,60
703,401,1.182584,370,370,276,60
700,420,1.332850,370,370,274,60
697,438,1.560162,370,370,264,60
694,456,1.645709,370,370,259,60
689,484,1.415627,370,369,255,60
685,503,1.431483,370,341,248,60
680,531,1.488634,370,322,243,60
676,550,1.614665,370,294,235,60
672,567,1.603467,370,277,230,60
668,585,2.033730,353,259,221,60
662,609,2.641157,329,242,216,60
658,625,2.551581,296,219,206,60
652,647,2.912141,272,204,197,60
648,661,3.382601,254,190,193,60
644,673,4.514764,224,172,180,60
638,692,4.941387,206,159,175,60
634,703,4.269433,195,146,173,60
630,713,4.682760,179,136,166,60
626,723,4.962242,158,122,155,60
620,738,6.721099,144,112,149,60
617,747,5.435903,125,98,142,60
613,756,5.630888,114,89,137,60
607,769,7.050560,102,80,125,60
604,776,8.291845,87,72,120,60
600,781,18.112490,79,68,110,60
597,785,20.169575,71,65,96,60
594,787,29.108855,65,66,85,60
591,789,35.686465,62,74,71,60
587,791,45.912532,62,83,63,60
584,791,67.399954,69,65,56,60
582,790,84.968165,83,49,59,60
580,788,112.556291,56,49,89,60
579,787,130.243054,52,60,238,60
578,784,151.516809,59,101,370,60
578,783,165.354411,76,251,370,60
579,781,173.460565,90,370,370,60
580,780,178.205741,103,370,370,60
581,776,-177.121168,125,370,370,60
584,766,-176.173809,120,370,370,60
586,759,-173.968901,134,370,370,60
593,743,-166.965956,149,370,370,60
599,729,-170.355185,193,370,370,60
604,721,-166.167077,204,370,370,60
611,711,-163.768934,240,370,370,60
626,691,-158.087976,316,370,370,60
637,676,-161.646275,327,370,370,60
647,661,-158.489864,370,370,370,60
659,646,-158.593132,370,370,370,60
677,624,-159.296890,370,370,370,60
688,609,-156.051910,370,355,370,60
700,594,-156.003910,370,276,370,60
712,580,-155.615846,370,262,370,60
730,559,-155.060425,370,248,370,60
741,547,-154.828249,370,235,370,60
758,531,-152.799836,370,215,370,60
768,520,-153.754874,370,200,370,60
783,506,-152.351922,370,173,370,60
820,474,-146.011339,370,101,370,60
829,467,-145.905824,362,82,370,60
842,457,-145.363117,123,70,123,60
851,450,-144.589805,113,53,90,60
858,445,-142.959254,109,45,76,60
863,442,-133.771148,56,40,370,60
869,440,-117.046984,42,43,370,60
874,440,-105.019329,38,73,370,60
880,440,-84.525685,41,370,370,60
883,441,-72.505986,79,370,370,60
884,442,-55.004443,370,370,370,60
884,443,-38.767911,370,370,370,60
893,451,-33.345851,370,370,370,60
899,456,-26.368258,370,370,370,60
910,469,-21.563530,370,370,370,60
921,482,-20.724249,370,370,370,60
932,496,-20.695057,370,370,370,60
950,518,-19.436640,370,358,369,60
961,532,-19.826118,362,340,355,60
973,547,-19.347146,350,325,337,60
985,562,-19.525936,330,301,313,60
1002,584,-18.652735,314,276,290,60
1012,597,-17.749436,306,261,279,60
1027,618,-16.342429,298,245,265,60
1036,630,-16.575181,290,230,252,60
1045,643,-16.833008,272,211,228,60
1057,661,-15.643561,264,198,216,60
1066,672,-15.733298,251,180,197,60
1076,688,-14.755388,247,168,188,60
1083,698,-14.139617,240,157,176,60
1089,708,-12.649529,237,145,166,60
1095,720,-14.385377,233,135,157,60
1104,732,-13.640238,219,121,138,60
1110,740,-15.506392,202,109,121,60
1118,753,-15.046960,193,100,110,60
1123,761,-14.224905,175,91,102,60
1129,770,-15.326529,151,79,87,60
1133,774,-23.399302,168,77,80,60
1136,776,-31.438599,152,82,76,60
1139,778,-40.712547,135,96,73,60
1144,780,-55.146005,130,120,76,60
1149,781,-69.773334,127,130,87,60
1152,780,-85.519272,134,117,100,60
1154,780,-101.298570,195,112,134,60
1154,779,-110.879046,269,120,123,60
1160,776,-121.155468,364,124,116,60
1164,775,-125.655365,370,126,109,60
1169,772,-129.130814,370,131,102,60
1174,768,-141.239494,370,147,102,60
1178,765,-145.575099,370,161,99,60
1181,762,-149.620749,370,192,102,60
1185,757,-156.265337,370,236,103,60
1188,753,-162.472041,368,310,109,60
1192,745,-165.486063,364,370,113,60
1194,741,-169.086644,368,370,117,60
1197,732,-170.127018,370,370,121,60
1198,726,-173.021490,361,370,117,60
1201,711,-174.462785,370,370,124,60
1201,702,-173.031271,347,370,120,60
1202,686,139.154066,324,370,114,60
1201,679,177.256562,370,370,144,60
1197,661,175.113733,330,370,141,60
1195,654,170.580954,370,370,176,60
1188,636,166.632143,370,370,172,60
1181,620,171.844151,370,370,192,60
1174,605,169.770205,314,370,206,60
1163,580,172.314140,241,370,216,60
1155,562,172.288102,203,370,240,60
1144,537,162.155398,188,370,275,60
1137,520,161.645759,171,172,358,60
1126,494,170.170496,137,158,361,60
1119,477,172.775404,94,365,293,60
1111,457,167.034835,80,353,316,60
1107,446,170.689699,69,108,364,60
1102,433,164.526032,58,73,367,60
1100,424,165.559273,42,70,362,60
1098,413,167.919037,37,71,360,60
1098,408,167.411427,32,68,348,60
1099,404,-177.362157,44,291,254,60
1101,402,-172.007775,44,289,250,60
1103,401,-161.292347,61,296,216,60
1105,401,-147.172940,298,323,176,60
1113,395,-134.142930,289,254,165,60
1119,392,-126.691335,289,204,155,60
1128,389,-123.963299,293,177,148,60
1141,384,-116.894176,299,142,133,60
1159,377,-121.573011,285,136,118,60
1170,373,-119.841617,283,121,107,60
1180,370,-118.082803,283,106,96,60
1193,365,-114.459358,259,87,80,60
1199,363,-125.581199,264,86,72,60
1205,360,-130.328600,257,85,66,60
1210,357,-134.091245,254,80,62,60
1212,355,-139.145920,248,93,63,60
1212,353,-150.998745,248,112,66,60
1212,352,-172.971476,288,241,93,60
1210,352,-176.260246,314,238,109,60
1209,352,173.857068,289,244,175,60
1208,353,161.929786,316,240,144,60
1203,345,165.362291,286,240,180,60
1200,342,159.151410,155,244,251,60
1196,336,157.045457,141,243,241,60
1182,323,145.241085,123,241,228,60
1174,314,153.176094,117,227,213,60
1159,300,142.799983,120,215,202,60
1150,290,154.004184,190,200,188,60
1145,284,150.911911,182,198,179,60
1140,278,157.507548,186,180,178,60
1135,268,158.008055,203,162,183,60
1131,260,161.947289,185,161,168,60
1125,246,171.354291,204,138,166,60
1120,236,161.886913,176,128,138,60
1116,226,171.893952,185,112,138,60
1109,211,161.474095,165,108,114,60
1105,201,172.184782,149,92,114,60
1101,192,172.825985,125,78,97,60
1096,179,172.094449,110,69,86,60
1093,174,167.837130,106,62,75,60
1091,171,160.220909,133,61,63,60
1086,168,146.303378,116,75,61,60
1082,166,137.209953,111,74,59,60
1079,165,127.087198,104,88,59,60
1075,164,107.761171,100,103,71,60
1073,165,94.280107,92,88,100,60
1071,165,77.828535,66,88,104,60
1071,167,58.937054,56,76,93,60
1071,168,36.089805,69,53,96,60
1069,170,29.129847,370,47,96,60
1067,173,25.806161,370,44,68,60
1065,177,15.833619,370,43,51,60
1064,181,10.221962,370,43,41,60
1063,186,3.382444,365,44,38,60
1063,188,0.767666,331,49,34,60
1064,190,-0.935086,326,49,32,60
1065,189,-5.474552,307,59,35,60
1065,188,-14.853962,272,370,39,60
1066,187,-29.120578,223,370,59,60
1065,185,-53.321236,206,294,370,60
1065,183,-70.228737,213,226,370,60
1071,184,-77.702852,213,205,370,60
1079,185,-85.323405,159,186,288,60
1092,184,-92.932128,137,177,247,60
1103,183,-96.066696,147,166,244,60
1114,183,-95.587648,120,157,199,60
1126,182,-96.740988,118,139,176,60
1142,181,-97.382121,118,129,164,60
1153,180,-97.870036,114,112,140,60
1160,179,-88.830719,135,104,149,60
1170,181,-78.720460,123,98,159,60
1175,182,-67.439921,99,98,233,60
1178,183,-63.384070,94,100,281,60
1190,188,-56.483773,83,95,344,60
1195,190,-48.068907,80,95,370,60
1199,193,-38.374403,76,121,370,60
1203,197,-27.355466,79,150,370,60
1206,201,-19.115091,86,233,370,60
1208,205,-13.322150,93,334,370,60
1212,212,-9.255576,94,370,370,60
1212,215,-7.595851,97,370,370,60
1217,230,-3.602715,99,370,370,60
1219,237,-1.337735,102,370,370,60
1221,255,-0.460472,103,370,370,60
1221,265,0.013690,103,370,370,60
1220,275,0.327115,106,370,370,60
1217,290,2.772330,111,370,370,60
1213,302,4.986517,130,370,370,60
1207,313,9.779835,151,370,370,60
1201,324,12.657068,166,370,370,60
1197,330,18.344367,233,370,370,60
1186,341,23.288172,306,370,370,60
1175,353,25.590425,370,370,370,60
1162,366,24.037101,370,370,370,60
1143,386,26.404487,370,370,370,60
1130,399,27.050552,370,370,370,60
1116,413,25.712790,370,370,370,60
1103,427,26.201094,370,370,370,60
1082,446,27.469800,370,370,370,60
1069,459,28.386013,370,370,370,60
1055,472,28.386791,370,370,370,60
1040,486,29.348459,370,370,370,60
1020,505,29.181739,364,370,370,60
1005,517,30.046346,348,370,370,60
992,530,30.607733,334,370,370,60
977,542,30.697996,316,356,370,60
955,560,32.761328,300,345,370,60
940,572,32.101079,283,327,370,60
926,584,32.914578,271,315,370,60
904,601,34.588926,258,307,370,60
891,611,35.699623,247,297,370,60
877,622,36.418809,230,283,358,60
856,637,37.445315,220,276,343,60
843,646,35.362369,212,257,333,60
830,655,36.657071,196,243,310,60
818,664,37.698705,188,235,298,60
799,677,39.742222,178,230,282,60
787,685,40.582894,171,223,269,60
775,692,41.284936,159,212,251,60
758,703,42.105083,152,203,240,60
746,710,42.605226,142,193,221,60
735,717,41.360789,134,179,212,60
719,726,42.692876,128,173,200,60
709,732,43.105568,123,170,189,60
699,738,40.968489,117,162,179,60
690,743,43.291235,109,149,165,60
676,751,48.041757,103,145,154,60
668,754,58.033566,106,164,142,60
657,757,66.484694,107,149,135,60
652,758,76.233627,127,123,138,60
643,759,83.753732,134,113,135,60
638,759,90.058912,154,106,147,60
631,758,85.638560,149,97,127,60
619,757,90.033656,121,89,131,60
611,757,95.143803,102,77,118,60
600,756,89.690066,89,69,109,60
596,756,77.960341,92,63,87,60
593,757,68.215649,116,66,66,60
590,759,57.977762,102,71,62,60
585,761,47.046220,96,77,61,60
583,763,36.710806,89,92,61,60
583,764,25.908778,87,98,66,60
584,765,15.982470,92,84,82,60
585,765,5.448085,97,80,93,60
586,764,1.310483,107,79,107,60
587,764,-0.008596,113,80,113,60
588,762,-3.397045,118,82,113,60
588,761,-10.670992,145,85,102,60
592,765,-18.695763,151,83,94,60
595,768,-21.763818,173,83,87,60
598,771,-31.596031,283,89,80,60
602,772,-42.554624,370,108,80,60
607,774,-61.325177,370,150,86,60
611,774,-72.870147,370,226,96,60
615,774,-84.515613,370,370,116,60
621,773,-98.161546,370,370,155,60
629,772,-105.729823,370,370,221,60
634,770,-115.739999,370,370,341,60
643,767,-121.240053,370,370,370,60
664,758,-124.417242,370,370,370,60
690,747,-125.067043,370,370,370,60
706,740,-124.663101,370,370,370,60
724,732,-122.859962,370,370,370,60
750,722,-123.176600,370,370,370,60
768,714,-124.258309,370,370,370,60
785,708,-123.671843,345,370,370,60
811,697,-122.042714,313,370,370,60
829,690,-120.420453,292,370,370,60
847,684,-119.324248,271,370,370,60
864,678,-118.108947,262,370,370,60
891,668,-117.573645,251,370,370,60
909,661,-119.909448,247,370,370,60
927,656,-119.225161,258,370,367,60
953,647,-116.697205,370,355,343,60
971,641,-113.584232,370,323,316,60
990,636,-116.191920,370,308,292,60
1017,627,-116.763657,370,291,274,60
1033,623,-115.576733,370,267,257,60
1049,618,-113.152395,370,246,240,60
1066,614,-111.065769,370,214,219,60
1088,608,-110.587548,370,190,195,60
1102,605,-112.512155,370,178,178,60
1122,600,-111.075339,368,161,164,60
1135,598,-108.978819,327,146,151,60
1146,595,-107.865085,279,132,140,60
1157,593,-105.973373,223,113,124,60
1173,590,-105.792244,197,101,111,60
1183,588,-102.731320,152,84,96,60
1193,587,-101.238316,128,73,86,60
1201,585,-114.191499,164,72,73,60
1204,583,-122.992930,245,76,68,60
1207,580,-138.900757,370,100,68,60
1210,578,-146.791808,370,122,69,60
1212,575,-158.179595,370,155,73,60
1212,572,-163.868646,370,209,79,60
1212,571,-174.233352,235,370,102,60
1211,569,-176.264611,230,370,107,60
1211,560,138.232056,230,370,103,60
1210,555,168.087992,216,370,128,60
1207,544,171.121146,370,370,276,60
1204,537,167.881057,202,370,173,60
1198,522,171.223389,189,370,164,60
1191,507,162.181867,178,370,207,60
1183,491,166.798872,151,370,227,60
1171,466,159.357615,140,370,333,60
1159,442,159.285496,109,351,295,60
1152,424,170.428266,92,347,345,60
1144,407,169.865362,75,331,326,60
1136,390,159.566831,58,294,306,60
1131,374,176.307685,71,264,254,60
1128,362,169.958253,51,263,292,60
1127,353,179.214825,92,242,243,60
1126,344,167.152139,56,236,271,60
1127,331,-179.060352,262,221,219,60
1129,321,-178.736315,250,211,230,60
1131,314,-176.516260,265,199,216,60
1136,301,-174.304429,250,192,206,60
1140,290,-160.313523,231,181,196,60
1146,278,-161.603672,185,172,157,60
1153,262,-160.345691,168,169,142,60
1157,252,-156.793437,148,162,128,60
1164,237,-159.152269,142,137,134,60
1169,226,-157.763278,130,126,128,60
1173,215,-158.844493,111,109,120,60
1180,200,-160.044495,103,96,121,60
1184,191,-159.379025,90,86,114,60
1187,182,-160.481847,76,73,107,60
1194,173,-152.870952,76,73,107,60
1197,170,-145.147836,61,72,82,60
1200,168,-145.644455,59,70,79,60
1214,163,-100.461544,82,53,59,60
1218,165,-72.391148,58,48,80,60
1220,166,-54.264004,51,55,161,60
1220,168,-38.696826,51,62,340,60
1220,169,-21.651160,62,124,370,60
1219,171,-4.643981,69,176,370,60
1218,171,-0.089762,107,370,209,60
1205,187,11.514153,107,370,206,60
1197,200,12.832959,193,370,135,60
1184,221,14.847480,210,370,124,60
1178,228,22.210224,275,370,107,60
1171,236,24.980900,357,370,96,60
1160,247,26.106402,370,370,83,60
1149,260,20.576298,370,370,69,60
1141,270,18.293265,364,370,65,60
1136,277,13.795416,334,370,63,60
1132,286,11.652343,306,370,68,60
1126,299,6.250502,282,370,90,60
1122,311,4.287942,269,370,370,60
1120,319,2.206762,258,370,370,60
1117,335,1.323902,257,370,370,60
1117,343,0.279579,252,370,370,60
1116,355,0.050133,251,370,370,60
1116,370,0.021175,251,370,370,60
1116,398,-0.000100,251,370,370,60
1116,415,-0.024634,251,370,370,60
1116,434,0.000250,251,370,370,60
1116,463,0.020685,251,370,370,60
1116,482,0.025281,251,370,370,60
1115,501,0.002288,252,343,370,60
1115,520,0.006600,252,324,370,60
1114,548,0.001518,254,305,370,60
1113,567,0.096783,254,286,370,60
1113,585,0.078960,255,268,370,60
1112,602,0.180170,258,242,343,60
1110,626,0.121979,259,226,320,60
1109,641,0.079080,261,210,298,60
1108,656,0.020577,262,188,265,60
1108,670,0.141087,245,174,245,60
1107,683,0.249786,226,161,228,60
1106,701,0.501500,209,149,212,60
1104,712,0.514077,192,137,195,60
1103,728,0.436450,169,121,172,60
1102,739,0.345560,154,110,157,60
1101,750,0.113613,133,94,133,60
1101,760,0.071844,118,84,118,60
1100,774,0.055979,106,75,106,60
1100,783,0.038992,93,66,93,60
1099,791,0.251822,75,53,75,60
1097,798,2.505979,66,48,69,60
1095,802,6.126639,54,42,66,60
1092,807,14.326660,48,40,71,60
1089,810,23.924015,41,39,83,60
1086,811,37.129238,39,48,258,60
1083,811,62.595237,47,76,370,60
1082,810,83.047927,75,370,370,60
1082,809,106.294872,145,370,370,60
1082,807,130.049134,345,370,370,60
1081,806,141.516022,370,370,370,60
1070,796,146.144320,370,370,370,60
1060,785,148.385498,370,370,370,60
1047,772,149.740144,370,370,370,60
1034,759,147.305127,370,370,370,60
1022,746,148.740895,370,370,370,60
1008,732,151.598237,370,370,370,60
989,712,154.326020,370,370,370,60
977,698,147.449061,370,370,278,60
957,678,147.528728,370,370,282,60
944,665,151.747871,370,370,238,60
931,651,155.539722,370,370,227,60
918,638,148.239397,370,370,207,60
898,617,149.734503,370,370,197,60
885,604,148.933774,370,370,186,60
872,590,154.507741,370,370,183,60
859,577,150.484688,353,370,180,60
840,556,152.768245,340,370,185,60
827,541,145.860277,312,370,206,60
808,520,150.458794,316,370,197,60
796,507,154.081229,290,370,179,60
783,492,147.317943,269,370,248,60
764,471,157.640230,272,370,182,60
752,457,149.497445,240,370,341,60
739,442,145.805330,220,370,336,60
720,421,155.843500,207,353,323,60
708,407,157.383797,199,356,312,60
695,392,151.569565,202,308,310,60
677,371,147.669662,165,286,272,60
665,356,146.076865,147,259,251,60
654,342,148.679962,138,259,238,60
638,323,151.789380,128,245,226,60
627,311,158.474002,117,227,213,60
618,299,148.356152,102,187,193,60
605,281,153.317088,96,197,183,60
596,271,153.095858,83,175,168,60
589,260,159.397123,82,162,162,60
585,251,159.315416,79,152,155,60
583,245,162.760176,79,137,148,60
580,235,166.287350,78,130,141,60
580,230,171.911735,87,119,144,60
580,222,169.087696,85,109,130,60
580,217,-169.529140,120,106,196,60
582,208,-175.315888,118,96,145,60
583,206,-175.201088,118,91,141,60
593,193,-156.336838,89,87,202,60
594,192,-150.709181,85,93,223,60
609,186,-115.537215,92,186,197,60
614,186,-99.300230,109,189,212,60
618,186,-88.883068,128,179,370,60
622,188,-76.175171,203,177,370,60
632,190,-65.887790,183,180,370,60
637,193,-54.318723,169,192,370,60
644,197,-47.386976,158,370,370,60
658,205,-43.355991,158,370,370,60
667,211,-44.043313,135,370,370,60
679,217,-44.763454,124,370,370,60
702,231,-46.355601,109,370,370,60
718,240,-45.426248,92,370,370,60
735,249,-45.573369,76,370,370,60
750,260,-34.684274,61,370,370,60
759,269,-30.413205,55,370,370,60
766,275,-24.374612,49,370,370,60
773,284,-21.572361,102,370,370,60
781,296,-13.653446,138,370,370,60
787,307,-11.257204,370,370,370,60
791,316,-6.178376,370,370,370,60
796,332,-3.878738,370,370,370,60
800,347,-3.342484,370,370,370,60
806,365,-3.270867,370,370,370,60
810,383,-3.524072,370,370,370,60
818,411,-3.263306,370,370,370,60
823,429,-3.244483,370,370,370,60
828,447,-3.027051,370,370,370,60
835,474,-2.824603,370,370,370,60
840,493,-2.623788,370,360,370,60
847,520,-3.224527,370,334,370,60
851,539,-2.775437,370,305,370,60
858,566,-2.377891,370,287,370,60
862,583,-2.168569,370,269,365,60
866,600,-1.787890,355,244,334,60
869,617,-1.965263,331,227,310,60
872,632,-2.067764,310,212,289,60
876,654,-1.651201,289,198,271,60
879,667,-1.381252,265,183,252,60
881,680,-1.171923,245,170,234,60
884,699,-1.066999,217,151,209,60
886,710,-0.878331,199,139,193,60
887,721,-0.885953,183,128,178,60
889,732,-0.973376,161,112,155,60
890,743,-1.241633,145,101,140,60
893,758,-1.459555,131,91,125,60
894,767,-1.185841,111,77,106,60
896,779,-1.375030,97,68,94,60
897,783,-3.299552,92,63,86,60
899,786,-6.300074,93,59,75,60
900,789,-10.199362,96,56,68,60
902,792,-14.956130,104,55,61,60
904,794,-20.223869,123,55,56,60
908,796,-29.507320,166,58,55,60
909,797,-39.704842,268,63,54,60
910,796,-55.009992,364,103,61,60
910,795,-78.497191,370,191,75,60
911,794,-98.711470,370,354,111,60
911,793,-120.471652,370,370,350,60
911,791,-136.482568,368,370,361,60
920,784,-146.188754,370,370,361,60
928,776,-153.172304,370,370,369,60
937,767,-150.199348,370,370,354,60
949,754,-155.868313,370,370,354,60
967,734,-154.677997,370,370,337,60
979,721,-155.223666,370,370,330,60
992,707,-151.657567,296,370,300,60
1010,686,-156.955162,298,370,299,60
1023,673,-150.100552,252,370,275,60
1035,659,-156.160666,235,370,264,60
1048,645,-155.524104,219,370,248,60
1068,625,-154.646764,209,370,234,60
1080,612,-147.143387,214,370,207,60
1093,598,-152.894846,197,370,196,60
1113,578,-150.185752,192,370,186,60
1126,564,-153.929088,370,286,161,60
1139,551,-151.529575,370,288,145,60
1153,537,-153.433724,370,285,134,60
1171,519,-145.744249,370,262,123,60
1182,507,-153.632314,370,175,102,60
1194,497,-147.515435,370,154,86,60
1209,482,-151.387654,370,123,73,60
1215,475,-152.727501,370,139,68,60
1220,469,-152.701263,370,129,63,60
1225,462,-156.707337,370,162,65,60
1228,456,-159.891429,370,210,68,60
1229,452,-170.472183,370,314,72,60
1231,445,-165.147331,370,213,63,60
1233,437,-171.252888,370,326,75,60
1235,426,-167.974909,370,258,63,60
1236,414,-173.359149,370,304,76,60
1237,402,-178.035434,370,287,76,60
1236,391,169.440720,149,363,288,60
1234,381,175.513828,178,287,148,60
1232,373,174.784410,357,259,100,60
1226,357,162.849935,312,257,138,60
1221,343,173.358589,330,238,123,60
1216,330,162.473933,323,224,133,60
1213,321,170.857294,312,209,145,60
1209,313,157.225899,296,204,166,60
1203,304,163.460178,282,199,186,60
1197,297,152.359933,240,207,195,60
1186,284,158.399672,227,204,183,60
1179,275,159.415427,234,173,178,60
1168,262,158.612878,226,163,168,60
1161,253,159.541085,214,149,154,60
1155,244,159.928132,209,139,144,60
1144,230,161.276336,202,128,133,60
1137,221,150.451962,175,125,114,60
1127,208,150.952778,183,104,110,60
1120,199,161.384698,173,90,96,60
1111,187,161.954543,168,81,87,60
1107,182,156.278453,158,76,78,60
1104,180,145.868785,135,84,72,60
1100,178,129.286836,123,113,73,60
1094,177,119.782925,118,132,76,60
1091,176,105.812861,121,114,92,60
1088,177,90.816347,72,103,124,60
1086,178,74.609201,58,105,118,60
1078,180,65.141973,54,78,107,60
1073,181,73.458566,48,73,100,60
1071,181,87.444430,56,86,116,60
1069,180,108.705045,80,86,109,60
1069,179,124.779790,92,99,83,60
1069,178,141.226210,96,90,71,60
1069,177,155.904413,109,71,69,60
1070,175,170.970688,114,65,68,60
1071,173,176.655983,117,62,69,60
1071,171,-166.641417,65,91,202,60
1073,165,-166.766707,65,54,93,60
1075,161,-164.282033,63,48,73,60
1077,157,-168.535776,51,44,78,60
1081,153,-153.376968,45,43,90,60
1084,152,-139.937316,44,56,192,60
1085,152,-132.149500,47,69,186,60
1088,153,-91.225113,71,183,207,60
1088,155,-69.570703,131,180,312,60
1088,156,-47.612277,183,241,370,60
1088,157,-30.233974,193,349,133,60
1092,161,-28.604404,197,370,111,60
1104,172,-28.269354,189,370,123,60
1115,181,-26.458619,258,169,220,60
1128,193,-29.321251,157,309,370,60
1141,204,-35.631984,142,251,370,60
1149,209,-37.271033,133,217,370,60
1158,216,-37.851875,124,202,370,60
1170,223,-38.900946,106,167,370,60
1187,234,-41.338822,94,144,370,60
1197,241,-41.712264,82,121,370,60
1204,246,-33.775840,75,130,370,60
1209,251,-28.849768,73,145,370,60
1215,258,-18.016759,78,219,370,60
1219,266,-11.021764,80,292,370,60
1221,271,-6.174516,87,370,370,60
1223,278,-4.130533,90,370,370,60
1224,285,-1.365946,94,370,370,60
1225,299,-0.126742,96,370,370,60
1225,306,0.175353,97,370,370,60
1223,316,0.788724,102,370,370,60
1221,326,2.725330,110,370,370,60
1216,341,5.407805,121,370,370,60
1212,349,9.926423,149,370,370,60
1206,359,12.400509,173,370,370,60
1200,368,18.735659,233,370,370,60
1189,380,23.390785,286,370,370,60
1179,392,23.779916,333,370,370,60
1166,405,23.599303,370,370,370,60
1153,419,24.060069,370,370,370,60
1134,439,23.794814,370,370,370,60
1121,453,25.586694,370,370,370,60
1108,466,26.916978,370,370,370,60
1087,486,26.708153,370,370,370,60
1074,499,26.614618,367,370,370,60
1053,519,27.123409,351,370,370,60
1040,533,28.688550,327,359,370,60
1025,545,30.107680,313,350,370,60
1004,565,29.188504,299,335,370,60
991,577,28.616272,286,317,370,60
977,589,28.760124,269,295,370,60
957,607,30.702335,254,284,370,60
944,619,31.762611,241,276,370,60
931,629,32.789722,224,261,370,60
919,639,32.785237,214,250,370,60
907,649,32.351824,204,236,370,60
889,663,33.410536,195,228,370,60
877,672,35.040014,185,221,368,60
867,680,36.332216,172,210,348,60
850,692,37.909411,164,205,336,60
839,699,39.662922,157,200,323,60
828,706,40.737932,145,191,305,60
813,716,40.131321,138,183,295,60
803,723,38.990051,133,169,286,60
793,729,39.073808,125,161,276,60
783,735,39.929344,116,151,261,60
769,745,39.701110,109,141,251,60
759,751,40.657598,103,135,243,60
751,756,43.255269,96,131,226,60
740,761,55.198812,96,155,217,60
734,763,61.637322,100,200,212,60
727,764,75.410604,114,206,221,60
720,765,80.878325,128,189,228,60
716,765,85.360233,140,183,238,60
709,765,91.600285,159,175,254,60
699,763,103.518693,202,171,293,60
690,761,109.484304,183,169,341,60
681,758,112.099589,162,161,370,60
671,756,112.448479,151,151,361,60
655,751,112.293373,138,139,337,60
644,748,113.743665,121,123,309,60
634,745,114.849078,110,113,298,60
619,740,114.788213,99,102,264,60
611,738,115.036141,89,92,235,60
606,736,121.512089,79,89,320,60
598,732,128.673373,72,88,370,60
594,729,138.204608,71,96,370,60
591,726,145.276068,71,121,370,60
588,721,158.052308,76,162,370,60
587,719,165.450978,83,237,370,60
587,717,174.058721,102,370,370,60
588,714,175.789989,109,370,370,60
588,705,-179.181621,140,370,370,60
589,699,-176.825233,130,370,370,60
591,688,-172.484522,148,370,370,60
595,676,-174.036545,144,370,370,60
599,665,-171.574517,166,370,370,60
609,642,-171.873715,183,370,370,60
615,625,-168.553891,206,370,369,60
622,608,-169.204161,219,370,337,60
629,591,-168.104233,240,370,320,60
640,565,-167.950365,258,370,303,60
652,540,-169.266507,283,370,276,60
660,523,-165.538617,288,370,261,60
668,505,-168.036421,300,370,247,60
676,489,-167.074284,334,370,226,60
685,472,-167.899094,343,366,213,60
698,447,-161.149313,354,348,202,60
707,430,-168.480221,370,335,186,60
715,413,-158.934266,329,276,159,60
728,388,-158.820296,334,288,111,60
737,372,-167.831641,305,264,94,60
746,358,-162.150790,275,230,78,60
757,338,-156.249355,248,142,62,60
761,330,-165.663755,248,189,63,60
764,321,-170.451420,251,210,66,60
767,310,-168.075366,234,205,61,60
768,302,-168.635475,224,191,61,60
768,296,-171.527607,226,183,63,60
768,284,168.842221,264,174,86,60
767,278,174.106573,283,169,103,60
766,270,168.411839,281,159,116,60
763,262,174.748631,257,151,111,60
759,252,170.126162,259,143,131,60
757,248,165.959069,258,138,142,60
751,239,161.089282,265,136,142,60
748,236,155.373264,247,136,133,60
743,231,151.487542,234,136,124,60
735,223,148.203008,226,132,118,60
728,216,149.515625,219,125,111,60
721,209,150.578163,210,112,102,60
713,203,139.458765,195,122,97,60
707,199,135.129491,185,136,94,60
703,197,126.949510,179,142,93,60
697,195,119.725591,172,190,99,60
693,193,113.088227,173,176,103,60
684,192,105.745533,175,163,110,60
679,191,97.091789,178,151,120,60
673,191,88.669771,200,139,154,60
664,192,78.387328,219,134,168,60
657,193,70.048404,254,132,148,60
652,195,62.840537,370,136,127,60
646,198,54.569460,370,144,118,60
634,202,54.507638,370,139,111,60
626,206,54.027143,370,125,103,60
617,209,51.600633,370,114,90,60
609,213,46.274230,370,109,85,60
604,217,43.348361,370,117,82,60
600,219,34.846213,370,136,80,60
597,222,28.636217,370,163,82,60
593,227,20.216558,370,170,80,60
589,232,16.527330,370,233,86,60
587,235,15.622109,370,278,86,60
583,243,11.938422,370,323,87,60
581,248,7.370901,370,370,92,60
577,261,4.887700,370,370,93,60
576,268,2.505888,370,370,94,60
575,279,1.007644,370,370,97,60
574,292,0.043337,370,370,97,60
575,304,0.001802,370,370,100,60
577,317,-0.545890,370,370,104,60
580,329,-1.449526,370,370,107,60
582,337,-3.943349,370,370,114,60
586,347,-5.490316,370,370,133,60
591,359,-11.135657,370,370,152,60
599,371,-10.886103,370,370,179,60
604,378,-18.248931,370,370,196,60
611,386,-21.065458,370,370,288,60
627,404,-22.600025,370,370,326,60
640,418,-23.098459,370,370,370,60
659,439,-24.416266,370,370,370,60
671,453,-23.572993,370,370,370,60
685,467,-23.814744,370,370,370,60
697,481,-23.103628,370,370,370,60
717,502,-22.476437,370,370,370,60
729,517,-23.058018,370,364,365,60
742,531,-23.284460,370,343,338,60
761,552,-22.670964,370,327,323,60
774,567,-22.417508,370,312,310,60
786,580,-21.437306,370,286,289,60
797,594,-20.702324,370,269,275,60
814,614,-21.518460,370,256,261,60
825,626,-22.148034,370,244,245,60
835,639,-21.809596,370,223,224,60
849,656,-20.240913,370,210,214,60
858,667,-19.951605,370,197,203,60
866,677,-18.686309,370,178,188,60
875,688,-17.501398,340,165,176,60
882,698,-17.497791,317,155,166,60
892,712,-18.769344,312,146,154,60
898,720,-19.131496,292,137,144,60
905,729,-18.761590,278,129,135,60
913,739,-17.442816,235,114,121,60
920,749,-16.660946,212,105,114,60
926,758,-16.226234,180,91,99,60
931,765,-16.294347,166,84,92,60
936,770,-24.233826,186,82,85,60
939,772,-33.173509,345,91,79,60
943,774,-44.233936,333,100,78,60
948,776,-55.916426,326,132,82,60
951,776,-66.907668,333,182,89,60
954,777,-76.995051,350,282,99,60
961,776,-91.883895,370,307,125,60
967,775,-99.524352,370,302,162,60
972,774,-107.542532,370,307,231,60
988,770,-111.391108,370,305,278,60
1002,766,-112.551452,370,286,285,60
1025,760,-114.776115,370,275,265,60
1040,756,-113.068395,370,246,244,60
1055,752,-111.989699,370,228,228,60
1077,746,-110.003200,370,211,213,60
1091,743,-109.592681,370,192,202,60
1105,740,-104.200460,313,165,185,60
1124,736,-106.345568,303,153,168,60
1136,734,-108.192358,289,142,152,60
1147,732,-107.127330,251,124,134,60
1158,730,-104.154677,210,110,124,60
1174,727,-104.709845,180,98,113,60
1184,725,-101.445928,157,88,102,60
1197,724,-104.748480,125,72,85,60
1201,722,-110.754313,155,69,72,60
1205,719,-129.619783,350,79,66,60
1208,717,-138.418284,370,88,65,60
1210,715,-145.017954,370,116,68,60
1211,713,-159.954006,370,184,78,60
1210,713,-166.925790,343,327,89,60
1209,713,-176.036292,357,370,109,60
1208,714,-174.789249,354,370,109,60
1207,703,177.929009,370,370,155,60
1205,698,170.485259,370,370,130,60
1201,683,170.680955,370,370,142,60
1198,676,172.712938,370,370,154,60
1193,666,170.432992,370,370,183,60
1186,652,158.280685,370,295,286,60
1173,628,168.739723,370,370,219,60
1165,612,168.893170,370,370,245,60
1153,589,168.758261,370,370,289,60
1144,573,168.743372,370,207,370,60
1136,557,167.205947,370,221,314,60
1128,540,161.008122,370,160,370,60
1117,519,170.552105,148,370,302,60
1111,507,169.690404,133,160,334,60
1106,496,160.082312,130,106,370,60
1096,476,163.494278,90,114,351,60
1091,464,162.708197,71,72,370,60
1086,455,162.695357,58,60,370,60
1081,442,172.090174,47,47,369,60
1079,437,176.054978,39,62,336,60
1080,434,172.468287,35,52,357,60
1081,432,-176.273191,41,319,268,60
1082,431,-162.799600,42,319,265,60
1084,432,-157.170854,62,345,214,60
1085,432,-143.538361,326,327,193,60
1093,427,-133.359133,323,277,186,60
1100,425,-124.521827,327,207,172,60
1114,419,-122.644334,326,192,164,60
1128,414,-122.663296,320,166,144,60
1140,409,-120.728375,317,149,133,60
1158,403,-119.258404,316,133,120,60
1169,399,-119.257129,312,119,107,60
1179,396,-119.433830,307,102,92,60
1192,391,-120.431666,281,91,83,60
1198,389,-127.732065,292,90,76,60
1204,385,-128.042782,283,84,66,60
1209,381,-138.852058,276,88,65,60
1212,378,-146.502078,278,136,71,60
1214,375,-152.665798,275,142,69,60
1215,372,-163.360308,295,249,80,60
1215,371,-170.933243,323,258,94,60
1216,365,-171.195412,316,257,93,60
1216,361,-170.830568,303,250,90,60
1216,350,143.370904,326,240,104,60
1215,344,176.922717,343,230,123,60
1213,330,176.692643,329,220,121,60
1211,324,174.944877,320,213,127,60
1208,316,172.151164,313,203,148,60
1204,307,161.097064,300,198,161,60
1199,299,165.568018,282,194,186,60
1193,290,156.277163,266,187,206,60
1187,280,164.356172,254,173,189,60
1177,266,164.648889,244,165,178,60
1171,257,154.987428,217,158,155,60
1165,247,165.098020,230,139,152,60
1156,232,165.382215,226,127,142,60
1150,223,165.103227,214,113,125,60
1142,208,167.088555,189,102,116,60
1137,200,168.408204,155,87,103,60
1131,186,169.015007,133,77,92,60
1126,178,170.392760,117,68,82,60
1123,173,167.626339,109,60,69,60
1121,171,162.546015,123,60,65,60
1118,168,154.112817,142,60,59,60
1115,166,146.302268,145,67,58,60
1114,165,136.836122,138,79,58,60
1112,166,114.780533,135,128,68,60
1112,167,98.666982,106,129,94,60
1114,168,70.298477,82,134,148,60
1115,169,54.002449,100,84,138,60
1112,170,50.151655,123,75,134,60
1107,172,51.238064,99,71,130,60
1102,174,62.477678,72,80,125,60
1096,175,77.324587,66,104,127,60
1091,175,85.221703,66,110,134,60
1088,175,99.231469,86,104,107,60
1085,173,118.210210,111,109,86,60
1084,172,134.349364,106,118,71,60
1084,170,157.524022,118,67,61,60
1085,169,160.980970,114,57,63,60
1084,166,167.028819,99,53,61,60
1081,158,173.991149,79,47,58,60
1081,154,176.614284,75,43,51,60
1081,150,179.028035,51,35,48,60
1081,147,-175.407916,38,46,197,60
1082,141,-174.645279,35,46,193,60
1082,139,-177.900929,32,24,35,60
1094,130,-114.038753,31,60,180,60
1096,131,-86.368153,56,170,220,60
1096,133,-66.153623,111,175,343,60
1096,135,-33.031310,173,188,370,60
1097,137,-24.040778,197,370,118,60
1102,142,-22.715167,195,370,118,60
1107,148,-18.157400,199,370,110,60
1110,154,-14.326884,204,370,103,60
1120,168,-18.104392,197,370,104,60
1127,176,-21.335133,178,370,133,60
1133,182,-26.527175,155,333,370,60
1141,188,-31.257407,141,266,370,60
1153,197,-40.724736,127,204,370,60
1162,202,-45.392083,110,156,370,60
1180,212,-48.218363,99,134,370,60
1202,222,-49.405522,92,122,370,60
1209,227,-41.546983,66,98,370,60
1213,231,-30.940784,68,127,370,60
1220,238,-24.098968,66,142,370,60
1222,242,-16.230661,66,152,370,60
1223,243,-11.499701,78,323,370,60
1227,256,-2.778810,87,370,370,60
1228,263,-0.891580,90,370,370,60
1229,279,-0.283324,90,370,370,60
1229,287,0.008583,92,370,370,60
1228,297,0.168076,93,370,370,60
1227,307,1.375597,97,370,370,60
1222,322,3.371586,106,370,370,60
1219,330,6.935692,117,370,370,60
