638,797,-177.639579,207,370,370,60
638,791,-175.835140,204,370,370,60
640,780,-174.571662,217,370,370,60
641,766,-175.009996,217,370,370,60
642,741,-172.328652,221,370,370,60
644,714,-172.810272,213,370,370,60
645,696,-173.905717,231,370,370,60
647,677,-172.566601,238,370,370,60
649,649,-174.394586,213,370,350,60
651,630,-170.945953,257,370,337,60
654,602,-176.878457,258,370,316,60
657,583,-172.799299,226,370,303,60
659,564,-174.448051,250,370,281,60
663,536,-176.042117,250,370,274,60
666,518,-173.714718,248,370,269,60
668,499,-172.043399,278,370,248,60
673,471,-176.253156,264,366,210,60
677,452,-169.342413,296,350,197,60
682,424,-174.835640,307,322,172,60
686,405,-174.931691,344,307,158,60
692,378,-170.679983,286,273,175,60
696,360,-175.363489,305,260,148,60
702,336,-172.021727,271,236,138,60
706,320,-167.609577,251,220,133,60
710,305,-174.408852,247,191,144,60
715,284,-169.010502,213,180,125,60
719,271,-164.244890,180,163,111,60
725,252,-170.911722,180,144,123,60
729,240,-164.588455,152,136,104,60
733,229,-172.630086,144,115,110,60
738,215,-164.722333,121,110,90,60
740,207,-167.010762,110,95,92,60
744,195,-175.999384,109,83,102,60
746,187,-174.856374,93,73,96,60
748,179,-165.892022,76,67,80,60
751,168,-164.975696,68,60,78,60
752,161,-168.577006,56,47,79,60
754,149,-166.735809,45,40,72,60
755,142,-168.860059,37,33,61,60
755,135,-166.180866,30,25,45,60
756,127,137.269270,20,14,21,60
755,125,166.940520,23,12,14,60
754,125,163.970546,23,12,13,60
753,126,148.154053,38,15,14,60
753,127,134.418793,111,22,18,60
752,128,114.339978,228,48,27,60
753,130,88.670819,309,219,63,60
754,131,59.864121,370,237,140,60
755,132,39.760932,370,322,230,60
756,132,24.143076,370,370,243,60
753,137,19.108365,370,370,266,60
749,142,18.567074,370,370,268,60
745,146,21.996119,370,370,250,60
740,150,32.142236,370,370,238,60
736,152,39.541084,370,337,214,60
733,154,46.157130,370,289,207,60
727,156,62.782226,370,233,204,60
723,157,69.742403,370,211,207,60
718,157,82.896431,305,186,125,60
711,156,97.664685,247,180,96,60
707,155,110.990009,192,170,65,60
700,152,121.987408,182,135,59,60
694,149,125.591142,173,96,52,60
682,143,124.291567,161,74,44,60
675,140,119.070285,151,82,42,60
668,138,119.583341,142,77,39,60
658,135,112.191330,137,82,39,60
656,135,98.804413,148,126,52,60
655,136,76.144801,226,125,107,60
656,137,55.392766,370,152,130,60
657,138,35.035733,370,208,133,60
654,141,25.085872,370,254,140,60
650,145,24.881859,370,298,141,60
643,153,23.469601,370,316,138,60
637,159,21.761485,370,370,140,60
632,166,23.699092,370,289,124,60
624,174,24.091813,370,298,121,60
618,180,26.294511,370,240,110,60
610,189,23.633331,370,240,103,60
604,195,28.499268,370,216,96,60
595,203,27.818825,370,173,85,60
589,209,24.676571,370,172,78,60
584,214,30.332282,370,128,68,60
576,222,27.122391,370,127,62,60
571,227,21.778353,370,153,62,60
565,233,21.705209,370,117,54,60
558,242,18.221857,370,140,49,60
550,252,17.149458,370,100,41,60
545,258,15.077459,370,135,41,60
540,264,14.056922,370,113,34,60
536,272,9.948881,370,116,30,60
535,275,6.622830,370,227,35,60
533,284,4.155599,370,309,35,60
531,290,2.907289,370,370,34,60
530,300,2.409889,370,370,34,60
528,312,1.127353,370,370,32,60
527,324,0.671512,370,370,32,60
527,339,0.041540,370,370,32,60
527,353,-0.018557,370,370,32,60
527,362,-0.002098,370,370,32,60
529,380,-0.190016,370,370,34,60
531,390,-1.575870,370,370,41,60
535,408,-2.523801,370,370,45,60
538,417,-4.236699,370,370,52,60
542,429,-5.322918,370,370,59,60
549,444,-8.375266,370,370,73,60
555,455,-7.469260,370,370,87,60
563,469,-11.501189,370,370,110,60
570,482,-10.912043,370,370,124,60
578,494,-12.973063,370,365,155,60
583,501,-15.842106,370,362,178,60
588,507,-20.890379,370,362,204,60
595,515,-21.428290,370,358,244,60
600,521,-19.676391,370,345,248,60
606,530,-16.238364,370,334,237,60
609,536,-12.921717,370,321,213,60
612,541,-8.834892,370,311,200,60
613,548,-2.588036,370,300,171,60
613,552,-0.889323,370,294,159,60
613,558,0.300549,370,288,154,60
612,563,1.381874,370,283,151,60
610,569,4.875750,368,278,138,60
607,575,6.328131,351,273,130,60
605,581,7.283254,336,268,124,60
600,591,6.509119,321,259,117,60
597,599,6.522543,319,251,116,60
592,610,6.230079,306,239,110,60
588,618,6.785782,296,231,106,60
583,628,7.116442,275,221,97,60
580,636,6.806472,268,214,94,60
577,643,6.921846,255,203,87,60
574,650,7.042384,245,196,85,60
570,660,6.663008,237,189,80,60
567,667,4.833874,234,182,80,60
564,677,5.626624,219,171,75,60
561,684,4.282282,217,164,75,60
559,690,3.968189,203,154,71,60
557,700,2.733158,199,147,71,60
555,707,1.916927,192,141,69,60
553,719,0.846272,176,128,66,60
552,727,0.312402,169,121,66,60
551,735,0.203705,154,109,66,60
549,747,0.394570,142,101,65,60
549,755,0.370290,131,93,63,60
549,760,-0.002888,118,84,63,60
550,762,-2.044093,118,82,66,60
551,762,-6.463138,124,82,75,60
552,761,-14.052921,161,86,99,60
552,760,-29.906497,220,93,93,60
552,759,-48.254093,370,118,92,60
552,758,-57.431657,370,185,102,60
559,759,-69.038326,370,265,111,60
565,761,-71.514462,370,322,116,60
572,762,-74.768087,370,370,120,60
583,763,-78.654024,370,370,124,60
591,764,-80.199414,370,370,128,60
603,765,-80.645466,370,370,128,60
611,766,-79.124498,370,370,124,60
624,767,-79.719756,370,370,123,60
632,768,-79.354250,370,370,121,60
641,769,-78.162271,370,370,118,60
650,770,-78.164989,370,370,117,60
663,772,-78.644882,370,370,116,60
672,773,-79.099236,370,370,117,60
685,774,-83.743825,370,370,118,60
693,774,-85.981363,370,370,128,60
705,774,-84.455405,370,370,130,60
713,775,-87.740068,370,370,127,60
722,775,-87.630797,370,370,134,60
734,775,-85.627727,370,370,131,60
743,775,-85.539603,370,370,127,60
755,776,-84.200985,370,370,123,60
764,776,-84.150635,370,370,123,60
777,777,-81.836304,370,370,116,60
785,778,-80.957025,370,370,113,60
794,779,-81.300359,370,370,113,60
807,780,-83.001062,370,370,114,60
815,780,-84.938793,370,370,118,60
827,781,-87.523584,370,370,123,60
835,781,-89.312921,370,370,128,60
843,782,-88.748720,370,370,125,60
855,782,-85.764043,370,370,121,60
863,782,-83.949956,370,370,114,60
871,783,-84.738614,370,370,114,60
884,783,-84.276667,370,370,114,60
892,784,-84.068005,370,370,113,60
900,784,-83.400540,370,367,110,60
913,785,-84.160125,370,357,110,60
921,785,-85.852490,370,349,113,60
929,785,-87.118326,370,335,117,60
941,786,-88.818599,370,327,124,60
948,785,-93.501334,370,317,135,60
956,785,-94.520487,370,309,140,60
968,785,-94.258671,370,301,138,60
976,785,-91.599473,370,292,134,60
988,785,-89.160069,370,280,123,60
996,785,-88.814637,369,272,120,60
1009,785,-90.074028,368,260,127,60
1017,785,-90.050070,354,251,125,60
1026,785,-85.248612,313,239,114,60
1038,785,-86.427140,306,231,116,60
1051,786,-88.277195,302,221,120,60
1060,786,-89.183640,290,208,123,60
1067,786,-89.944777,283,200,125,60
1080,785,-90.564644,276,189,133,60
1087,785,-93.181204,261,180,130,60
1096,786,-89.487739,235,168,123,60
1108,786,-86.379756,227,160,125,60
1120,786,-89.592663,206,148,121,60
1129,786,-90.060008,196,140,123,60
1137,786,-86.782979,171,127,116,60
1150,786,-82.670709,154,120,109,60
1158,787,-85.950682,145,110,114,60
1166,787,-84.198136,127,99,109,60
1179,788,-87.776556,120,89,116,60
1187,788,-91.886102,113,77,106,60
1195,787,-92.789995,102,69,93,60
1206,787,-94.595292,94,62,82,60
1214,787,-92.622847,75,50,68,60
1221,787,-94.620139,66,43,56,60
1229,786,-92.079997,51,35,48,60
1237,785,-99.930091,47,28,34,60
1238,784,-117.868183,93,33,31,60
1237,783,-137.987737,370,47,34,60
1236,783,-149.757474,370,82,44,60
1234,783,-165.333356,370,193,59,60
1233,785,-171.519837,370,370,75,60
1232,785,139.278785,370,370,75,60
1231,785,171.683243,370,370,106,60
1229,779,175.340673,370,370,107,60
1227,774,173.127756,370,370,114,60
1225,768,166.027480,370,370,144,60
1220,759,162.150954,370,370,180,60
1217,752,169.525499,370,370,145,60
1213,745,169.632904,370,370,151,60
1210,738,170.543567,370,370,152,60
1206,728,172.024057,370,370,169,60
1203,721,171.202467,370,370,173,60
1200,714,173.216949,370,370,158,60
1196,703,173.224249,370,370,155,60
1194,696,175.518188,370,370,179,60
1192,688,176.814926,370,370,155,60
1190,678,171.921988,370,370,155,60
1189,670,170.437848,370,370,186,60
1187,660,178.032798,350,370,162,60
1186,653,177.966234,370,370,175,60
1185,645,177.267868,302,370,164,60
1185,638,178.503445,285,370,161,60
1185,628,179.209216,279,370,162,60
1185,621,-175.152731,254,370,140,60
1186,614,-175.526881,245,370,140,60
1187,604,-178.427948,243,370,147,60
1189,596,-178.044394,231,370,141,60
1190,588,-177.674337,227,370,138,60
1193,576,-168.116976,223,370,128,60
1195,568,-175.475304,217,370,127,60
1196,560,-171.583643,221,370,116,60
1199,548,-169.969318,209,370,125,60
1200,540,-177.250590,230,370,107,60
1202,532,-178.078085,200,370,123,60
1204,524,-171.534996,217,370,107,60
1206,511,-173.676505,257,370,100,60
1208,503,-174.020815,241,370,102,60
1210,491,-173.989797,370,370,96,60
1212,484,-173.714525,370,370,100,60
1213,476,-170.358818,370,366,94,60
1215,465,-170.019005,370,335,87,60
1216,458,-173.569648,370,349,93,60
1218,446,-176.073402,370,340,89,60
1218,439,-170.918755,370,331,90,60
1219,432,167.393099,180,358,324,60
1218,421,163.983471,166,362,317,60
1218,414,176.923734,351,299,116,60
1218,407,168.584898,175,298,144,60
1218,400,-136.342978,172,294,148,60
1219,396,-169.974938,370,283,100,60
1220,391,-170.657803,340,280,85,60
1223,381,-170.586671,317,278,76,60
1225,374,-166.878843,305,267,73,60
1228,363,-167.757890,295,254,71,60
1230,355,-168.530300,288,246,69,60
1235,339,-168.651307,268,218,62,60
1237,329,-167.371018,254,220,59,60
1240,312,-166.864275,235,183,55,60
1242,303,-165.035292,255,192,68,60
1243,292,-176.267347,235,177,65,60
1244,279,-178.565048,206,171,55,60
1245,269,-179.443767,213,154,68,60
1244,260,162.290876,172,235,155,60
1244,246,178.912942,193,136,71,60
1243,239,178.109499,227,130,99,60
1242,232,177.808912,172,117,78,60
1241,224,177.814132,159,109,79,60
1240,216,176.608722,151,101,83,60
1238,205,176.274615,142,94,87,60
1236,198,165.998090,131,86,90,60
1234,191,174.798416,118,76,97,60
1232,184,174.884637,107,69,90,60
1229,174,172.536045,100,63,79,60
1226,167,160.665634,92,56,69,60
1223,161,168.940097,83,47,56,60
1218,151,168.000433,97,44,45,60
1215,145,166.862127,59,34,41,60
1214,144,158.731413,75,33,34,60
1212,144,140.162467,238,47,37,60
1211,144,125.760898,234,56,38,60
1210,145,105.193819,192,183,59,60
1210,147,77.786914,178,228,110,60
1211,148,57.633597,370,169,240,60
1198,163,28.334045,370,162,235,60
1192,168,23.134316,317,370,149,60
1190,171,21.333472,285,370,138,60
1182,180,25.700576,326,370,128,60
1174,185,38.698074,370,143,138,60
1169,188,41.296016,370,115,196,60
1160,194,44.152417,370,99,186,60
1153,198,46.791863,370,87,176,60
1146,202,44.400051,370,80,124,60
1136,207,50.221466,370,69,162,60
1129,209,53.280772,370,63,155,60
1119,213,63.814943,75,54,148,60
1112,215,66.329064,51,46,138,60
1101,218,65.578205,41,40,131,60
1094,220,66.289139,34,30,121,60
1085,222,72.474062,21,21,111,60
1083,222,89.407566,23,33,121,60
1082,220,108.252094,39,103,142,60
1081,218,131.471260,103,123,118,60
1080,217,146.248552,107,144,110,60
1080,215,161.466960,128,108,113,60
1080,213,171.102097,148,100,121,60
1077,206,165.034191,138,98,113,60
1074,199,174.085479,138,88,111,60
1072,192,174.908530,120,77,100,60
1068,180,174.681119,102,65,85,60
1065,172,174.390384,90,57,73,60
1061,161,173.408941,79,50,62,60
1059,154,172.813673,68,42,54,60
1055,146,169.746576,54,33,41,60
1053,144,160.931841,61,32,35,60
1052,144,146.276959,82,40,35,60
1051,145,123.521641,72,75,44,60
1050,146,96.920363,75,70,58,60
1049,147,79.176757,93,64,87,60
1050,148,52.441609,65,78,72,60
1052,148,29.018860,75,64,79,60
1053,148,17.873503,370,60,94,60
1055,148,8.311330,370,66,75,60
1056,148,1.985255,351,76,69,60
1058,146,-0.788361,333,85,71,60
1059,145,-6.248222,298,119,71,60
1060,143,-22.991297,259,370,75,60
1060,142,-37.536979,224,370,90,60
1059,140,-57.426671,214,252,370,60
1059,139,-76.931309,118,212,370,60
1065,139,-85.953735,93,205,329,60
1071,140,-85.631918,87,194,295,60
1077,141,-74.812844,110,193,341,60
1081,142,-63.947630,197,206,370,60
1086,145,-50.793859,188,224,370,60
1089,147,-42.416232,183,250,370,60
1092,150,-34.576168,186,300,370,60
1096,155,-24.033827,193,370,118,60
1099,158,-16.892814,204,370,99,60
1102,166,-6.729433,231,370,83,60
1103,170,-3.659354,245,370,79,60
1104,175,-2.684648,254,370,75,60
1107,185,-3.074940,251,370,71,60
1109,191,-4.195950,241,370,69,60
1112,201,-5.931302,233,370,71,60
1116,211,-6.108458,224,370,72,60
1122,227,-7.333681,216,370,75,60
1127,238,-8.047791,203,370,97,60
1134,254,-9.126028,193,370,370,60
1138,261,-11.090623,186,370,370,60
1141,266,-12.619363,173,370,370,60
1145,272,-13.962644,165,370,370,60
1148,278,-8.249158,171,370,370,60
1149,283,-4.325039,188,370,370,60
1149,286,-1.904798,196,370,370,60
1150,290,-0.604678,200,370,370,60
1149,295,0.023297,204,370,370,60
1149,298,0.464618,204,370,370,60
1147,303,2.520076,213,370,370,60
1145,306,5.105392,227,370,370,60
1142,311,10.608883,259,370,370,60
1140,314,16.177458,305,370,370,60
1136,318,24.500217,370,370,75,60
1133,320,31.037546,370,370,55,60
1129,322,36.728814,370,370,48,60
1123,325,50.575663,370,370,32,60
1113,329,53.185883,370,36,17,60
1099,335,52.385713,370,20,10,60
1087,341,53.582586,370,7,3,60
1079,345,47.421480,0,0,0,60
1077,348,27.568764,370,370,3,60
1076,350,14.377819,370,370,25,60
1077,352,1.848520,340,370,370,60
1079,352,0.010504,306,370,370,60
1079,361,-0.175102,303,370,370,60
1080,374,-0.524665,299,370,370,60
1080,378,-0.059825,302,370,370,60
1080,382,0.109376,302,370,370,60
1079,386,1.279714,307,370,370,60
1077,390,3.171380,319,370,370,60
1076,393,6.050378,337,370,370,60
1073,398,12.343672,370,370,370,60
1070,401,17.735616,370,370,370,60
1067,403,24.327174,370,370,370,60
1063,407,34.985167,370,370,370,60
1059,409,39.972171,370,370,370,60
1053,411,54.589500,370,370,370,60
1048,412,63.655398,370,370,75,60
1044,413,73.198907,370,370,25,60
1040,412,89.896692,370,370,7,60
1034,411,98.184922,370,10,3,60
1024,410,100.822598,0,0,0,60
1012,408,98.911117,0,0,0,60
1007,408,95.939314,0,0,0,60
1003,408,82.273265,0,0,0,60
1001,409,69.860327,370,370,20,60
1001,411,44.889410,370,370,370,60
1001,412,27.206516,370,370,370,60
1002,413,14.223698,370,370,370,60
1000,416,9.019384,370,370,370,60
998,420,10.695621,370,370,370,60
995,423,16.878750,370,370,370,60
993,426,22.239058,370,370,370,60
990,428,30.262516,370,370,370,60
987,430,38.398482,370,370,370,60
981,432,50.885125,370,370,370,60
978,433,57.562266,370,370,370,60
974,434,72.175403,370,370,370,60
970,433,80.759705,370,370,370,60
964,432,94.587894,370,370,159,60
960,431,105.834816,370,370,45,60
956,429,118.765978,370,370,14,60
952,427,130.276269,370,26,6,60
941,419,141.592764,0,0,0,60
934,414,135.289287,0,0,0,60
928,410,136.400340,0,0,0,60
922,408,119.839344,370,370,6,60
921,408,106.377381,370,370,87,60
920,409,88.179554,370,370,370,60
919,410,67.204576,370,370,370,60
914,413,58.165114,370,370,370,60
909,414,55.954930,370,370,370,60
904,416,61.706844,370,370,370,60
901,416,71.988817,370,370,370,60
897,416,77.570121,370,370,370,60
892,416,92.700923,370,360,370,60
888,415,99.803187,370,359,370,60
884,413,109.070899,370,370,355,60
879,411,122.385329,360,370,85,60
875,409,130.610391,350,370,76,60
872,406,139.255205,348,370,69,60
868,401,153.005412,353,356,65,60
864,397,150.835488,370,64,49,60
853,384,156.321143,348,322,51,60
846,377,152.176676,351,298,41,60
840,371,148.604389,330,304,32,60
832,364,144.398024,320,306,28,60
818,354,139.866351,302,312,149,60
811,350,135.467612,289,346,245,60
801,343,133.920180,281,345,241,60
787,336,127.457571,265,338,235,60
781,333,125.298853,255,310,234,60
774,328,138.393480,250,316,223,60
770,325,145.515653,251,274,219,60
766,320,151.311326,254,248,217,60
764,316,159.028343,272,218,175,60
763,313,169.215761,303,203,121,60
761,308,167.066534,298,199,127,60
761,304,171.833302,300,195,124,60
760,296,169.431844,300,186,110,60
759,289,169.821993,303,177,123,60
757,277,170.596152,282,168,120,60
756,269,169.518243,271,157,128,60
755,257,166.887283,257,149,130,60
754,249,169.821048,251,142,138,60
753,241,170.463734,228,133,134,60
752,232,168.325030,213,120,141,60
751,220,169.007031,188,111,134,60
750,211,168.402362,164,101,125,60
749,202,169.033932,168,95,111,60
748,189,168.154356,149,82,94,60
748,181,168.739754,118,71,87,60
747,172,165.362261,113,60,68,60
746,160,168.987034,83,50,61,60
745,152,166.918529,71,39,45,60
744,145,168.099274,55,31,37,60
743,143,164.345928,52,29,34,60
742,143,155.479448,85,33,32,60
741,143,144.646445,185,40,34,60
740,145,117.278088,214,70,42,60
739,146,95.021790,265,206,75,60
739,147,61.515215,370,218,161,60
740,148,45.441792,370,260,213,60
741,148,32.700426,370,370,224,60
737,152,26.632048,370,370,230,60
733,156,30.377015,370,370,221,60
726,162,31.773227,370,370,214,60
722,165,38.637590,370,345,204,60
718,167,44.605530,370,293,196,60
713,169,57.423578,370,252,189,60
707,170,67.390312,370,214,186,60
704,170,77.878007,370,182,195,60
700,169,89.309422,240,166,123,60
696,168,101.359355,196,166,93,60
691,167,112.585794,176,172,79,60
687,165,125.228221,165,139,69,60
683,162,126.851140,157,98,59,60
676,159,127.363687,149,91,56,60
665,153,125.405563,142,87,52,60
659,151,121.839260,135,86,51,60
657,151,99.628512,138,131,63,60
656,152,78.654355,173,122,96,60
657,153,54.980626,350,138,134,60
658,153,42.594611,370,203,134,60
658,153,38.947619,370,205,134,60
658,153,43.713249,370,190,133,60
658,153,43.767051,370,213,135,60
658,153,44.545599,370,191,133,60
658,153,37.410134,370,211,135,60
658,153,39.550687,370,191,133,60
658,153,39.923704,370,210,135,60
658,153,40.070056,370,213,135,60
658,153,40.892248,370,192,133,60
658,153,38.722998,370,213,135,60
658,153,40.573827,370,194,133,60
658,153,39.017516,370,222,137,60
658,153,40.310967,370,213,135,60
658,153,39.970458,370,210,135,60
658,153,39.126883,370,208,135,60
658,153,40.471052,370,209,135,60
658,153,40.454625,370,206,134,60
658,153,38.807309,370,215,135,60
658,153,40.784389,370,206,134,60
658,153,41.024727,370,205,134,60
658,153,42.913854,370,197,134,60
658,153,39.502711,370,210,135,60
658,153,39.527329,370,211,135,60
658,153,39.453984,370,220,137,60
658,153,42.127828,370,210,135,60
658,153,41.013272,370,205,134,60
658,153,39.456507,370,209,135,60
658,153,39.971200,370,204,134,60
658,153,41.179519,370,204,134,60
658,153,41.154048,370,213,135,60
658,153,39.524970,370,206,134,60
658,153,39.149038,370,212,135,60
658,153,39.939316,370,206,135,60
658,153,40.149530,370,208,135,60
658,153,40.379107,370,210,135,60
658,153,39.314793,370,212,135,60
658,153,39.556449,370,211,135,60
658,153,40.561798,370,213,135,60
658,153,40.894267,370,212,135,60
658,153,40.016525,370,209,135,60
658,153,40.125476,370,204,134,60
658,153,40.932976,370,203,134,60
658,153,39.063796,370,214,135,60
658,153,39.601087,370,207,135,60
658,153,43.887009,370,190,133,60
658,153,43.700919,370,205,134,60
658,153,38.977686,370,211,135,60
