638,804,-177.602680,200,370,370,60
638,801,-177.048770,220,370,370,60
639,792,-172.491619,226,370,370,60
641,772,-175.954417,217,370,370,60
643,754,-171.237545,223,370,370,60
646,727,-171.971784,228,370,370,60
647,708,-175.873119,221,370,370,60
650,680,-176.098713,237,370,370,60
652,661,-170.230568,264,370,370,60
655,633,-171.762651,255,370,370,60
658,614,-172.808559,257,370,370,60
661,586,-173.607895,268,370,370,60
665,558,-173.509846,269,370,271,60
667,539,-173.382684,292,370,255,60
671,510,-173.189736,275,370,230,60
674,492,-170.857939,312,370,213,60
678,463,-167.816487,331,367,204,60
682,444,-173.688309,370,353,193,60
685,426,-164.391240,369,332,190,60
688,407,-174.585347,295,294,213,60
693,379,-162.565674,309,288,176,60
697,361,-162.999520,298,264,179,60
702,336,-167.322678,261,228,173,60
705,320,-166.814789,241,212,169,60
710,297,-172.011311,217,198,159,60
713,282,-161.643763,197,183,152,60
719,262,-167.583309,185,158,158,60
722,250,-163.070994,155,142,144,60
726,237,-165.140785,141,127,141,60
730,221,-173.150255,135,113,148,60
733,211,-174.932945,124,103,145,60
736,201,-163.001249,99,91,125,60
741,188,-161.391397,87,83,120,60
744,179,-172.988721,80,65,107,60
747,174,-168.896726,72,61,106,60
752,169,-157.550311,63,60,107,60
755,166,-148.454359,58,62,93,60
759,164,-137.281130,56,76,78,60
763,163,-116.365079,62,84,71,60
764,164,-97.237633,80,66,72,60
765,165,-76.732884,80,61,93,60
766,166,-57.040635,66,76,370,60
767,169,-34.322715,69,104,370,60
767,170,-20.910336,79,161,370,60
766,172,-5.566788,94,370,370,60
765,174,-0.424097,123,370,370,60
764,177,1.230004,133,370,360,60
762,187,2.585704,137,370,353,60
759,195,5.775960,157,370,326,60
753,210,8.992320,370,370,309,60
746,225,9.728949,370,370,299,60
734,250,10.132503,370,370,282,60
725,267,10.866304,370,370,271,60
716,284,11.505153,370,370,247,60
703,309,13.345353,340,370,234,60
694,326,13.374292,319,370,223,60
680,351,12.861491,337,370,204,60
671,367,11.869825,361,370,192,60
661,384,14.647883,370,370,182,60
652,400,13.664514,370,370,165,60
637,425,13.432072,370,370,152,60
627,441,13.641238,370,370,140,60
616,457,14.685513,370,370,120,60
601,481,15.496315,370,370,110,60
590,497,15.916261,370,292,94,60
576,517,15.168836,370,226,75,60
572,525,10.507495,370,285,75,60
566,540,6.482101,370,312,73,60
564,546,3.045842,370,302,78,60
563,556,1.309494,370,293,80,60
562,564,0.481858,370,280,80,60
562,573,0.095709,370,271,82,60
562,586,-0.299074,369,262,82,60
564,596,-1.113577,362,254,85,60
565,603,-3.116568,360,241,93,60
570,616,-5.335035,355,233,103,60
573,622,-6.813289,355,227,116,60
578,630,-10.116324,336,222,133,60
582,636,-14.007690,312,215,164,60
590,645,-21.078722,289,215,206,60
595,649,-28.135107,258,228,209,60
603,654,-31.640324,251,226,204,60
618,664,-35.098618,230,232,190,60
628,671,-37.355749,216,231,183,60
639,678,-38.636985,199,220,173,60
650,686,-39.667943,188,213,165,60
661,693,-37.968878,178,200,158,60
677,704,-39.100079,166,192,151,60
688,711,-36.857172,151,174,140,60
698,718,-36.818193,141,164,133,60
708,725,-35.271748,133,152,125,60
722,735,-32.927879,124,139,120,60
731,741,-33.787595,116,132,113,60
740,747,-36.409628,104,131,107,60
748,753,-37.409925,90,122,97,60
762,769,-13.720008,102,78,89,60
764,775,-6.180243,109,72,89,60
765,779,-2.751016,102,67,89,60
765,783,-0.858293,87,61,85,60
765,787,0.001896,80,57,80,60
764,793,1.496984,71,51,73,60
762,797,4.328788,62,47,72,60
760,802,10.839896,54,44,71,60
758,804,16.778273,49,43,78,60
756,806,24.507058,44,44,113,60
754,806,45.546522,47,65,228,60
753,804,71.000885,61,137,237,60
753,803,93.494045,86,220,282,60
752,802,110.518756,192,233,370,60
751,801,124.245712,226,268,370,60
741,797,130.475471,219,268,370,60
736,793,136.551890,212,296,370,60
723,784,138.525011,204,305,370,60
711,776,140.797759,193,299,370,60
699,767,141.853756,178,285,370,60
681,754,140.724429,165,263,370,60
668,744,139.862872,151,238,370,60
656,735,142.256536,141,227,370,60
643,725,142.125188,121,196,370,60
626,712,142.896433,110,178,370,60
616,703,144.494199,96,162,370,60
603,692,149.719081,87,152,370,60
599,688,153.501872,87,184,370,60
594,681,156.322689,83,192,370,60
590,675,164.258233,87,260,370,60
587,668,171.136516,96,370,370,60
586,664,174.412196,102,370,370,60
584,652,177.725306,102,370,370,60
584,645,-170.053449,370,370,370,60
584,628,-175.825879,128,370,360,60
586,619,-175.406984,125,370,355,60
589,607,-174.316694,138,370,340,60
595,582,-172.515437,154,370,324,60
599,564,-168.270753,155,370,324,60
606,537,-171.369899,168,370,314,60
611,519,-170.849988,190,370,296,60
618,492,-171.884349,189,370,298,60
624,474,-165.219077,226,370,272,60
629,456,-168.397124,238,349,264,60
636,428,-172.457609,285,336,244,60
642,410,-161.838821,282,315,241,60
647,392,-163.895057,314,290,228,60
655,367,-159.702494,279,270,210,60
663,342,-166.488205,268,246,212,60
668,326,-161.297113,237,224,200,60
675,303,-165.571502,217,211,190,60
680,289,-161.767010,203,193,189,60
687,270,-164.793268,204,162,213,60
692,257,-161.454824,172,154,185,60
696,245,-159.458443,145,141,164,60
703,228,-172.683608,133,128,161,60
706,218,-159.999179,120,118,154,60
713,202,-160.536805,116,93,151,60
717,193,-160.077553,103,83,137,60
721,184,-160.261923,78,75,137,60
726,176,-162.168160,75,66,124,60
730,173,-154.384467,66,66,127,60
732,171,-148.360711,62,71,111,60
740,167,-127.276581,62,91,96,60
744,167,-114.456110,73,94,90,60
747,167,-91.994499,92,81,96,60
749,168,-74.054359,99,79,130,60
749,170,-55.129742,83,99,370,60
748,171,-32.164267,87,137,370,60
748,172,-19.779140,102,370,370,60
748,174,-14.062366,117,370,370,60
752,181,-8.735295,123,370,370,60
756,191,-6.405264,124,370,370,60
759,204,-2.133423,128,370,370,60
761,216,-0.783340,131,370,368,60
762,228,0.059083,133,370,364,60
761,240,0.165929,133,370,364,60
760,264,0.214947,370,370,361,60
759,283,0.196880,370,370,360,60
758,302,0.308895,370,370,355,60
756,331,0.473109,370,370,354,60
755,350,0.412470,370,370,351,60
752,378,0.617502,370,370,347,60
750,397,0.579562,370,370,344,60
747,426,0.892218,370,370,337,60
744,444,0.785202,370,370,336,60
742,464,1.261344,166,370,327,60
739,483,1.427996,171,361,323,60
734,511,1.444868,175,343,319,60
731,529,1.276948,182,315,312,60
728,548,2.137886,189,296,303,60
724,567,2.157001,195,277,298,60
719,593,2.284336,197,260,296,60
715,609,2.630625,204,243,289,60
711,625,2.945960,212,227,282,60
706,647,3.135052,221,204,274,60
702,661,2.969688,231,183,264,60
698,675,3.349708,226,169,254,60
692,693,4.952841,206,157,238,60
687,709,5.027284,182,140,216,60
684,720,4.180611,164,124,189,60
679,735,3.933922,151,114,172,60
676,744,4.519389,137,106,164,60
673,753,4.482006,120,91,140,60
669,763,4.837169,106,81,125,60
666,771,5.170340,94,73,114,60
661,783,7.903030,83,66,103,60
659,787,11.535740,69,59,103,60
656,790,17.907297,62,58,120,60
651,795,29.572003,58,60,144,60
648,797,40.343227,54,65,130,60
644,797,62.572252,59,96,118,60
643,797,82.081580,89,111,135,60
641,796,100.446287,131,109,185,60
641,794,126.420159,116,126,370,60
641,793,140.010684,117,180,370,60
641,791,151.351860,128,254,370,60
638,788,156.876807,131,308,370,60
632,780,163.118216,131,347,370,60
630,775,165.980172,138,370,370,60
626,766,169.246943,141,370,370,60
616,746,167.473693,134,370,370,60
609,730,166.220424,114,370,370,60
602,713,164.761619,103,341,370,60
591,688,165.741415,93,286,370,60
584,673,168.556806,90,336,370,60
580,658,175.371491,92,370,370,60
578,647,178.349238,90,370,370,60
578,639,-169.106936,370,370,370,60
579,623,-178.251745,109,370,370,60
580,616,-178.017710,114,370,369,60
583,604,-172.284892,137,370,337,60
588,582,-173.497026,142,370,333,60
592,573,-172.977357,148,370,330,60
600,554,-166.678202,190,370,305,60
612,530,-166.045950,228,370,278,60
620,513,-161.481456,276,370,254,60
632,487,-165.915933,257,370,257,60
641,471,-165.307521,283,369,240,60
649,453,-163.493171,317,353,226,60
662,428,-163.820782,357,344,207,60
671,412,-165.139285,333,316,212,60
680,395,-165.604054,324,291,195,60
694,371,-162.175479,310,272,188,60
703,355,-163.868787,268,274,157,60
711,341,-165.741328,264,234,159,60
724,320,-158.854158,245,221,148,60
732,307,-164.010807,220,201,133,60
744,289,-154.386134,197,197,113,60
752,277,-164.753119,186,170,109,60
763,261,-163.741494,173,158,102,60
769,252,-157.909875,151,151,82,60
772,245,-155.660578,141,145,76,60
777,235,-160.104662,137,135,76,60
778,230,-164.201613,134,123,79,60
780,223,-166.681085,127,112,80,60
780,216,-177.287025,123,106,82,60
780,210,-165.862457,117,101,83,60
780,206,144.858442,111,94,85,60
779,200,170.452988,145,86,106,60
779,193,178.643756,138,82,99,60
780,189,-177.560287,100,76,97,60
782,183,-166.514246,86,72,85,60
783,180,-171.287452,80,68,83,60
785,176,-167.039596,78,64,83,60
787,174,-163.907490,69,63,69,60
791,170,-156.544666,63,62,61,60
794,168,-149.415445,61,64,52,60
798,166,-142.077071,58,68,44,60
801,164,-134.291818,58,47,34,60
805,163,-116.675668,63,32,28,60
807,164,-101.823204,49,23,24,60
809,165,-81.122188,21,17,28,60
810,166,-62.332368,20,21,61,60
811,168,-38.268782,24,32,370,60
812,170,-22.298657,35,82,370,60
811,173,-5.709449,52,370,370,60
810,174,0.002658,63,370,370,60
808,174,3.814205,69,370,370,60
807,174,12.623684,102,370,353,60
800,183,20.787703,127,370,331,60
796,188,26.026322,370,370,295,60
783,199,34.527610,370,370,276,60
776,204,43.728079,370,366,251,60
761,212,48.653830,370,313,241,60
747,220,48.042371,370,297,228,60
731,228,50.956060,370,262,204,60
707,240,47.282560,370,247,188,60
692,247,51.272858,370,233,172,60
671,257,51.542714,370,192,151,60
657,262,54.847843,370,157,130,60
645,268,57.594896,370,137,118,60
626,275,57.516931,370,120,106,60
615,279,59.579303,370,106,93,60
606,283,59.340907,305,88,79,60
598,287,47.280793,370,93,73,60
593,291,41.318308,370,101,71,60
589,293,31.733695,370,123,71,60
586,298,17.712470,370,189,78,60
586,300,8.754201,370,338,89,60
587,301,3.114169,370,370,109,60
588,304,-0.002795,370,370,118,60
589,313,-0.158330,370,370,120,60
592,325,-2.631167,370,370,130,60
596,337,-3.101487,370,370,140,60
600,347,-8.181992,370,370,159,60
606,358,-9.646165,370,370,183,60
618,380,-9.919261,370,370,197,60
627,397,-10.739923,370,370,217,60
636,413,-9.353895,296,370,234,60
649,438,-10.729036,269,370,254,60
659,456,-10.236986,240,370,271,60
672,481,-8.889609,221,368,293,60
681,498,-9.388390,209,351,312,60
694,524,-8.406489,199,333,321,60
703,541,-8.549393,185,307,341,60
711,558,-9.630494,172,290,351,60
723,582,-10.109172,162,274,331,60
731,597,-9.378748,151,258,312,60
739,612,-8.462419,140,235,288,60
749,634,-7.318676,134,219,272,60
755,647,-6.986856,127,206,258,60
764,667,-7.939754,114,186,231,60
769,679,-8.429766,109,173,216,60
775,690,-7.666286,96,156,193,60
781,705,-5.357947,92,144,180,60
782,712,-2.425639,96,135,180,60
784,720,-1.093460,99,124,172,60
784,729,-0.007551,102,119,168,60
783,736,0.530260,104,108,154,60
782,741,1.977992,110,103,151,60
779,750,4.187280,117,96,144,60
777,753,9.305007,113,93,155,60
774,758,16.196477,104,92,171,60
771,760,22.653168,96,92,199,60
767,763,33.205365,87,101,254,60
763,765,45.703083,87,115,241,60
759,766,56.265095,93,161,234,60
753,767,72.800064,104,241,241,60
749,768,83.545513,121,221,262,60
742,768,89.815876,147,208,289,60
735,766,107.579716,217,210,370,60
726,764,113.290157,219,211,370,60
720,762,121.126403,196,221,370,60
707,756,124.090481,186,219,370,60
696,752,123.654835,175,209,370,60
680,745,123.614253,159,192,370,60
669,741,122.449366,148,176,370,60
658,736,123.573418,131,154,370,60
643,730,122.503393,121,138,370,60
632,725,123.199936,110,128,370,60
621,721,124.985100,100,119,370,60
608,715,127.949908,85,102,370,60
603,712,132.629135,79,105,370,60
597,709,136.192901,72,103,370,60
594,706,141.603349,72,113,370,60
590,702,154.771015,73,136,370,60
588,699,160.790538,79,190,370,60
588,695,172.806967,92,363,370,60
588,692,175.234157,106,370,370,60
586,684,175.018346,104,370,370,60
586,678,179.613689,114,370,370,60
586,663,-176.694828,141,370,370,60
588,654,-177.873072,130,370,370,60
590,641,-173.894841,141,370,370,60
594,629,-170.864962,141,370,355,60
599,617,-169.534662,176,370,370,60
605,602,-168.942627,190,370,370,60
615,576,-166.963329,196,370,321,60
622,559,-167.974719,223,370,307,60
629,541,-167.466624,247,370,262,60
637,524,-167.179768,262,370,250,60
648,498,-166.686497,254,370,251,60
656,480,-167.940289,290,370,233,60
663,463,-166.929920,312,358,219,60
675,437,-166.603696,320,339,212,60
683,420,-166.554920,351,331,188,60
692,403,-160.597374,320,307,171,60
704,378,-157.669436,319,279,175,60
712,362,-163.880109,306,261,169,60
721,347,-167.489965,285,247,158,60
732,326,-166.464912,255,226,141,60
740,312,-160.453248,238,211,131,60
752,294,-155.762828,200,206,102,60
762,276,-155.043415,195,173,104,60
769,265,-158.872180,180,161,96,60
776,253,-146.135796,161,145,83,60
781,244,-162.104618,142,142,66,60
785,237,-159.586802,135,132,66,60
787,230,-162.550782,131,126,66,60
789,223,-164.109706,127,117,68,60
789,218,-166.398916,125,109,72,60
790,210,-167.093145,117,101,71,60
790,206,-179.741195,125,91,90,60
790,200,170.235164,159,88,102,60
788,193,173.735310,147,82,96,60
787,190,168.906431,134,79,94,60
786,189,165.940407,140,77,89,60
783,186,159.617293,172,78,80,60
779,182,149.489376,214,79,75,60
776,180,142.718662,262,84,72,60
773,178,134.808767,247,101,72,60
768,177,119.528766,244,136,78,60
764,177,108.310476,257,245,92,60
762,177,92.138280,305,228,121,60
760,178,74.623067,370,230,164,60
754,180,69.561510,370,235,213,60
748,181,64.037706,370,240,230,60
736,185,61.978336,370,236,219,60
724,189,59.623794,370,232,206,60
712,193,58.125237,370,215,188,60
693,199,58.961161,370,193,175,60
680,203,59.974109,370,173,155,60
668,207,64.159557,370,152,145,60
650,212,64.496250,341,136,134,60
633,217,67.757525,306,118,114,60
623,220,68.500091,230,98,99,60
608,224,65.348710,233,89,86,60
598,226,65.976517,189,78,78,60
593,229,55.901124,319,77,65,60
588,232,38.445770,370,95,65,60
586,235,28.307775,370,139,71,60
583,239,19.913794,370,161,72,60
583,241,9.793127,370,347,86,60
583,242,2.847859,370,370,99,60
583,247,1.210462,370,370,109,60
583,253,0.205807,370,370,111,60
585,265,-0.555278,370,370,113,60
586,272,-2.225690,370,370,116,60
589,282,-2.915692,370,370,121,60
593,291,-5.520264,370,370,144,60
600,307,-9.557562,370,370,159,60
604,314,-11.192857,370,370,190,60
615,329,-15.543383,370,370,223,60
625,343,-16.965444,370,370,274,60
642,366,-16.560295,370,370,302,60
653,381,-16.680444,370,370,317,60
664,397,-17.595185,370,370,365,60
676,412,-17.554161,370,370,370,60
687,428,-15.954003,370,370,370,60
704,451,-15.741738,370,370,370,60
721,474,-15.082269,370,370,370,60
732,490,-15.914190,370,370,370,60
748,514,-16.161857,370,354,370,60
759,529,-15.423498,116,328,362,60
770,545,-14.774867,90,305,345,60
786,568,-13.879228,78,267,329,60
795,582,-12.344116,68,239,313,60
801,595,-8.407584,65,257,312,60
805,604,-6.525383,61,247,305,60
807,615,-2.472608,65,233,312,60
809,625,-1.129819,65,224,306,60
809,632,-0.047270,66,212,299,60
809,641,0.104880,66,203,286,60
807,653,2.697647,71,195,283,60
804,661,5.384754,85,184,285,60
801,666,10.482391,106,181,312,60
794,677,14.609775,123,175,320,60
790,682,20.570499,157,174,314,60
785,688,23.386628,171,172,289,60
778,693,36.515141,161,188,265,60
770,698,39.945178,154,199,247,60
758,706,39.566651,148,195,238,60
748,713,42.407256,141,188,230,60
738,719,43.427156,135,187,219,60
728,726,43.559216,125,174,203,60
713,735,41.860987,117,157,189,60
698,744,40.510617,110,147,179,60
689,750,42.515970,104,140,169,60
680,755,46.191290,99,141,154,60
669,759,59.306224,102,173,147,60
662,761,67.578033,109,141,141,60
657,762,77.171428,123,127,145,60
649,763,83.034032,135,116,145,60
639,762,96.172034,151,109,158,60
633,761,101.357452,127,104,172,60
625,759,110.796427,107,101,213,60
618,758,111.812520,97,97,230,60
611,756,110.027185,89,88,203,60
600,753,116.149912,78,77,188,60
596,751,126.816343,71,81,314,60
593,748,136.932065,68,99,370,60
588,743,147.612097,71,119,370,60
586,740,156.763146,75,173,370,60
585,737,165.777408,85,292,370,60
585,734,176.420365,100,370,370,60
585,731,179.253577,111,370,370,60
587,718,-177.344739,144,370,370,60
588,711,-177.027006,127,370,370,60
592,700,-175.706460,140,370,370,60
596,690,-171.846503,151,370,370,60
601,679,-164.772854,185,370,370,60
609,665,-162.306102,244,370,370,60
623,640,-164.788049,265,370,370,60
632,624,-163.686337,265,370,370,60
641,608,-164.826857,290,370,370,60
656,583,-163.235875,326,370,370,60
665,567,-163.379098,354,370,370,60
674,550,-163.424585,370,370,370,60
689,526,-162.206911,370,370,370,60
699,510,-163.536727,370,370,370,60
709,494,-162.346204,370,370,370,60
725,470,-159.248804,370,370,164,60
735,454,-161.654728,370,360,138,60
746,438,-161.377036,361,314,111,60
756,423,-161.181494,344,280,100,60
773,400,-161.009588,324,232,87,60
782,386,-152.128458,286,129,63,60
789,374,-159.846236,289,160,63,60
793,364,-163.226164,285,175,62,60
795,354,-166.933292,283,219,62,60
797,347,-167.842678,278,241,63,60
797,342,-171.208921,281,230,66,60
797,335,-168.348709,264,225,63,60
796,324,164.911936,272,305,220,60
795,316,170.120092,337,211,123,60
794,310,172.292829,320,197,107,60
789,297,174.317425,324,191,121,60
785,286,173.609358,275,177,113,60
781,280,167.938633,305,169,149,60
777,272,167.828268,289,161,157,60
771,265,158.652061,290,162,172,60
763,255,157.747840,269,158,157,60
756,247,156.373421,261,150,149,60
745,236,155.817889,244,135,133,60
738,228,155.260200,235,128,123,60
727,216,152.908012,224,121,114,60
719,208,155.273383,217,111,106,60
712,200,155.184956,207,97,93,60
705,194,147.062614,193,100,87,60
700,190,141.576819,182,104,83,60
696,188,126.836355,171,119,83,60
692,187,117.670390,169,183,92,60
687,187,104.339652,175,165,103,60
678,187,87.585810,210,147,147,60
673,188,76.228511,238,142,173,60
669,189,63.110997,370,154,145,60
664,192,55.228187,370,164,137,60
653,197,51.485630,370,166,130,60
644,201,51.905128,370,152,121,60
634,205,53.924412,370,140,111,60
624,209,53.338149,370,120,97,60
611,215,52.374329,370,110,87,60
605,218,42.515602,370,118,80,60
599,222,38.699988,370,121,76,60
594,226,28.038927,370,156,79,60
592,229,21.104894,370,208,83,60
587,236,19.444720,370,234,85,60
586,239,10.265996,370,344,90,60
583,245,10.605071,370,370,89,60
580,255,4.968315,370,370,94,60
578,264,3.122082,370,370,100,60
577,275,0.338885,370,370,100,60
577,287,0.406009,370,370,102,60
577,294,-0.121045,370,370,103,60
580,311,-0.452651,370,370,106,60
582,318,-1.600530,370,370,111,60
585,329,-2.309391,370,370,121,60
590,341,-7.331491,370,370,135,60
596,352,-8.667075,370,370,162,60
600,359,-13.846780,370,370,196,60
610,373,-16.516543,370,370,230,60
621,387,-18.165242,370,370,257,60
632,401,-17.661416,370,370,299,60
649,423,-17.650519,370,370,324,60
661,438,-17.193872,370,370,343,60
672,454,-16.461626,370,370,361,60
689,477,-16.545334,370,370,370,60
701,493,-17.316277,200,369,370,60
718,516,-16.509769,165,352,370,60
729,531,-16.047542,141,336,365,60
745,554,-15.200839,124,310,343,60
756,569,-15.188094,111,293,326,60
766,585,-15.662021,94,270,298,60
780,605,-13.065753,83,255,282,60
784,614,-8.490619,83,239,286,60
788,624,-6.258088,83,222,281,60
791,635,-1.779083,87,213,286,60
792,644,-0.534053,87,205,283,60
792,655,0.155066,90,193,272,60
791,664,0.669225,92,184,261,60
790,669,2.574383,99,175,258,60
786,680,5.593060,106,167,252,60
784,684,10.048072,125,164,271,60
779,691,13.993842,162,158,296,60
776,695,21.008680,165,161,286,60
768,704,25.034070,157,161,271,60
761,710,27.851067,147,157,258,60
750,721,29.119743,137,147,247,60
742,728,30.415216,128,139,237,60
734,735,30.494257,117,131,221,60
722,745,31.537898,110,125,212,60
714,752,29.717906,103,118,203,60
707,757,34.204355,94,111,189,60
702,761,41.098179,90,119,179,60
692,766,50.921545,89,140,165,60
684,768,64.522720,96,180,164,60
678,769,70.973279,102,162,161,60
671,770,84.423314,128,141,178,60
663,769,94.787391,148,133,189,60
658,768,108.428674,141,132,274,60
647,765,115.118416,127,132,343,60
638,762,115.373489,113,118,317,60
628,759,113.132205,106,109,282,60
616,756,113.636257,96,98,251,60
608,753,117.243021,86,89,228,60
602,749,131.898066,78,97,370,60
598,747,142.012242,76,121,370,60
595,743,149.165788,78,146,370,60
592,738,160.882009,86,218,370,60
590,734,165.985897,92,320,370,60
587,726,173.764249,96,370,370,60
586,721,176.373869,107,370,370,60
585,710,179.132251,111,370,370,60
586,703,-171.405693,370,370,251,60
587,686,-178.632053,135,370,370,60
589,678,-176.679318,130,370,370,60
592,666,-171.110293,157,370,370,60
599,641,-171.306399,168,370,370,60
604,624,-170.096859,178,370,370,60
609,607,-173.058616,176,370,333,60
615,589,-174.456909,180,370,305,60
624,562,-170.204925,210,370,292,60
629,544,-169.494654,219,370,275,60
636,526,-170.514094,235,370,264,60
642,508,-168.490451,259,370,250,60
652,482,-164.331795,274,370,240,60
658,464,-163.412586,334,364,216,60
669,437,-170.589306,298,338,223,60
676,420,-169.355597,306,320,216,60
683,402,-161.872941,323,304,183,60
690,385,-161.453393,305,285,176,60
701,360,-169.687153,275,277,159,60
707,345,-162.576525,269,249,162,60
714,330,-162.346501,251,235,152,60
724,308,-161.535831,219,219,133,60
730,295,-169.388359,216,184,144,60
737,282,-161.751232,189,177,124,60
746,263,-168.229307,169,168,111,60
752,252,-163.267778,157,157,103,60
759,238,-159.627638,140,140,94,60
761,232,-164.710592,135,128,96,60
763,224,-164.907242,131,119,99,60
764,216,-167.360211,121,107,99,60
765,209,-170.188316,116,100,102,60
765,204,168.453564,240,132,97,60
764,196,165.384848,159,87,100,60
764,191,-161.192677,87,91,69,60
766,185,-177.018754,89,73,106,60
767,180,-165.783061,86,69,109,60
768,176,-166.203899,72,64,94,60
767,174,131.814052,72,62,97,60
766,170,167.267082,92,58,73,60
765,166,177.194490,76,51,68,60
763,162,171.165244,78,49,61,60
761,159,164.167031,90,47,52,60
759,157,155.919245,121,49,48,60
757,158,134.965114,238,60,48,60
757,159,115.536445,238,135,63,60
757,161,82.565019,288,224,93,60
758,162,62.482255,370,239,197,60
759,162,46.410298,370,318,233,60
753,166,38.756975,370,339,233,60
746,172,31.560718,370,370,233,60
738,179,30.107841,370,370,231,60
728,189,29.399672,370,370,216,60
708,207,31.233056,370,364,199,60
694,219,34.536617,370,306,176,60
672,237,30.121067,370,278,161,60
658,250,31.140099,370,290,151,60
637,267,31.953403,370,229,127,60
624,277,33.597083,370,208,114,60
611,287,38.723226,370,143,89,60
593,300,37.520661,370,126,78,60
582,307,37.463997,370,98,61,60
577,312,30.059859,370,113,59,60
570,320,24.189571,370,130,59,60
567,323,15.996406,370,153,59,60
567,326,7.234101,370,312,69,60
568,327,2.387031,370,370,83,60
567,332,1.331815,370,370,86,60
567,338,0.007047,370,370,89,60
568,350,-0.351101,370,370,92,60
570,358,-2.291584,370,370,99,60
575,374,-3.031108,370,370,103,60
578,381,-5.667922,355,370,120,60
583,391,-7.944149,337,370,137,60
589,402,-11.953338,333,370,158,60
596,411,-16.698799,370,370,210,60
604,421,-24.945574,370,370,247,60
614,429,-26.376446,370,370,370,60
627,441,-29.041228,370,370,370,60
647,459,-29.553454,370,370,370,60
661,472,-30.295443,370,370,370,60
675,484,-30.195248,370,340,370,60
697,503,-26.268550,370,309,364,60
711,516,-28.407074,370,274,345,60
725,529,-27.533687,370,253,333,60
744,547,-25.189499,148,235,321,60
755,558,-28.015442,120,196,307,60
767,569,-27.641981,79,162,292,60
782,584,-26.073393,69,144,282,60
791,593,-23.288962,56,132,272,60
795,599,-16.403816,59,181,279,60
799,605,-13.793442,58,205,279,60
803,613,-8.741725,59,238,285,60
806,620,-5.845628,59,229,286,60
807,625,-2.772498,62,222,292,60
809,637,-0.736330,63,211,290,60
809,643,-0.004669,66,201,283,60
808,657,0.659967,68,192,272,60
806,664,2.462790,75,180,265,60
803,677,4.700199,80,171,257,60
800,683,8.519348,96,167,269,60
795,690,11.733289,121,158,279,60
790,697,18.479589,157,157,314,60
785,703,22.192145,155,154,292,60
782,706,29.323609,147,162,274,60
773,713,32.891455,142,163,262,60
766,719,34.298371,135,159,254,60
753,728,35.881625,125,152,240,60
745,735,36.485488,120,147,230,60
736,741,38.033779,110,139,214,60
727,748,38.919604,103,132,204,60
714,756,45.131938,97,129,195,60
708,759,53.050172,97,151,185,60
698,762,63.002991,100,186,176,60
694,763,72.321612,110,176,179,60
685,764,80.369849,121,158,180,60
679,764,86.985665,144,148,197,60
672,763,97.143158,171,142,214,60
667,762,108.657046,151,142,298,60
657,758,116.001944,138,144,370,60
644,754,117.440871,123,133,370,60
634,751,117.833946,113,123,368,60
625,748,118.153750,104,113,343,60
613,743,124.555384,89,101,364,60
607,740,130.488973,83,107,370,60
602,737,133.678735,76,105,370,60
597,733,143.972463,75,113,370,60
595,730,150.927489,78,141,370,60
593,728,156.971992,82,176,370,60
590,722,164.474266,89,263,370,60
588,717,168.386464,93,361,370,60
587,713,173.819668,102,370,370,60
585,706,174.638054,102,370,370,60
584,694,177.108377,99,370,370,60
584,678,-141.160363,106,370,370,60
586,670,-173.758100,130,370,370,60
589,656,-173.950342,140,370,370,60
593,644,-170.398687,144,370,370,60
598,632,-167.337394,186,370,370,60
609,608,-166.745827,212,370,370,60
616,592,-165.483664,204,370,370,60
624,575,-166.737421,240,370,370,60
636,549,-166.641195,250,370,292,60
644,532,-166.657677,282,370,251,60
653,516,-165.964735,302,370,228,60
665,490,-166.498492,321,370,217,60
674,473,-165.652821,338,370,207,60
683,457,-165.315061,368,354,192,60
692,440,-160.209116,362,346,171,60
705,415,-163.074548,358,319,171,60
715,399,-165.670879,329,295,154,60
723,383,-154.592255,289,291,128,60
737,360,-165.733892,290,262,133,60
746,345,-165.273870,275,246,123,60
759,324,-166.395042,252,223,110,60
766,311,-157.858171,224,219,90,60
774,299,-156.439488,200,181,76,60
779,291,-159.933054,195,189,73,60
784,280,-161.037493,192,178,73,60
786,275,-163.243048,180,174,66,60
788,267,-162.080826,172,161,66,60
789,259,-167.988170,172,153,69,60
790,252,-167.591558,169,145,72,60
790,244,138.793233,159,135,72,60
789,237,165.910356,227,129,131,60
787,232,170.877333,199,119,125,60
785,223,174.139299,189,113,128,60
781,215,168.801423,183,106,127,60
778,209,171.634589,192,101,113,60
775,201,171.527679,145,87,107,60
769,190,169.704271,130,79,97,60
766,182,168.182959,164,77,80,60
763,177,162.551906,135,66,72,60
758,173,151.328623,171,67,66,60
755,171,144.865453,243,71,63,60
751,169,136.541708,226,85,62,60
747,168,116.093770,223,117,68,60
746,169,98.129365,240,224,83,60
745,170,74.206456,323,212,133,60
745,172,47.036506,370,266,219,60
744,173,32.297650,370,370,228,60
735,181,25.841298,370,370,231,60
728,190,24.447655,370,370,230,60
718,200,25.663240,370,370,213,60
700,220,25.488098,370,370,200,60
687,234,23.513035,370,370,195,60
674,248,25.748064,370,364,166,60
654,269,27.139736,370,345,154,60
641,282,27.504175,370,280,137,60
628,296,22.438254,370,292,121,60
614,309,23.692055,370,240,104,60
596,327,25.871797,370,193,90,60
585,338,28.871595,370,162,76,60
579,344,22.518056,370,163,69,60
571,354,19.074547,370,154,63,60
568,360,14.149795,370,208,65,60
564,367,12.295586,370,249,63,60
560,374,6.733808,370,290,63,60
558,382,4.217108,370,370,68,60
557,387,1.518834,370,370,72,60
555,400,0.685003,370,370,72,60
556,408,0.075927,370,370,73,60
557,419,-0.475996,370,370,76,60
559,431,-1.013671,370,370,78,60
562,442,-1.755032,370,370,82,60
564,450,-3.649256,370,370,93,60
571,465,-5.827233,364,370,109,60
577,476,-10.497236,336,370,133,60
584,486,-15.755804,303,370,178,60
592,494,-23.012373,285,370,217,60
602,503,-24.784746,264,370,295,60
614,515,-25.721531,243,367,351,60
634,535,-26.265157,227,357,336,60
648,548,-26.316731,204,334,314,60
668,568,-26.442705,189,320,299,60
682,581,-26.278449,178,303,289,60
702,600,-24.787317,158,279,268,60
714,612,-25.199778,144,266,255,60
726,624,-25.013376,124,246,237,60
738,636,-24.001734,113,231,226,60
754,652,-25.233864,100,221,212,60
763,662,-22.674349,90,198,200,60
768,669,-16.279969,89,190,200,60
773,677,-12.137560,90,172,199,60
777,686,-5.207548,96,162,204,60
779,694,-3.099408,100,154,203,60
780,699,-1.376858,103,145,199,60
781,709,-0.441903,103,138,192,60
781,714,0.031985,106,130,183,60
779,723,1.345593,109,123,175,60
778,728,3.515752,116,118,175,60
775,734,6.670874,135,111,176,60
771,740,13.008083,130,108,188,60
768,745,18.019213,113,105,219,60
762,750,26.886121,104,109,264,60
757,755,29.237825,99,108,251,60
751,760,31.621452,90,103,237,60
745,764,44.485255,87,112,226,60
741,766,53.242759,90,139,216,60
737,767,61.931547,94,177,214,60
730,768,75.200212,110,211,224,60
724,768,83.348723,120,198,231,60
715,767,97.521055,164,185,279,60
707,766,103.845524,195,180,307,60
702,764,115.598074,182,189,370,60
691,760,121.966576,171,193,370,60
681,756,124.706485,155,185,370,60
665,749,123.298929,144,173,370,60
655,745,123.089917,134,157,370,60
644,741,122.938425,123,144,370,60
633,736,122.899372,106,123,370,60
623,732,123.527814,96,113,370,60
608,726,125.959227,85,98,370,60
602,722,134.144513,76,106,370,60
596,718,139.376903,72,110,370,60
591,713,150.399386,75,136,370,60
589,709,159.965513,80,193,370,60
586,703,169.723831,86,280,370,60
585,699,170.551080,94,370,370,60
583,691,173.498638,96,370,370,60
581,681,175.822027,99,370,370,60
580,670,178.077424,100,370,370,60
580,662,-172.148849,370,370,370,60
581,645,-178.896174,118,370,370,60
584,637,-173.945528,131,370,369,60
589,618,-169.192880,151,370,370,60
595,604,-173.260675,154,370,327,60
599,595,-167.499013,188,370,370,60
609,579,-163.363728,216,370,370,60
617,564,-162.554329,261,370,370,60
627,549,-163.205779,276,370,370,60
642,525,-161.958320,286,370,271,60
651,509,-161.888259,343,370,238,60
667,485,-160.503638,370,370,370,60
677,470,-161.952115,370,370,195,60
688,454,-161.002238,370,370,173,60
699,438,-161.177395,361,343,164,60
716,415,-160.036602,341,329,149,60
727,400,-159.158248,314,302,131,60
738,385,-150.963177,285,218,109,60
754,364,-159.940280,285,273,107,60
770,345,-159.010500,259,224,87,60
777,335,-151.397397,234,126,68,60
781,329,-154.179723,228,140,65,60
785,322,-156.464194,224,147,63,60
789,314,-161.726141,231,210,69,60
791,307,-162.922124,219,193,63,60
792,302,-166.798340,220,193,66,60
794,290,-168.381394,216,184,68,60
794,283,-169.318131,209,175,68,60
795,271,-170.249335,195,163,68,60
793,261,176.985868,281,154,127,60
792,254,172.028969,250,145,120,60
788,247,170.141947,223,137,116,60
785,240,167.845791,274,136,148,60
778,229,165.454306,219,121,140,60
775,225,157.522633,258,120,127,60
770,219,152.567196,265,120,113,60
758,207,153.215997,257,109,103,60
752,200,144.833641,251,102,97,60
743,191,152.584041,240,92,86,60
740,188,145.526972,227,92,80,60
735,186,132.891318,212,110,80,60
732,185,124.530878,206,144,85,60
728,184,115.456490,209,196,90,60
723,184,102.228794,217,201,102,60
720,184,92.736355,250,186,130,60
711,185,81.994542,278,182,155,60
703,186,67.153488,370,183,195,60
695,189,63.636656,370,186,179,60
685,193,61.939447,370,175,161,60
668,198,62.125992,370,165,149,60
658,202,62.137654,370,153,138,60
647,205,60.457908,370,134,121,60
630,210,61.175518,370,121,109,60
619,213,62.623729,348,109,99,60
608,216,63.364811,250,92,87,60
598,220,54.193894,319,85,75,60
593,223,48.491883,370,85,68,60
588,227,36.134892,370,100,66,60
585,230,28.165047,370,125,68,60
583,232,20.455316,370,189,75,60
583,235,11.886696,370,322,85,60
584,235,4.938405,370,370,100,60
584,235,0.598430,370,370,111,60
584,245,0.043414,370,370,113,60
585,252,-0.013468,370,370,114,60
586,263,-0.463896,370,370,117,60
588,276,-1.073746,370,370,121,60
592,288,-2.227606,370,370,131,60
597,300,-6.983316,370,370,145,60
602,312,-8.159860,370,370,164,60
609,322,-13.158101,370,370,188,60
617,333,-15.092705,370,370,233,60
626,347,-16.142658,370,370,269,60
637,362,-17.246258,370,370,303,60
654,385,-16.725553,370,370,326,60
665,401,-16.072184,370,370,348,60
682,424,-14.498284,370,370,365,60
698,448,-15.448714,370,370,370,60
709,464,-16.096068,370,370,370,60
720,479,-15.764026,370,370,370,60
737,503,-15.536636,370,363,370,60
748,518,-14.822740,135,338,370,60
758,534,-14.525862,104,321,360,60
775,558,-15.939250,90,287,336,60
786,574,-15.895170,76,237,317,60
795,588,-14.075006,62,217,299,60
800,597,-8.745959,63,250,305,60
805,610,-4.800191,62,240,305,60
807,617,-1.876743,65,227,310,60
808,630,-0.385895,66,218,303,60
809,636,-0.001362,66,211,298,60
808,649,0.513073,68,199,281,60
806,655,2.148520,75,189,276,60
802,667,5.921426,83,180,274,60
799,673,9.302880,100,176,289,60
794,681,12.420176,125,167,302,60
790,685,19.005994,169,169,307,60
782,694,27.133875,166,170,288,60
778,698,34.613264,154,183,261,60
766,706,37.919622,148,188,248,60
758,712,37.488520,140,174,237,60
748,718,37.006837,133,166,227,60
734,728,38.883071,125,156,219,60
725,734,39.482324,117,151,203,60
716,741,39.342389,110,142,193,60
702,750,41.945062,104,139,182,60
694,755,45.273914,99,130,173,60
688,757,54.643453,100,170,162,60
681,760,59.200951,102,177,155,60
672,762,69.876194,111,154,155,60
665,763,73.754729,113,143,151,60
660,764,81.894247,131,128,157,60
653,764,86.797352,144,119,158,60
647,762,103.660176,142,117,195,60
640,761,108.669485,124,116,238,60
632,759,111.691696,109,108,251,60
619,756,113.331351,100,100,241,60
612,753,117.860559,89,92,235,60
607,751,128.760736,80,101,370,60
602,747,143.493098,80,123,370,60
600,744,151.201268,85,166,370,60
597,739,161.766156,92,232,370,60
595,735,166.605490,99,356,370,60
591,726,170.215463,97,370,370,60
590,722,170.949174,100,370,370,60
587,707,177.039726,99,370,370,60
587,699,177.865435,116,370,370,60
587,687,174.623130,104,370,370,60
588,674,-173.944952,148,370,370,60
591,662,-174.327979,145,370,370,60
