632,798,-178.352740,196,370,370,60
633,798,-177.776996,190,370,370,60
633,794,-174.349848,207,370,370,60
633,775,-178.748617,207,370,370,60
634,759,-171.974026,220,370,370,60
635,731,-171.867655,223,370,370,60
636,703,-172.954292,209,370,370,60
637,684,-174.385776,216,370,370,60
639,665,-175.682275,212,370,370,60
641,637,-170.778664,240,370,370,60
644,609,-174.085754,238,370,370,60
646,590,-174.981894,221,370,306,60
648,571,-174.969400,228,370,266,60
652,543,-174.108884,237,370,259,60
655,524,-176.085880,230,370,265,60
658,506,-175.302846,259,370,244,60
660,487,-170.559528,274,370,235,60
665,459,-175.093653,250,354,248,60
669,440,-174.828302,259,336,241,60
672,422,-167.392527,321,315,210,60
676,403,-165.658936,338,297,203,60
682,376,-168.150895,312,267,200,60
687,350,-173.016311,279,245,223,60
691,335,-168.201656,264,225,189,60
697,312,-176.158370,271,205,210,60
703,290,-176.161106,226,184,185,60
709,271,-167.426488,196,166,172,60
713,258,-171.151966,197,149,190,60
718,240,-175.334807,164,126,178,60
724,225,-170.368124,148,116,169,60
727,215,-166.329396,118,103,144,60
731,204,-175.007680,116,89,138,60
736,190,-164.472315,100,81,134,60
739,182,-172.637682,82,74,125,60
741,179,-166.208480,79,67,114,60
742,179,-154.760343,71,73,109,60
744,179,-133.971605,71,89,96,60
746,180,-115.868550,86,93,87,60
748,181,-87.436464,113,80,99,60
750,182,-67.059149,85,84,370,60
751,184,-47.492140,83,110,370,60
753,186,-28.569347,90,163,370,60
756,190,-24.126247,94,370,370,60
760,195,-17.200934,97,370,370,60
762,201,-9.322766,104,370,370,60
763,204,-5.373277,113,370,370,60
764,210,-1.798251,121,370,370,60
764,213,-0.237290,127,370,370,60
764,216,0.072391,130,370,367,60
763,221,0.907344,133,370,362,60
762,225,2.660408,137,370,354,60
760,228,5.114305,147,370,338,60
759,231,10.668149,370,370,303,60
755,236,15.395647,370,370,288,60
751,240,25.596974,369,370,250,60
748,243,32.523612,370,370,233,60
743,245,46.698553,370,337,220,60
739,247,55.622548,370,278,214,60
735,248,65.430272,370,225,216,60
729,248,82.323174,370,204,231,60
725,248,92.708953,275,193,233,60
721,247,101.866651,224,191,186,60
718,245,112.693006,202,201,161,60
713,242,126.902911,189,216,147,60
710,240,132.098275,185,208,137,60
707,237,142.180464,186,163,130,60
701,232,150.814411,190,144,127,60
696,226,151.214066,185,138,121,60
691,221,151.210226,179,125,114,60
682,212,153.087160,176,115,109,60
677,205,153.149426,162,115,100,60
671,199,153.620881,166,99,96,60
665,192,154.287497,157,89,85,60
657,183,152.515182,149,83,78,60
652,178,151.060613,140,76,69,60
644,170,147.214613,130,73,63,60
639,165,144.026838,121,73,59,60
633,160,135.193614,113,65,52,60
631,160,119.390308,106,87,56,60
630,160,103.498759,113,100,78,60
629,162,77.634626,142,95,116,60
629,162,57.381542,292,108,104,60
630,163,43.914974,370,133,103,60
631,163,30.368247,370,233,117,60
628,166,24.509287,370,238,116,60
623,172,27.224319,370,229,110,60
616,180,21.617583,370,241,109,60
608,189,20.048015,370,275,106,60
603,195,19.429412,370,222,96,60
598,200,17.768890,370,277,96,60
594,206,16.414133,370,280,92,60
587,215,20.592003,370,211,82,60
583,221,15.672157,370,259,80,60
576,230,14.855998,370,242,76,60
573,236,15.918175,370,215,71,60
569,242,14.774125,370,227,66,60
564,251,12.648284,370,292,68,60
560,260,11.760565,370,238,61,60
554,273,10.657237,370,280,58,60
549,284,10.421184,370,338,55,60
545,292,6.366919,370,310,49,60
539,309,7.605483,370,224,41,60
536,317,5.031739,370,321,38,60
533,327,4.574746,370,324,35,60
530,342,2.612584,370,370,34,60
528,354,1.964044,370,370,32,60
527,364,1.042368,370,370,31,60
525,382,0.786317,370,370,31,60
525,391,0.003831,370,370,30,60
526,405,0.182759,370,370,31,60
526,420,-0.057294,370,370,31,60
527,433,-0.000163,370,370,32,60
529,443,-0.606116,370,370,34,60
532,461,-0.911380,370,370,39,60
534,470,-1.848295,370,370,45,60
540,488,-3.307175,370,362,52,60
543,496,-4.060331,370,353,59,60
548,509,-4.582095,370,336,71,60
555,523,-7.707715,370,327,82,60
560,534,-8.764926,361,314,102,60
567,546,-10.912584,351,306,113,60
571,553,-12.096102,341,299,123,60
576,558,-13.743151,320,298,148,60
580,565,-14.347263,312,289,164,60
587,574,-18.179354,298,286,189,60
595,583,-19.345251,282,280,221,60
599,589,-19.190859,275,276,240,60
604,595,-17.076151,275,262,233,60
609,605,-11.943135,279,251,216,60
612,610,-8.596348,293,241,193,60
613,615,-4.227806,316,230,171,60
614,622,-0.424823,321,224,159,60
614,627,-0.030026,306,217,155,60
614,632,0.537151,296,212,154,60
612,642,1.301353,283,206,149,60
610,649,2.232957,272,199,145,60
609,656,2.092732,262,192,144,60
607,663,2.302114,248,184,138,60
604,674,2.829080,237,174,135,60
602,682,2.758338,224,166,131,60
600,690,2.593606,209,154,128,60
598,697,3.380729,196,147,123,60
594,709,4.104643,183,139,117,60
591,717,4.131911,175,131,116,60
588,725,4.694547,162,123,110,60
585,733,4.222149,148,113,104,60
583,740,5.312775,135,105,99,60
579,752,6.069956,125,97,96,60
576,759,4.628778,111,85,90,60
572,770,4.288450,103,78,87,60
570,777,3.749920,93,70,86,60
568,784,2.959665,86,64,85,60
565,794,2.833988,68,50,75,60
564,801,1.823377,59,43,62,60
562,811,0.872851,49,36,52,60
561,818,0.855763,41,29,41,60
561,824,0.059586,28,20,28,60
562,826,-1.198755,25,18,25,60
563,827,-9.974590,27,17,23,60
565,827,-18.272143,32,18,21,60
566,827,-42.580320,89,25,23,60
567,826,-64.884470,268,51,31,60
568,824,-98.307610,370,258,63,60
568,823,-119.416636,370,276,142,60
568,822,-138.338620,370,370,266,60
568,821,-149.651391,320,370,281,60
573,815,-155.359220,238,370,288,60
577,811,-153.122096,250,370,283,60
582,807,-142.401879,370,370,262,60
586,805,-133.498759,370,370,251,60
590,804,-124.702097,370,295,244,60
594,803,-115.790076,370,262,248,60
602,802,-96.693985,370,238,164,60
607,803,-83.985318,370,222,106,60
611,804,-75.518681,251,222,73,60
617,806,-61.181091,228,142,61,60
621,808,-52.457428,216,87,51,60
633,813,-50.677085,206,59,42,60
641,817,-48.435380,196,63,41,60
652,821,-53.206600,185,57,35,60
656,822,-60.053005,179,58,35,60
659,822,-87.026668,195,174,51,60
660,821,-107.398556,370,174,127,60
659,820,-133.302418,370,209,173,60
659,819,-145.871469,370,370,180,60
666,812,-149.396234,370,370,183,60
671,807,-149.234247,370,370,179,60
680,800,-145.541958,370,370,162,60
703,785,-135.181143,370,187,131,60
709,782,-132.447069,370,169,125,60
715,778,-130.522708,370,156,118,60
725,774,-125.842886,370,139,111,60
736,769,-122.719887,370,123,104,60
743,766,-121.338184,370,107,94,60
751,764,-121.679058,370,93,82,60
761,759,-120.447397,370,86,75,60
769,756,-121.125565,370,77,68,60
776,753,-120.907059,370,63,56,60
786,749,-121.794562,370,56,49,60
790,746,-132.514452,361,52,44,60
791,744,-146.577532,370,65,45,60
790,743,-163.590221,370,370,59,60
789,744,-174.127687,370,370,82,60
788,744,-177.139852,370,370,89,60
787,745,172.054090,264,370,370,60
786,739,173.916184,357,370,116,60
784,730,174.490740,365,370,113,60
783,724,174.590775,357,370,370,60
782,716,176.043038,370,370,370,60
782,710,175.171541,364,370,370,60
781,703,174.460254,365,370,370,60
782,696,-176.505839,370,370,370,60
783,693,-176.641687,370,370,370,60
785,689,-174.234534,370,370,370,60
788,684,-167.718547,370,299,370,60
790,682,-162.793205,370,294,65,60
794,678,-152.207188,370,370,55,60
798,675,-143.738978,370,370,45,60
806,670,-140.843164,370,370,37,60
817,661,-141.894311,370,370,24,60
828,653,-140.965275,370,24,16,60
840,643,-147.088000,370,5,3,60
851,635,-148.463713,370,370,370,60
856,627,-160.832654,370,370,370,60
857,625,-168.294622,370,370,370,60
857,623,-174.351357,370,224,370,60
858,619,-173.974613,370,219,370,60
860,616,-169.885048,370,370,370,60
862,613,-165.551047,370,370,370,60
867,609,-156.404779,370,370,370,60
870,607,-149.234540,370,370,370,60
873,605,-140.247474,210,370,370,60
878,603,-125.796576,370,370,370,60
882,602,-115.535208,370,370,370,60
886,602,-103.522706,370,370,370,60
890,602,-92.782970,370,370,370,60
894,603,-80.585753,370,370,329,60
901,604,-62.591982,370,370,282,60
904,606,-51.049403,370,370,255,60
908,609,-40.725566,367,322,243,60
910,611,-32.456752,370,283,165,60
914,616,-21.731287,370,257,100,60
916,619,-15.490938,370,235,68,60
917,623,-10.111195,370,225,55,60
920,630,-6.532891,354,219,52,60
923,639,-5.855923,331,211,52,60
927,647,-6.355741,319,202,59,60
931,656,-6.659364,302,189,69,60
936,669,-8.450694,296,181,78,60
941,677,-9.772647,292,174,90,60
945,684,-11.716616,289,166,102,60
949,690,-13.283492,292,159,123,60
954,698,-15.919040,300,153,145,60
961,707,-18.520992,305,148,159,60
966,713,-19.653349,312,144,151,60
973,722,-20.919199,303,138,142,60
978,728,-21.427846,300,130,133,60
983,734,-19.705410,261,119,123,60
989,743,-16.596072,227,110,118,60
994,750,-15.505407,193,99,109,60
999,756,-15.576884,180,92,102,60
1003,763,-14.716620,162,85,94,60
1010,773,-15.792929,149,78,86,60
1015,780,-15.773807,142,72,79,60
1019,786,-16.748127,131,65,71,60
1024,792,-17.738526,116,56,61,60
1030,800,-19.093514,107,51,54,60
1034,803,-26.037159,107,46,47,60
1036,804,-39.250963,240,59,47,60
1037,804,-56.524296,235,94,54,60
1038,803,-85.285124,261,235,73,60
1038,802,-107.424224,370,229,128,60
1037,801,-125.432443,370,261,241,60
1037,800,-141.891015,370,365,238,60
1042,795,-148.139717,370,370,238,60
1047,791,-148.216456,370,370,237,60
1053,786,-139.417252,370,361,226,60
1057,785,-128.325384,370,274,214,60
1061,784,-115.102760,370,229,217,60
1066,783,-107.229553,370,214,223,60
1069,783,-95.687307,354,201,175,60
1072,783,-89.548566,272,193,128,60
1076,784,-78.130235,226,192,100,60
1079,784,-73.229181,212,194,93,60
1084,786,-63.277463,197,182,80,60
1090,788,-63.363508,189,165,78,60
1097,790,-64.091677,183,162,76,60
1107,793,-65.544935,173,162,73,60
1113,795,-67.192513,165,166,73,60
1124,797,-70.321852,161,155,75,60
1133,799,-71.343584,148,140,73,60
1144,801,-75.389831,142,130,75,60
1152,802,-78.229138,137,122,76,60
1160,803,-78.345122,130,111,79,60
1168,804,-79.401050,117,98,78,60
1178,804,-82.458579,111,90,83,60
1188,804,-86.282878,109,80,93,60
1195,804,-93.104092,103,73,97,60
1201,804,-94.450479,97,63,83,60
1212,802,-99.929058,93,57,71,60
1219,801,-105.625972,94,51,58,60
1226,800,-107.806580,85,41,45,60
1232,798,-108.914489,76,36,38,60
1235,796,-133.702685,214,44,37,60
1235,795,-144.311556,370,64,41,60
1235,794,-161.935871,370,153,55,60
1234,793,-168.184194,370,259,63,60
1232,792,142.738227,370,370,82,60
1231,791,172.548379,370,370,110,60
1228,782,175.445053,370,370,107,60
1224,771,173.010094,370,370,114,60
1221,765,170.678236,370,370,134,60
1218,758,166.299532,370,370,158,60
1212,747,163.215768,370,370,180,60
1209,740,165.034901,370,370,169,60
1205,733,170.303618,370,370,165,60
1202,726,170.780382,370,370,168,60
1198,716,173.378353,370,370,161,60
1196,709,174.428130,370,370,158,60
1194,703,175.480557,370,370,157,60
1191,692,177.005941,370,370,152,60
1190,684,175.718763,370,370,158,60
1189,677,170.617164,370,370,185,60
1188,667,173.610360,370,370,157,60
1187,659,178.803183,370,370,158,60
1186,652,176.040674,370,370,168,60
1185,642,179.320665,370,370,157,60
1186,634,177.984131,370,370,159,60
1186,623,-173.860466,370,370,127,60
1187,616,-178.981646,370,370,149,60
1188,609,-178.598583,370,370,147,60
1189,598,-177.876591,370,370,142,60
1191,590,-177.779252,370,370,141,60
1192,582,-176.908776,370,370,134,60
1194,574,-176.626323,370,370,131,60
1197,563,-175.363568,370,370,117,60
1200,555,-176.204821,370,370,124,60
1202,548,-172.425395,370,370,111,60
1205,536,-171.736167,370,370,104,60
1207,528,-175.825053,370,370,110,60
1210,520,-174.295883,370,214,82,60
1213,508,-167.227874,370,310,87,60
1215,500,-165.209999,370,282,83,60
1218,489,-168.144320,370,287,82,60
1219,482,-166.254648,370,242,76,60
1221,472,-171.011081,370,365,85,60
1223,464,-168.069975,370,354,93,60
1224,457,-169.525890,370,348,78,60
1225,450,-167.420854,370,291,75,60
1226,443,-170.810233,370,333,78,60
1227,433,-170.353278,370,326,78,60
1227,426,-178.578550,370,320,76,60
1226,417,170.171104,370,307,110,60
1226,410,170.068507,370,298,104,60
1225,403,169.323385,370,294,131,60
1223,393,168.124386,370,283,111,60
1222,386,176.471725,370,272,111,60
1221,378,165.075872,370,273,159,60
1218,367,171.997826,370,264,154,60
1216,359,167.412761,364,259,173,60
1215,351,167.548356,370,242,158,60
1214,343,163.475852,362,237,176,60
1213,335,167.936861,370,226,161,60
1212,324,167.819509,310,213,121,60
1212,317,-142.734619,365,212,172,60
1211,306,-176.608190,203,120,68,60
1212,298,-178.548884,248,187,109,60
1212,290,-177.489819,234,179,104,60
1212,282,-179.134673,231,167,113,60
1211,269,168.006979,243,159,128,60
1211,262,178.098719,214,151,118,60
1211,254,168.995141,206,143,120,60
1210,242,173.616188,202,128,138,60
1209,229,177.958876,199,120,147,60
1208,221,167.540760,183,111,138,60
1208,208,177.435678,144,97,128,60
1208,200,177.565651,159,91,107,60
1208,187,146.653503,83,104,68,60
1208,174,137.425878,69,86,69,60
1207,166,171.980299,79,55,76,60
1208,161,-172.066888,58,50,87,60
1209,157,-175.068752,55,42,65,60
1212,152,-170.535829,49,40,66,60
1214,151,-162.259631,41,42,75,60
1215,150,-152.606411,41,40,76,60
1217,149,-139.622071,41,53,58,60
1219,149,-122.431892,48,60,51,60
1221,150,-95.092226,63,46,51,60
1223,151,-73.141206,55,42,66,60
1224,153,-41.525430,47,59,370,60
1224,155,-23.826442,56,104,370,60
1224,156,-10.800586,71,224,370,60
1223,157,-2.702773,93,370,370,60
1222,157,0.302270,102,370,370,60
1221,157,3.256576,111,370,370,60
1220,159,6.150580,123,370,370,60
1216,166,11.733096,141,370,370,60
1213,169,17.146207,172,370,370,60
1210,171,25.215048,278,370,326,60
1207,174,33.350152,370,370,306,60
1202,177,46.976340,370,370,292,60
1198,178,51.679839,370,370,286,60
1194,179,64.054939,370,330,286,60
1187,179,87.130630,370,271,166,60
1184,179,96.784449,370,265,148,60
1180,178,107.913410,293,273,94,60
1177,177,117.329804,272,175,83,60
1172,174,129.886437,261,124,73,60
1168,171,126.876152,257,97,68,60
1162,168,123.620674,250,116,68,60
1156,165,123.391877,244,112,65,60
1147,161,120.818594,235,85,56,60
1145,161,104.347522,243,150,68,60
1144,162,81.813253,303,223,103,60
1144,163,65.783421,370,233,176,60
1144,165,41.103391,370,370,231,60
1140,168,34.117385,370,370,235,60
1132,175,30.445859,370,370,233,60
1127,180,33.144979,370,370,228,60
1122,183,35.700999,370,370,216,60
1117,186,44.961094,370,370,204,60
1114,187,52.069016,370,253,200,60
1107,189,66.909036,370,218,200,60
1103,189,77.513308,370,194,210,60
1099,189,85.157242,370,182,182,60
1094,188,102.391513,207,177,116,60
1087,186,118.787615,185,186,97,60
1084,184,128.327333,172,148,85,60
1080,182,137.156308,168,103,75,60
1076,179,139.882261,165,94,72,60
1067,174,133.097632,159,91,69,60
1061,170,133.891736,152,92,66,60
1054,167,119.737157,145,95,63,60
1051,167,106.944108,141,150,72,60
1050,168,89.860784,179,129,114,60
1049,169,67.458873,370,140,141,60
1049,171,40.148193,370,193,137,60
1045,174,33.227442,370,370,140,60
1040,179,28.247387,370,370,140,60
1032,187,27.640673,370,370,134,60
1026,192,27.903934,370,370,130,60
1017,201,26.636757,370,370,121,60
1011,207,28.619386,370,370,114,60
1005,212,29.361583,370,370,103,60
996,221,31.099492,370,370,96,60
990,226,31.814369,370,370,86,60
984,231,32.028212,370,370,79,60
975,239,31.707824,370,370,73,60
970,244,31.412405,370,370,68,60
961,252,30.192845,370,113,59,60
951,261,29.625471,370,97,51,60
944,268,27.831288,370,82,41,60
935,278,23.812750,370,370,37,60
932,282,18.320150,370,370,34,60
932,284,9.977253,370,370,38,60
932,287,2.147059,370,370,52,60
930,297,1.435343,370,370,54,60
929,305,0.447739,370,370,52,60
928,323,0.276237,370,370,370,60
927,333,0.079795,370,370,370,60
927,344,0.004026,370,370,370,60
928,360,-0.002118,370,370,370,60
927,365,0.435921,370,370,370,60
925,372,3.668823,370,370,370,60
923,375,6.906473,370,238,370,60
921,378,12.122099,370,212,370,60
918,382,19.391598,370,370,370,60
916,384,24.876216,370,370,370,60
912,387,35.213483,370,370,370,60
909,389,41.162553,370,370,370,60
906,390,49.363797,206,370,370,60
902,391,57.864827,370,370,370,60
897,392,71.365173,370,370,370,60
893,392,77.522428,370,369,370,60
888,392,94.909600,370,355,370,60
884,391,103.770859,370,360,358,60
880,389,111.917764,370,370,319,60
876,387,124.424286,362,370,302,60
871,384,139.740878,347,370,278,60
868,381,143.354340,348,355,47,60
866,378,149.956646,364,303,8,60
862,373,159.366436,370,277,4,60
856,363,157.709903,365,283,24,60
851,356,163.096849,370,253,28,60
841,343,158.995107,368,246,48,60
835,336,153.415858,345,247,80,60
828,329,152.670238,326,244,135,60
822,323,147.630166,309,251,217,60
814,318,140.589070,295,266,212,60
808,314,137.583201,288,278,209,60
802,310,135.948412,281,294,206,60
795,305,143.223425,274,260,199,60
791,301,147.506978,274,237,196,60
787,297,156.520448,289,202,197,60
782,290,160.471552,279,203,190,60
779,285,159.357046,290,183,189,60
775,277,159.255293,299,174,186,60
773,272,162.277026,292,166,178,60
770,266,162.921920,292,159,172,60
767,256,165.230704,285,150,168,60
765,250,166.926496,259,142,164,60
764,244,168.363910,237,132,155,60
762,237,169.394128,216,125,148,60
761,226,172.037808,196,117,142,60
761,219,170.578340,179,106,128,60
761,207,178.951266,157,97,121,60
761,199,-170.818251,104,91,104,60
762,191,-179.681475,106,76,109,60
762,183,-172.424242,86,69,111,60
763,171,-178.876749,80,60,90,60
763,162,-169.103031,58,48,85,60
763,155,176.300244,66,41,51,60
763,147,168.963037,56,33,39,60
763,135,-139.037050,41,25,31,60
763,128,167.062399,28,15,17,60
762,126,168.910315,21,12,14,60
761,126,158.748667,23,12,14,60
760,127,142.137904,71,19,17,60
760,128,124.560085,234,32,23,60
759,129,103.612343,261,142,42,60
759,131,68.006297,370,231,93,60
759,132,51.477924,370,292,233,60
759,133,26.316961,370,370,244,60
757,137,23.225285,370,370,259,60
752,144,20.042894,370,370,262,60
748,147,22.285120,370,370,251,60
745,151,26.412138,370,370,240,60
740,154,36.354018,370,370,223,60
737,155,43.954516,370,317,214,60
734,157,49.432631,370,273,207,60
731,158,60.013768,370,234,207,60
725,158,72.332473,370,216,207,60
721,158,78.869166,370,197,164,60
718,158,89.366652,283,186,116,60
712,157,102.752431,220,183,83,60
708,156,114.109167,196,178,68,60
704,154,122.931484,180,101,55,60
700,151,124.700486,173,85,49,60
688,146,126.431351,165,75,45,60
682,143,122.835046,158,71,42,60
679,143,109.692521,157,99,47,60
679,144,83.629706,206,145,85,60
679,145,62.841984,370,165,157,60
680,146,38.695922,370,229,155,60
682,146,22.311979,370,354,171,60
679,150,17.538589,370,370,178,60
675,155,18.266744,370,370,180,60
671,161,18.916887,370,370,175,60
665,169,20.054618,370,370,168,60
660,174,23.928730,370,370,161,60
655,179,29.588104,370,280,141,60
650,184,32.722631,370,243,133,60
642,191,31.465396,370,235,128,60
636,195,31.263576,370,203,120,60
631,200,31.938813,370,210,114,60
621,208,36.305352,370,176,104,60
615,213,32.321580,370,180,100,60
608,218,32.743209,370,162,90,60
602,223,33.140489,370,149,83,60
592,229,37.245519,370,135,76,60
586,234,31.509702,370,130,71,60
578,241,29.032047,370,123,63,60
573,246,29.462512,370,98,55,60
564,254,29.229782,370,100,49,60
558,259,27.376293,370,90,45,60
553,264,26.658860,370,78,38,60
547,270,19.480645,370,76,34,60
546,272,14.246867,370,134,39,60
547,274,3.124429,370,370,51,60
548,275,0.069072,370,370,61,60
549,275,-1.082740,370,370,62,60
552,286,-2.502409,370,370,69,60
554,294,-3.862733,370,370,75,60
559,308,-3.785439,370,370,86,60
562,319,-5.586185,370,370,96,60
566,326,-6.363187,370,370,104,60
570,335,-8.326582,370,370,113,60
574,342,-10.000654,370,370,127,60
579,351,-10.905344,370,370,137,60
583,358,-12.882614,370,370,157,60
587,364,-12.677754,370,370,166,60
594,375,-13.357039,370,370,176,60
598,381,-12.929659,370,370,186,60
602,388,-12.023134,370,370,192,60
607,398,-9.200587,333,370,188,60
610,404,-8.557887,314,370,188,60
613,411,-7.157542,303,370,182,60
616,419,-5.151773,305,370,182,60
618,425,-4.108652,309,370,179,60
620,434,-2.133734,317,370,173,60
621,441,-1.266777,323,370,169,60
622,450,-0.325082,327,370,168,60
622,456,-0.075111,330,370,166,60
622,467,0.181947,330,370,166,60
622,474,0.356057,333,370,165,60
621,484,1.081841,336,363,162,60
620,491,1.348169,341,356,159,60
618,498,2.369865,351,346,154,60
615,509,3.812929,365,340,147,60
613,516,4.206390,369,333,144,60
611,523,4.118514,370,325,140,60
609,530,4.789215,370,315,134,60
606,541,3.694069,370,308,131,60
603,548,5.469382,370,300,128,60
600,556,5.617567,370,289,120,60
596,567,6.646428,358,283,114,60
593,575,5.833110,353,274,113,60
589,582,7.369547,330,264,103,60
586,590,8.253941,317,257,97,60
581,601,8.055475,316,249,97,60
578,609,6.547707,299,237,90,60
575,616,8.098663,285,230,83,60
571,627,6.708547,282,223,83,60
568,634,5.793985,279,215,82,60
565,644,4.046022,266,204,79,60
563,651,2.944467,264,197,78,60
562,657,1.924896,255,187,78,60
560,667,1.308781,247,180,76,60
559,674,0.924147,240,173,75,60
558,680,0.650702,231,167,73,60
557,687,0.380138,220,157,73,60
557,694,0.388929,210,150,73,60
556,706,0.090695,199,142,73,60
556,714,0.030471,189,134,73,60
556,722,-0.000486,172,122,73,60
557,735,-0.147847,159,113,75,60
557,743,-0.088146,148,105,75,60
558,751,-0.286445,131,93,76,60
559,761,-1.037113,123,86,79,60
561,768,-1.606409,110,76,83,60
563,777,-3.149429,104,70,89,60
565,783,-5.011180,99,64,85,60
567,789,-6.132118,93,59,75,60
572,799,-8.097270,78,49,61,60
575,805,-8.149605,65,40,49,60
578,810,-11.657397,62,35,41,60
582,817,-14.992823,55,30,34,60
584,818,-25.240430,83,32,31,60
584,816,-48.988525,251,47,35,60
585,815,-67.922170,262,121,51,60
585,815,-85.923252,370,242,73,60
585,812,-128.694256,370,283,252,60
585,811,-148.664228,370,370,254,60
587,806,-166.284501,175,370,305,60
590,801,-165.002080,186,370,298,60
593,797,-155.444353,238,370,278,60
597,795,-147.295541,370,370,257,60
600,793,-138.805214,370,370,237,60
606,791,-126.272847,370,370,230,60
609,790,-115.977109,370,257,228,60
615,790,-99.303205,370,220,173,60
619,790,-89.506948,370,210,133,60
625,791,-72.610215,244,208,92,60
629,793,-61.406815,217,179,76,60
635,796,-48.959802,202,93,61,60
641,799,-47.098650,196,78,55,60
647,802,-45.669687,188,73,51,60
654,806,-46.320086,180,68,48,60
660,809,-48.292165,173,67,45,60
663,808,-72.461456,175,113,54,60
664,808,-92.247725,207,163,80,60
663,807,-110.007586,370,174,175,60
662,806,-126.719581,370,210,172,60
661,806,-142.558955,370,370,178,60
661,806,-139.506932,370,370,176,60
661,806,-139.849066,370,370,175,60
661,806,-136.923870,370,370,175,60
661,806,-139.734561,370,370,176,60
661,806,-138.863167,370,370,175,60
661,806,-139.473844,370,370,176,60
661,806,-139.460959,370,370,176,60
661,806,-139.940415,370,370,176,60
661,806,-138.358917,370,370,176,60
661,806,-139.992987,370,370,176,60
661,806,-139.096390,370,370,176,60
661,806,-137.257352,370,370,176,60
661,806,-139.935549,370,370,176,60
661,806,-137.722163,370,370,175,60
661,806,-139.088637,370,370,176,60
661,806,-136.506683,370,370,175,60
661,806,-139.711230,370,370,176,60
661,806,-139.419492,370,370,176,60
661,806,-137.805147,370,370,176,60
661,806,-139.862429,370,370,176,60
661,806,-139.606263,370,370,176,60
661,806,-139.565518,370,370,175,60
661,806,-140.016876,370,370,176,60
661,806,-139.421623,370,370,175,60
661,806,-140.218235,370,370,176,60
661,806,-136.452230,370,370,175,60
661,806,-139.301912,370,370,176,60
661,806,-139.880580,370,370,175,60
661,806,-140.156563,370,370,176,60
661,806,-140.020770,370,370,176,60
661,806,-139.607978,370,370,176,60
661,806,-140.026776,370,370,176,60
661,806,-139.441449,370,370,176,60
661,806,-138.559195,370,370,176,60
661,806,-139.890446,370,370,176,60
