634,813,-178.361340,197,95,55,60
633,813,-177.904327,189,101,56,60
634,809,-179.057699,195,96,56,60
634,805,142.733657,190,92,54,60
633,802,176.483539,168,370,56,60
631,800,168.144639,155,370,58,60
629,800,152.164594,123,295,79,60
626,798,140.445173,106,171,370,60
617,792,136.100798,92,133,370,60
607,787,125.044650,83,102,370,60
599,784,122.365409,72,82,317,60
592,780,130.444544,68,86,370,60
587,777,135.395387,62,87,370,60
584,774,146.312588,65,113,370,60
582,770,162.512529,72,177,370,60
582,768,171.216398,90,370,370,60
583,765,179.147510,104,370,80,60
583,763,-173.584847,142,370,69,60
585,753,-173.811434,134,370,63,60
588,740,-175.343227,130,370,59,60
593,728,-173.386941,149,370,44,60
595,717,-175.271485,137,370,370,60
598,705,-176.224465,145,370,370,60
597,694,-173.091639,144,370,370,60
597,681,174.112978,113,370,370,60
596,665,170.462669,107,370,370,60
594,638,169.675027,111,370,370,60
594,619,-158.197011,370,370,370,60
594,605,-178.248617,128,370,370,60
598,588,-177.404692,147,370,370,60
600,581,-173.521591,145,370,370,60
604,569,-171.777021,173,370,370,60
610,554,-169.024410,197,370,370,60
620,528,-169.811177,203,370,370,60
630,502,-169.402084,227,370,370,60
637,485,-167.773080,255,370,370,60
648,458,-170.685370,314,257,370,60
655,441,-160.603614,276,343,370,60
663,424,-169.097638,286,323,370,60
670,407,-169.343347,309,298,370,60
681,384,-161.327806,310,163,370,60
688,369,-158.952129,279,129,370,60
695,353,-159.887255,265,114,89,60
704,334,-170.465637,252,100,78,60
709,324,-167.111087,248,92,65,60
713,315,-170.522991,244,85,56,60
716,307,-166.932823,226,68,49,60
716,304,-166.937890,223,68,48,60
715,302,133.803227,234,76,49,60
714,302,176.299324,271,188,58,60
713,303,162.286304,241,192,66,60
713,304,145.857256,196,232,197,60
713,306,127.366599,186,239,203,60
705,302,119.355359,182,220,204,60
667,291,110.919344,154,152,214,60
655,288,110.855095,142,137,214,60
643,286,110.336115,121,118,210,60
627,282,108.727949,110,106,207,60
617,279,106.442828,100,94,190,60
608,277,103.145955,87,77,142,60
599,275,113.222018,78,72,145,60
596,273,118.586173,71,71,169,60
592,271,128.594478,65,82,168,60
589,268,139.068662,65,99,161,60
584,263,152.199107,69,128,158,60
583,260,155.150630,71,156,157,60
582,256,164.082239,79,148,162,60
583,251,175.403360,89,142,169,60
583,244,-174.035571,151,142,298,60
584,238,-176.119599,118,126,186,60
586,229,-175.373108,123,117,175,60
588,225,-172.108831,138,111,182,60
600,205,-165.771672,138,111,182,60
604,199,-163.705789,102,92,179,60
611,190,-160.196703,89,84,175,60
617,184,-160.052219,82,78,171,60
622,178,-158.327401,71,70,164,60
629,172,-148.735987,65,70,204,60
633,170,-137.105018,68,108,370,60
641,168,-113.379170,63,84,370,60
643,168,-94.678132,79,204,76,60
645,170,-74.775834,180,54,370,60
655,182,-33.010577,188,55,370,60
660,187,-27.691329,86,370,370,60
667,194,-27.709449,83,370,370,60
670,198,-19.810392,104,370,370,60
672,204,-10.166763,370,370,323,60
675,213,-7.101041,370,370,283,60
679,226,-1.724394,370,370,261,60
681,238,-0.954813,370,370,255,60
683,262,-0.397683,370,370,255,60
686,280,-0.505199,370,368,255,60
687,299,-0.665743,370,349,259,60
689,318,-0.202073,370,321,262,60
692,346,-0.229763,370,302,264,60
694,374,-0.315131,370,274,268,60
695,392,-0.271529,370,256,271,60
697,409,-0.305352,370,239,271,60
698,425,-0.185673,370,214,275,60
699,448,-0.050233,370,198,275,60
700,470,-0.020679,370,177,276,60
701,483,-0.026869,370,162,276,60
701,496,0.022118,370,143,278,60
701,512,-0.023098,370,132,278,60
702,523,-0.117421,370,116,279,60
702,539,-0.068370,370,105,281,60
702,549,0.000009,370,95,279,60
702,559,0.000413,370,80,279,60
702,572,0.035017,370,71,100,60
702,580,0.001862,370,59,83,60
703,587,-0.804797,367,54,76,60
704,590,-2.392563,370,50,68,60
706,593,-6.217121,370,46,59,60
709,597,-12.170828,370,44,52,60
711,599,-18.130374,370,43,47,60
713,600,-32.848220,298,293,45,60
713,598,-53.447724,370,368,49,60
713,597,-82.138287,370,292,300,60
713,596,-92.190292,370,370,370,60
721,595,-99.560872,370,370,370,60
729,594,-108.101911,370,370,370,60
746,589,-114.427226,370,370,266,60
763,584,-115.903310,370,370,233,60
780,579,-115.071725,370,370,183,60
798,573,-116.600371,370,370,182,60
825,565,-117.241128,370,370,203,60
843,559,-114.597993,370,370,220,60
861,554,-115.705705,370,370,370,60
888,546,-114.086950,370,370,370,60
907,541,-113.692500,234,370,370,60
934,533,-114.631467,213,370,365,60
953,528,-114.062632,189,353,344,60
971,523,-112.692768,154,320,319,60
989,519,-112.825583,133,301,299,60
1016,512,-110.525712,107,277,283,60
1033,508,-110.594644,370,250,274,60
1058,502,-110.427079,370,233,234,60
1073,499,-104.113687,370,212,220,60
1082,499,-94.610930,312,189,233,60
1092,499,-89.024960,240,172,245,60
1104,499,-85.224972,210,161,245,60
1121,499,-84.897605,189,150,243,60
1131,499,-88.047789,182,138,212,60
1148,499,-85.297715,171,122,175,60
1158,499,-91.430501,152,106,147,60
1169,499,-91.006070,137,95,131,60
1184,499,-90.455244,121,85,118,60
1193,498,-89.428417,100,71,100,60
1206,498,-92.742084,86,62,89,60
1211,497,-104.083694,90,55,68,60
1214,496,-113.135396,128,57,58,60
1217,494,-126.077788,309,64,54,60
1221,491,-140.142384,370,68,52,60
1221,489,-153.188290,370,129,62,60
1220,488,-168.909317,172,265,76,60
1219,488,-177.293660,152,370,96,60
1218,488,140.712801,149,370,102,60
1217,479,176.212429,142,368,110,60
1216,473,177.221467,137,361,116,60
1214,463,173.181442,124,350,134,60
1210,452,172.634166,118,342,135,60
1206,441,171.939306,104,329,152,60
1200,430,166.635096,94,327,183,60
1193,420,155.818002,85,85,317,60
1189,412,169.029924,73,304,203,60
1182,397,166.967454,63,315,313,60
1180,388,170.975406,56,281,207,60
1180,383,169.634239,52,276,210,60
1180,374,178.272389,51,259,171,60
1181,361,-171.407814,329,251,147,60
1183,350,-176.798198,293,245,130,60
1185,342,-175.750314,299,228,141,60
1191,327,-162.093639,254,226,113,60
1196,316,-160.334098,224,216,97,60
1203,297,-167.158700,207,206,89,60
1208,286,-171.784393,204,183,93,60
1211,278,-174.366004,209,164,102,60
1214,266,-173.615602,193,157,96,60
1214,260,-177.844368,196,145,107,60
1215,249,-178.753401,171,140,92,60
1214,242,175.620312,203,132,127,60
1212,233,177.367132,178,122,120,60
1211,229,175.562290,173,116,125,60
1207,219,173.473700,173,109,138,60
1204,211,173.443032,154,97,123,60
1202,207,170.395222,158,94,113,60
1197,199,167.110535,162,90,104,60
1193,192,166.192677,154,81,90,60
1189,187,160.008415,161,78,83,60
1186,185,152.415992,224,82,79,60
1182,183,142.062229,370,104,76,60
1180,182,136.263450,370,105,76,60
1176,180,123.975443,355,163,85,60
1173,180,115.396417,350,160,83,60
1168,180,101.584198,370,338,100,60
1165,180,93.820756,370,370,123,60
1160,180,89.094129,370,370,137,60
1155,181,81.731694,151,299,165,60
1142,183,73.346127,137,323,197,60
1135,186,62.446725,121,370,265,60
1125,190,55.142881,100,370,370,60
1106,199,52.956445,93,370,370,60
1084,208,54.186006,80,370,227,60
1075,210,67.889482,87,370,370,60
1063,213,68.396645,370,370,350,60
1048,215,80.481489,370,231,261,60
1036,216,84.947540,370,183,206,60
1027,215,96.330143,370,152,164,60
1013,213,104.911803,370,370,138,60
1002,211,105.097159,370,370,137,60
986,208,106.263085,370,370,133,60
964,204,107.908355,162,370,125,60
946,200,107.869673,121,325,118,60
918,195,108.708430,79,341,116,60
900,191,101.858877,42,291,109,60
883,188,107.528631,21,310,106,60
872,184,114.785503,48,209,93,60
857,179,122.413386,51,217,92,60
851,175,133.490993,327,117,73,60
840,167,142.253513,320,82,62,60
835,163,150.401205,197,60,54,60
828,155,154.673204,140,50,48,60
824,152,148.214328,175,48,42,60
821,151,133.701580,295,64,45,60
820,151,119.482465,299,100,52,60
820,152,89.170978,52,286,93,60
822,154,64.893429,25,57,219,60
823,154,48.299539,16,23,296,60
825,154,29.985634,10,12,45,60
823,156,26.510738,8,9,24,60
820,159,30.496981,6,6,20,60
817,160,49.145091,7,9,293,60
815,159,65.339536,18,39,259,60
813,159,84.586939,34,281,124,60
811,157,112.983786,327,286,78,60
809,156,132.927143,285,95,55,60
809,154,146.440939,228,53,45,60
802,146,155.134373,123,43,41,60
798,142,147.937352,134,37,32,60
794,141,128.462164,269,48,35,60
793,142,109.319329,286,133,51,60
792,144,78.341292,56,259,94,60
791,145,56.589772,28,309,268,60
791,146,40.206867,21,27,268,60
783,152,36.262211,17,21,266,60
778,155,41.851659,11,14,259,60
774,158,45.357356,10,14,248,60
769,160,53.431123,8,13,244,60
767,160,68.546581,20,254,223,60
765,159,94.236359,351,232,116,60
764,157,112.946620,271,237,78,60
762,155,136.881962,237,77,51,60
755,150,138.387408,235,60,45,60
751,148,133.528353,226,61,42,60
746,146,128.056443,220,69,42,60
741,144,117.196605,219,83,45,60
739,144,104.099442,238,200,59,60
739,145,79.887330,289,205,85,60
740,146,59.930901,370,224,182,60
741,147,45.005109,370,301,216,60
737,151,34.388047,370,353,219,60
733,154,32.198387,370,370,221,60
728,159,27.046395,370,370,220,60
714,173,28.825228,370,370,213,60
701,186,23.238237,370,370,199,60
688,199,27.136283,370,370,179,60
669,219,27.983576,370,320,158,60
648,239,27.043877,370,336,148,60
634,252,29.597474,370,255,128,60
621,265,30.441207,370,200,106,60
609,277,27.258052,370,196,96,60
590,293,28.962258,368,155,79,60
579,302,28.705280,354,124,63,60
572,310,20.004274,361,154,63,60
567,316,17.473866,361,161,61,60
564,320,15.164587,368,198,61,60
560,329,7.271272,370,359,66,60
559,334,5.422447,370,370,68,60
556,345,2.695564,370,370,68,60
556,350,0.717531,370,370,72,60
555,361,0.004322,370,370,72,60
556,374,-0.151068,370,370,73,60
558,386,-1.123817,370,370,79,60
560,397,-2.579918,370,370,83,60
565,408,-6.059112,370,370,93,60
569,415,-7.086044,370,370,104,60
574,424,-10.811621,370,370,134,60
582,436,-17.365405,370,214,185,60
590,447,-16.292137,370,201,197,60
599,455,-24.854327,370,212,337,60
607,462,-31.867762,370,213,370,60
620,473,-34.559604,370,211,370,60
629,480,-34.161632,370,370,370,60
639,488,-33.111159,370,370,368,60
653,501,-30.373604,370,172,362,60
666,512,-30.763268,321,370,135,60
685,529,-29.267300,295,370,124,60
696,538,-30.136974,283,358,109,60
714,555,-31.019857,274,347,97,60
727,566,-32.035278,261,337,85,60
735,572,-37.469001,227,350,75,60
746,579,-41.353212,235,361,272,60
756,584,-51.890934,370,370,271,60
767,589,-55.551991,370,370,272,60
775,591,-65.976031,370,247,289,60
791,594,-71.568802,370,203,302,60
808,597,-72.606608,370,167,302,60
830,601,-74.069586,370,150,298,60
843,603,-74.178142,370,122,300,60
860,606,-74.813052,370,107,300,60
871,608,-73.021117,370,93,290,60
881,610,-70.704312,370,86,282,60
894,614,-68.558496,370,85,272,60
904,615,-71.816643,370,75,269,60
908,615,-81.115051,370,49,293,60
911,615,-91.830893,370,35,337,60
914,614,-102.137698,244,358,48,60
917,613,-112.838741,266,370,42,60
921,611,-124.968544,370,370,90,60
923,609,-132.655356,370,370,350,60
931,604,-130.505828,370,370,340,60
940,597,-145.691633,370,207,341,60
950,589,-141.310228,370,370,327,60
968,574,-145.185983,370,370,316,60
979,564,-148.264244,370,158,307,60
991,553,-144.097276,370,370,289,60
1011,537,-148.269887,370,370,281,60
1022,527,-147.022748,370,370,261,60
1041,511,-147.114779,370,370,248,60
1054,500,-147.864556,135,370,230,60
1075,483,-146.741406,58,330,207,60
1090,471,-147.106740,61,345,192,60
1112,453,-145.557765,86,263,171,60
1126,442,-144.482539,90,254,152,60
1138,434,-133.142535,330,214,141,60
1147,429,-134.408771,323,176,125,60
1157,425,-123.644629,327,143,117,60
1166,421,-119.695827,331,125,110,60
1176,418,-117.726615,309,103,96,60
1191,414,-117.194594,243,89,85,60
1196,411,-119.102220,316,87,76,60
1202,408,-129.941753,305,88,69,60
1207,405,-135.693304,302,86,65,60
1209,402,-150.158231,299,126,71,60
1212,399,-159.880059,306,168,75,60
1212,397,-170.042756,333,292,87,60
1211,396,-176.033043,370,282,107,60
1212,387,-177.812480,369,277,109,60
1211,383,170.729868,78,281,183,60
1210,374,176.685122,370,259,128,60
1208,363,175.352640,370,249,135,60
1205,354,175.480731,367,240,140,60
1203,344,177.158958,370,237,173,60
1202,334,166.564685,370,226,188,60
1200,315,176.977078,370,212,185,60
1199,302,178.201615,289,194,144,60
1197,290,171.481215,290,177,168,60
1195,271,176.956371,312,168,190,60
1194,259,178.533479,219,150,147,60
1193,247,169.418429,228,134,162,60
1192,230,168.439306,176,121,149,60
1191,219,164.686717,338,123,117,60
1190,208,161.528898,204,99,106,60
1190,192,179.209482,118,82,113,60
1189,183,178.315290,99,68,93,60
1187,174,176.105995,90,61,82,60
1186,171,172.854776,90,58,75,60
1183,167,168.346146,94,55,66,60
1180,163,159.251532,110,53,56,60
1177,161,140.738015,370,66,52,60
1172,159,129.798028,362,63,51,60
1169,157,130.169741,370,76,52,60
1166,157,112.403690,367,149,65,60
1164,157,99.180734,370,213,72,60
1164,158,74.171881,162,332,158,60
1163,160,58.795637,135,370,362,60
1156,164,50.725050,127,370,370,60
1151,167,43.158401,118,160,289,60
1144,172,40.512070,111,146,290,60
1126,184,38.901777,103,127,300,60
1114,192,40.674926,92,370,272,60
1104,197,51.344463,89,370,245,60
1096,200,55.992482,90,370,370,60
1089,201,74.457703,103,370,313,60
1079,202,81.602915,370,244,210,60
1070,202,95.862200,370,370,149,60
1054,200,103.897103,370,370,130,60
1046,198,110.752915,370,348,118,60
1036,195,108.850819,214,240,106,60
1013,189,108.917548,183,213,99,60
995,184,115.077408,151,193,92,60
981,181,101.002467,149,265,96,60
971,180,101.996522,165,370,104,60
961,179,93.397887,370,370,118,60
951,180,86.185469,370,165,142,60
943,181,79.205676,370,70,178,60
927,183,74.038170,370,71,221,60
920,186,63.642436,370,72,288,60
915,188,59.687129,370,82,41,60
909,191,43.551351,370,370,48,60
907,193,34.266401,370,370,63,60
904,197,21.615122,370,370,83,60
903,199,12.363460,370,370,370,60
898,212,8.526061,370,370,370,60
895,219,4.823543,370,370,370,60
892,229,3.826343,370,370,370,60
886,251,2.733478,370,370,370,60
882,270,2.381676,370,370,370,60
878,287,2.253457,370,370,370,60
872,315,2.869975,370,370,370,60
867,333,2.468040,370,370,370,60
863,352,2.107455,321,370,370,60
856,379,2.529054,296,370,370,60
852,398,2.532161,271,370,370,60
848,416,2.611144,233,370,370,60
841,444,3.030431,207,370,370,60
834,471,2.728871,285,370,264,60
829,489,2.401963,370,355,221,60
822,517,2.776010,370,336,195,60
817,535,2.808978,370,317,165,60
812,554,3.421916,370,291,128,60
805,579,3.466411,365,273,102,60
800,596,3.268754,331,248,65,60
795,612,3.212905,310,232,63,60
790,633,2.695030,290,217,78,60
787,644,1.360762,281,204,107,60
786,653,0.577844,266,191,272,60
787,663,-0.047943,261,185,261,60
788,675,-0.548819,244,172,241,60
789,681,-1.246701,240,167,231,60
791,690,-1.628373,224,154,212,60
794,705,-2.011833,210,145,199,60
796,715,-2.549314,197,134,182,60
800,731,-2.707450,183,124,168,60
802,741,-2.784237,161,108,145,60
805,751,-2.425587,137,93,125,60
808,766,-1.654578,121,83,113,60
809,775,-1.736801,107,74,102,60
811,784,-1.864214,89,61,83,60
813,789,-4.508990,83,56,75,60
815,792,-8.114390,85,54,68,60
817,795,-12.860296,92,51,59,60
819,797,-17.582900,103,51,55,60
821,798,-23.650938,130,53,52,60
823,799,-34.134406,261,60,51,60
824,798,-56.768857,370,86,56,60
823,797,-83.186531,202,237,78,60
822,796,-101.139585,203,370,116,60
821,795,-121.183977,370,194,231,60
820,794,-136.731200,370,196,370,60
827,790,-140.654299,370,370,370,60
833,785,-148.195618,370,370,190,60
843,775,-148.444028,370,370,179,60
852,765,-150.756178,370,370,159,60
870,745,-149.667716,370,370,141,60
882,732,-152.457880,370,365,114,60
901,711,-157.965619,370,363,96,60
913,697,-157.727433,370,346,78,60
925,684,-151.146161,370,290,52,60
935,671,-156.693123,370,311,42,60
941,661,-165.052428,370,314,28,60
945,654,-166.981206,370,316,370,60
952,641,-166.535007,370,370,370,60
953,634,-173.391773,370,292,370,60
958,618,-175.024146,370,242,354,60
962,602,-173.991216,370,370,370,60
966,588,-174.904596,370,370,370,60
970,573,-167.950881,320,235,370,60
977,548,-167.012535,324,206,365,60
981,532,-168.229487,293,370,370,60
985,516,-166.746157,309,164,354,60
991,495,-165.994619,303,150,350,60
996,480,-175.526530,275,366,93,60
1001,460,-166.903534,281,122,80,60
1006,443,-165.755713,268,113,69,60
1010,430,-168.097144,370,73,51,60
1011,423,-173.108827,370,77,49,60
1012,412,-178.841865,370,72,45,60
1011,408,135.803726,247,295,44,60
1010,403,176.766775,238,290,45,60
1009,402,172.298020,228,290,49,60
1008,402,163.143544,223,300,58,60
1004,398,158.072495,219,307,66,60
996,391,148.211410,370,322,292,60
988,386,142.929394,370,207,279,60
978,380,133.359906,370,190,275,60
968,375,130.226429,370,174,276,60
956,369,129.075057,370,155,266,60
939,362,126.130422,370,143,262,60
928,357,126.004790,370,124,257,60
914,350,126.665792,370,113,257,60
904,346,127.655430,370,97,244,60
891,339,129.560754,369,88,238,60
883,335,128.732615,357,75,121,60
872,330,126.983193,348,66,110,60
867,329,118.918166,348,57,78,60
862,328,104.965241,369,350,63,60
859,328,96.562949,370,333,58,60
856,329,86.088837,370,323,369,60
852,330,76.056992,370,328,370,60
843,331,72.978767,370,324,351,60
833,335,60.537571,340,340,321,60
816,341,56.423064,323,346,300,60
802,347,55.428207,313,338,285,60
786,354,53.222329,299,321,259,60
762,364,55.244244,296,294,245,60
745,370,56.908232,288,276,228,60
722,380,54.865281,278,246,204,60
707,386,56.409445,272,226,188,60
692,392,55.946496,370,197,166,60
671,400,56.166678,370,176,152,60
652,408,58.351154,370,154,131,60
640,412,59.534432,370,136,120,60
629,416,60.251283,370,114,103,60
613,421,59.744995,330,102,92,60
603,425,57.818510,326,87,76,60
595,429,47.104441,370,94,72,60
589,433,38.520508,370,101,68,60
586,435,32.132021,370,121,68,60
584,438,21.742151,220,184,75,60
583,441,10.272776,240,370,89,60
583,443,2.922345,254,370,99,60
584,445,0.582790,370,370,110,60
584,455,0.139183,370,370,113,60
585,466,-0.360825,370,370,114,60
587,477,-0.803251,370,370,117,60
591,489,-5.591309,370,359,131,60
596,501,-6.930008,370,346,155,60
600,508,-10.613692,370,134,179,60
609,521,-12.759774,370,127,207,60
617,534,-15.279190,370,110,243,60
629,551,-14.558004,370,97,245,60
635,560,-14.057825,370,87,269,60
640,568,-13.407421,370,74,272,60
645,576,-13.215811,370,66,279,60
650,581,-20.865761,370,63,299,60
653,583,-33.164193,370,69,63,60
658,586,-47.111847,316,77,61,60
662,587,-58.316157,370,370,65,60
666,588,-70.259179,370,370,78,60
668,587,-83.308730,370,281,360,60
671,586,-106.178161,370,370,370,60
680,583,-110.943418,370,370,370,60
691,579,-124.133574,299,370,283,60
709,570,-129.004598,309,370,370,60
733,559,-129.314964,271,357,370,60
749,551,-129.766240,252,331,370,60
774,538,-127.591117,279,311,370,60
791,530,-128.254883,307,292,370,60
807,523,-127.516840,370,273,370,60
823,515,-129.263757,370,247,370,60
845,504,-129.743563,370,232,370,60
859,497,-128.504907,370,207,370,60
872,491,-127.655322,370,192,370,60
891,483,-126.261099,370,178,370,60
903,478,-124.171829,370,164,370,60
921,470,-123.966410,370,145,361,60
931,466,-125.549573,370,133,348,60
940,462,-126.146120,365,123,338,60
949,458,-125.918421,360,108,324,60
958,454,-125.342918,355,99,316,60
972,449,-123.010307,130,89,307,60
980,446,-121.844203,107,75,296,60
992,441,-123.098406,94,66,286,60
996,439,-131.903625,102,59,275,60
1000,436,-138.429467,330,60,62,60
1002,433,-152.484392,329,58,58,60
1004,430,-150.500702,334,61,54,60
1005,428,-157.565072,340,62,51,60
1005,425,-169.936688,364,72,52,60
1004,424,-172.004555,257,87,55,60
1003,424,173.591995,233,314,69,60
1003,425,173.100366,235,313,68,60
1001,425,146.359491,370,330,83,60
1000,426,138.810240,370,234,319,60
990,420,132.187207,370,222,316,60
983,418,126.696446,370,204,317,60
969,412,122.519171,370,193,317,60
958,408,121.452062,370,370,326,60
947,404,122.828560,370,370,310,60
930,398,119.239880,370,370,312,60
916,392,124.180778,370,370,195,60
900,385,124.442523,370,370,169,60
884,378,124.705031,361,370,145,60
859,367,121.578696,343,370,121,60
841,360,125.590135,316,370,78,60
815,349,126.958887,299,367,49,60
799,341,125.653200,281,349,58,60
789,338,113.685899,275,283,257,60
771,334,105.510327,271,259,265,60
762,333,96.701126,281,237,293,60
752,333,90.044858,306,218,309,60
732,332,89.741021,288,204,288,60
712,332,89.456413,259,184,259,60
699,332,90.579953,231,165,235,60
680,331,92.558845,207,152,223,60
668,331,93.589316,178,134,202,60
658,330,91.878447,169,124,182,60
647,329,89.685552,161,113,158,60
631,329,87.408680,140,102,149,60
621,328,89.304019,124,87,121,60
611,328,89.696467,110,77,107,60
597,327,90.328189,92,67,97,60
591,326,101.003844,69,58,102,60
585,324,115.967985,61,59,133,60
582,322,126.125452,56,63,210,60
579,319,137.570630,55,80,212,60
577,316,150.915844,58,103,212,60
576,315,159.583943,63,144,217,60
577,314,165.475925,71,194,223,60
578,313,172.163883,87,200,247,60
579,311,-177.190328,162,204,168,60
580,304,-177.626635,130,195,317,60
582,296,-172.750365,117,184,274,60
585,288,-165.836825,179,185,362,60
589,277,-168.105835,168,166,299,60
596,263,-171.287935,155,154,250,60
603,255,-165.065509,165,148,281,60
609,246,-159.743811,152,144,309,60
616,238,-157.867239,135,135,319,60
623,230,-158.441833,127,126,295,60
633,219,-158.607890,120,118,275,60
639,211,-157.715601,111,110,261,60
646,204,-156.575990,99,100,247,60
657,194,-153.343655,90,93,241,60
662,190,-144.930180,82,97,370,60
669,187,-128.608795,82,98,370,60
673,186,-118.780860,85,140,137,60
678,185,-105.043508,106,339,24,60
684,185,-88.783223,130,370,27,60
689,186,-78.155582,169,9,63,60
697,188,-72.737416,4,7,370,60
708,191,-61.649657,1,2,370,60
714,193,-57.816536,0,0,0,60
719,194,-67.678621,0,0,0,60
722,195,-76.969045,0,0,0,60
726,194,-87.541300,0,0,0,60
729,194,-99.407214,0,0,0,60
731,193,-118.372085,97,198,34,60
731,190,-144.691600,85,116,370,60
731,189,-161.069286,83,80,176,60
730,187,-172.448334,85,80,171,60
731,182,-169.289571,83,73,133,60
733,176,-173.392729,80,62,96,60
735,173,-171.253986,73,61,104,60
737,170,-166.636506,66,57,104,60
741,166,-159.665657,61,56,114,60
744,163,-152.209845,56,58,148,60
747,162,-141.772539,54,67,370,60
749,162,-128.190689,59,92,370,60
752,163,-100.626195,73,193,365,60
754,164,-78.614069,148,370,24,60
755,166,-49.132834,370,16,8,60
760,172,-24.763855,370,4,3,60
767,181,-21.346569,0,0,0,60
773,186,-32.961698,0,0,0,60
776,187,-46.731287,0,0,0,60
777,187,-62.713735,0,0,0,60
779,185,-93.077214,0,0,0,60
779,184,-113.034270,96,234,41,60
777,184,-136.125331,94,221,44,60
776,183,-151.193504,75,89,370,60
775,183,-164.718890,78,73,151,60
778,178,-166.672492,78,69,131,60
781,173,-162.141091,69,62,118,60
785,170,-150.280085,61,67,213,60
788,168,-144.449919,59,71,338,60
793,165,-131.195826,59,72,355,60
796,165,-116.336681,65,113,370,60
798,166,-88.269950,94,370,244,60
798,168,-68.331547,227,370,11,60
798,169,-44.583125,370,4,3,60
798,170,-35.915079,0,0,0,60
807,179,-27.080899,0,0,0,60
812,183,-33.048286,0,0,0,60
814,184,-44.333889,0,0,0,60
815,183,-67.812412,0,0,0,60
816,182,-88.109601,188,2,1,60
816,181,-110.749301,94,255,314,60
816,179,-139.628990,75,113,370,60
815,178,-163.290112,71,71,173,60
814,177,-164.814898,71,67,142,60
816,170,-160.554339,63,60,127,60
819,164,-170.780255,62,51,86,60
821,163,-165.219093,58,50,87,60
823,162,-155.572114,54,54,137,60
825,161,-137.560460,52,64,327,60
827,162,-123.008730,54,74,370,60
829,163,-94.482953,83,317,281,60
830,164,-70.143248,199,370,370,60
831,166,-42.006289,370,235,370,60
832,168,-26.577777,0,0,0,60
837,174,-21.114296,258,370,370,60
849,189,-19.762896,207,370,370,60
855,197,-17.749683,188,370,370,60
857,200,-13.071777,200,370,370,60
863,212,-11.190751,219,370,370,60
870,225,-10.601015,228,370,370,60
879,241,-10.504500,233,370,370,60
892,266,-10.821383,370,370,370,60
901,283,-10.549187,370,370,370,60
914,308,-10.120708,370,370,370,60
923,324,-11.062960,370,278,370,60
931,341,-10.957577,370,252,360,60
945,365,-10.439688,370,235,340,60
953,381,-9.594561,370,210,370,60
963,402,-8.651152,370,189,370,60
972,420,-9.046869,370,177,370,60
978,432,-9.310112,370,158,370,60
986,449,-8.766766,370,147,370,60
990,459,-8.569834,370,136,370,60
995,468,-8.212724,369,126,370,60
999,478,-7.870212,364,111,370,60
1005,492,-7.042499,361,101,370,60
1009,501,-6.425217,360,92,370,60
1014,514,-5.855678,358,79,370,60
1017,522,-5.021119,353,71,370,60
1018,526,-2.387699,92,62,370,60
1018,532,-0.179763,83,58,370,60
1017,536,0.156167,76,54,370,60
1016,539,1.421388,69,50,370,60
1014,543,4.202995,59,45,370,60
1011,548,10.366804,52,43,370,60
1009,551,16.825750,45,40,361,60
1007,552,26.937432,41,44,281,60
1004,553,43.533461,44,370,370,60
1002,552,62.755244,323,258,370,60
1000,551,92.362616,370,370,370,60
998,550,107.741256,272,370,330,60
986,546,115.304079,370,370,351,60
972,541,115.385498,370,370,330,60
947,532,114.383632,370,370,306,60
930,526,117.184146,370,370,290,60
913,519,117.876339,370,370,271,60
895,513,121.704363,370,370,248,60
869,503,117.319681,364,370,216,60
852,496,115.496858,340,356,370,60
825,486,119.224874,317,344,370,60
808,480,116.624980,290,312,370,60
781,470,116.657844,265,313,370,60
764,463,123.533302,252,277,370,60
748,456,117.670425,227,246,370,60
732,450,118.194628,210,230,365,60
717,444,116.535554,196,209,362,60
696,435,125.051224,179,199,350,60
683,429,125.518479,162,197,334,60
671,424,121.925754,145,167,330,60
654,415,127.945293,133,168,316,60
643,410,127.567199,116,145,309,60
633,405,125.574196,106,129,306,60
619,398,127.535943,96,118,300,60
610,394,126.148504,87,110,293,60
604,390,136.115767,79,112,283,60
597,383,148.623956,76,117,278,60
594,379,152.554050,80,165,279,60
591,375,158.852471,83,207,285,60
587,367,160.265565,85,242,286,60
586,363,165.438519,86,257,288,60
583,355,173.529523,86,254,286,60
582,346,169.498100,90,238,286,60
581,336,172.785614,92,223,278,60
581,326,178.863647,86,218,261,60
581,317,-176.883265,135,209,345,60
582,309,-178.214334,114,194,282,60
586,296,-175.145253,157,189,336,60
589,290,-172.582581,128,182,276,60
593,282,-160.259796,188,178,138,60
598,274,-162.510658,186,168,323,60
608,263,-157.444644,168,165,121,60
615,256,-156.087400,159,160,111,60
622,248,-157.102467,145,147,358,60
632,236,-159.370356,138,137,320,60
636,231,-164.382774,134,122,241,60
642,221,-164.806935,127,116,228,60
647,213,-167.542520,117,101,183,60
652,205,-159.258949,102,98,216,60
659,193,-156.924068,97,85,158,60
664,186,-165.939790,83,74,140,60
669,179,-156.499824,75,72,157,60
671,178,-151.415479,69,76,234,60
687,172,-110.097761,79,180,83,60
690,172,-100.128359,99,370,39,60
695,173,-86.563703,120,370,25,60
697,173,-75.540632,164,58,13,60
705,175,-69.756771,216,17,7,60
714,179,-55.595049,0,0,0,60
723,182,-53.418313,0,0,0,60
726,184,-59.183100,0,0,0,60
728,183,-74.785714,0,0,0,60
728,182,-93.631944,127,370,13,60
728,181,-111.668454,93,231,47,60
725,179,-158.446063,72,81,286,60
728,175,-160.296071,72,69,157,60
734,167,-157.540863,59,58,138,60
743,159,-150.838645,52,53,134,60
749,157,-125.284549,49,55,180,60
751,158,-103.928031,75,252,76,60
755,160,-66.455385,158,370,27,60
756,161,-45.544879,370,11,8,60
760,168,-23.194855,370,10,7,60
767,176,-20.984994,0,0,0,60
769,179,-24.084493,0,0,0,60
775,181,-48.453071,0,0,0,60
776,181,-67.260497,0,0,0,60
777,180,-85.669857,152,370,8,60
777,179,-102.077770,104,370,30,60
779,175,-145.227073,68,85,370,60
792,165,-148.287837,61,70,271,60
804,155,-148.017984,47,53,206,60
811,150,-140.827155,42,54,370,60
817,149,-118.230686,51,96,370,60
820,150,-91.268413,72,335,282,60
822,151,-69.409970,176,370,370,60
823,153,-41.428194,370,241,18,60
824,155,-27.078049,370,12,10,60
828,160,-20.981622,3,1,1,60
840,176,-19.130095,241,370,370,60
845,180,-25.776747,293,370,370,60
848,182,-38.729568,370,370,370,60
850,181,-59.851137,370,181,370,60
857,183,-63.902754,343,248,370,60
870,187,-64.428210,344,245,370,60
891,193,-67.403246,324,370,370,60
905,196,-68.201313,300,370,370,60
918,199,-67.414596,327,370,370,60
941,205,-68.018103,344,362,370,60
958,209,-67.151048,340,344,370,60
976,214,-66.447337,312,317,86,60
994,218,-66.921196,293,296,82,60
1020,225,-69.517731,275,275,78,60
1043,230,-72.797919,250,244,73,60
1052,231,-78.854967,255,217,83,60
1069,232,-81.824812,250,202,331,60
1075,232,-93.905948,210,192,274,60
1083,231,-100.963239,169,185,220,60
1090,229,-107.836134,152,184,197,60
1102,226,-117.279844,137,188,180,60
1111,222,-118.954803,127,179,162,60
1127,217,-118.796384,124,167,151,60
1138,213,-119.663451,117,149,134,60
1148,209,-120.057359,113,139,124,60
1163,204,-117.522239,109,126,113,60
1171,203,-106.583666,125,102,113,60
1178,202,-101.670117,133,89,103,60
1187,202,-84.359537,117,79,107,60
1194,202,-83.047786,93,74,117,60
1199,202,-88.380596,89,65,94,60
1203,201,-103.663053,106,64,79,60
1206,200,-113.906956,117,65,69,60
1209,198,-118.351298,103,67,61,60
1218,189,-144.763783,103,67,61,60
1222,181,-160.423733,80,93,62,60
1221,180,-176.876032,80,67,83,60
1220,180,174.958222,370,89,72,60
1219,181,169.965300,106,67,85,60
1218,182,155.815820,189,76,75,60
1218,183,142.026707,370,94,75,60
1218,185,118.437586,369,141,83,60
1218,186,100.255589,370,370,114,60
1218,188,69.080814,128,370,220,60
1218,188,62.681514,370,370,370,60
1207,195,48.774048,370,140,341,60
1198,201,38.664857,370,138,336,60
1187,209,35.028795,370,88,370,60
1177,217,35.451370,370,79,370,60
1164,228,35.509855,370,70,370,60
1156,234,38.159541,370,61,370,60
1145,241,38.632784,44,55,370,60
1139,246,37.460311,37,46,370,60
1127,254,42.506995,30,40,370,60
1118,260,41.007173,25,32,370,60
1115,262,48.933326,23,31,370,60
1112,262,65.481047,34,73,250,60
1111,261,87.472833,54,370,282,60
1109,260,109.934378,370,370,183,60
1108,258,130.638883,370,278,159,60
1107,256,142.057570,257,204,149,60
1101,251,146.733928,370,169,144,60
1085,238,147.780898,370,157,135,60
1070,225,149.449508,370,139,121,60
1061,217,150.730413,370,126,114,60
1053,210,150.445175,367,114,103,60
1042,200,148.343300,369,107,94,60
1037,197,139.681161,370,110,90,60
1031,194,133.254699,370,128,89,60
1025,192,120.241704,162,155,90,60
1021,191,111.217156,189,222,100,60
1018,191,100.214945,370,370,121,60
1008,191,91.233796,370,370,134,60
1004,191,81.857390,370,140,182,60
996,193,75.206879,370,151,227,60
983,196,66.089435,370,159,283,60
974,198,61.245543,370,370,370,60
961,203,60.476093,370,370,370,60
952,206,61.415302,370,370,86,60
940,210,61.699350,370,370,80,60
917,220,60.439984,370,370,66,60
899,226,60.243551,370,97,48,60
885,233,48.268787,370,370,48,60
875,239,43.301379,370,370,48,60
866,246,27.883594,370,370,59,60
865,248,18.239717,370,370,370,60
860,256,15.426830,370,370,370,60
854,267,9.764188,370,370,370,60
850,276,8.069091,370,370,370,60
840,298,7.934011,370,370,370,60
833,315,7.567795,344,370,370,60
822,341,6.946211,321,370,370,60
815,358,6.922661,299,370,370,60
807,375,7.305683,303,370,370,60
795,401,8.286157,370,370,365,60
788,419,8.281879,370,232,351,60
780,436,8.507497,370,206,337,60
768,461,7.865935,370,188,329,60
761,475,8.058517,370,166,316,60
755,488,8.723517,370,153,305,60
747,505,8.721644,370,142,302,60
741,515,9.187952,370,126,285,60
734,529,9.771870,370,117,279,60
730,538,9.548106,370,103,271,60
723,551,9.322386,367,94,266,60
719,559,10.577743,354,86,258,60
712,571,10.793987,338,74,251,60
709,578,9.608818,78,65,243,60
708,582,4.776189,75,57,89,60
707,588,1.129964,353,53,78,60
707,591,0.129839,357,50,71,60
708,594,-0.106449,63,45,63,60
709,599,-2.601080,61,42,58,60
710,601,-6.366919,370,38,49,60
713,603,-16.688230,370,38,44,60
714,603,-28.198169,370,42,41,60
715,603,-41.869627,278,303,42,60
717,603,-66.044886,370,370,51,60
718,602,-85.988562,370,231,351,60
719,601,-103.425424,370,370,370,60
730,598,-112.419789,370,370,370,60
737,595,-120.220422,370,370,251,60
747,591,-124.407308,370,350,233,60
770,582,-124.243966,370,334,268,60
787,574,-125.283817,370,318,370,60
803,567,-125.356708,370,298,370,60
820,560,-124.722037,370,272,370,60
843,551,-122.947290,370,255,370,60
859,545,-121.352555,370,239,370,60
874,539,-121.268716,370,370,370,60
895,531,-122.843855,370,370,370,60
909,526,-121.575252,370,370,370,60
924,520,-121.277664,370,370,354,60
949,511,-119.999973,186,368,330,60
975,502,-118.716145,159,344,313,60
993,496,-115.750757,134,323,295,60
1011,490,-119.791422,97,296,265,60
1037,482,-118.732397,75,274,248,60
1054,477,-117.575727,83,253,231,60
1070,471,-114.802402,370,217,209,60
1084,469,-101.839185,370,193,212,60
1095,468,-96.430857,272,170,214,60
1105,468,-82.687478,219,163,244,60
1114,469,-80.810274,195,156,252,60
1130,471,-78.953334,171,142,241,60
1141,472,-78.413019,157,130,224,60
1152,473,-76.107279,133,116,216,60
1162,475,-74.440797,118,107,209,60
1177,477,-74.893695,107,95,180,60
1187,479,-73.655125,96,86,164,60
1195,480,-74.252123,80,73,142,60
1202,482,-58.706263,71,73,202,60
1207,485,-46.019348,65,83,370,60
1210,488,-38.007124,65,97,365,60
1213,490,-28.975342,66,118,367,60
1214,494,-14.776993,78,205,370,60
1215,496,-7.139077,89,356,370,60
1214,498,-1.936881,107,346,370,60
1213,500,-0.007000,114,344,220,60
1212,511,1.021981,116,338,228,60
1210,518,3.239998,124,329,207,60
1206,529,5.084603,141,316,185,60
1200,542,10.483005,164,310,151,60
1194,552,13.810689,204,301,121,60
1188,558,20.208035,274,306,93,60
1178,570,23.789611,302,306,80,60
1168,580,24.727954,289,298,73,60
1163,587,19.067768,286,274,83,60
1155,599,14.561317,285,262,90,60
1151,605,10.066297,259,243,123,60
1147,614,8.301712,252,233,370,60
1144,625,4.110058,235,224,347,60
1141,638,1.649678,224,206,300,60
1140,647,0.389164,220,201,286,60
1139,658,0.198560,219,192,272,60
1139,669,0.210212,220,175,248,60
1137,687,0.248349,221,163,231,60
1137,698,0.310465,204,146,207,60
1135,715,0.311377,189,135,192,60
1134,727,0.309083,172,123,175,60
1132,743,0.419642,149,107,152,60
1132,753,0.569979,127,91,130,60
1130,763,0.833689,113,81,116,60
1129,772,0.989393,100,72,103,60
