635,805,-178.601198,196,87,51,60
635,805,-179.399933,188,93,52,60
635,804,-178.795894,188,93,52,60
635,803,-177.958933,192,89,51,60
635,800,141.284951,192,86,49,60
634,800,174.258530,168,370,54,60
633,801,165.967780,142,370,65,60
632,802,145.299128,120,246,86,60
631,803,133.129001,106,145,370,60
619,797,127.602323,97,126,370,60
612,794,121.284912,89,104,370,60
602,790,125.543828,78,88,321,60
594,786,133.222508,68,92,370,60
590,782,139.905996,66,103,370,60
585,777,151.647442,69,128,370,60
583,774,160.006518,75,196,370,60
582,770,171.669303,85,318,370,60
582,767,173.698131,97,370,85,60
580,760,177.603820,102,370,79,60
580,751,179.528980,106,370,72,60
581,735,-176.205554,130,370,61,60
582,728,-178.532808,114,370,370,60
586,714,-175.900838,133,370,370,60
589,703,-169.816368,149,370,370,60
594,691,-169.111846,171,370,370,60
601,681,-163.236760,196,370,370,60
609,670,-158.442073,269,370,370,60
618,657,-159.597179,298,370,370,60
635,635,-161.460809,338,370,370,60
646,620,-159.699810,364,350,370,60
657,604,-159.569274,370,320,370,60
674,582,-157.904352,370,300,370,60
717,527,-157.277071,370,370,351,60
727,514,-152.995020,370,370,338,60
738,500,-157.806781,370,370,319,60
754,480,-156.419544,370,370,305,60
766,466,-149.238799,370,370,285,60
783,445,-151.729904,362,370,259,60
796,430,-157.519646,351,350,240,60
808,415,-148.896284,113,352,219,60
819,401,-157.644857,97,312,370,60
838,380,-156.713702,103,297,370,60
850,366,-156.125667,107,284,370,60
857,359,-149.246445,130,288,370,60
871,349,-142.090790,247,292,370,60
877,346,-134.206424,240,342,131,60
891,339,-131.035903,235,354,123,60
904,332,-130.562897,230,348,107,60
926,321,-130.573219,220,347,82,60
939,313,-124.400295,213,325,110,60
947,308,-139.276086,209,334,113,60
956,302,-144.926880,195,237,324,60
966,292,-153.581025,188,237,314,60
973,284,-145.507591,183,211,316,60
979,277,-152.566345,173,186,316,60
986,264,-157.631200,179,160,306,60
993,255,-153.733276,151,160,303,60
999,245,-153.377971,140,149,296,60
1005,235,-165.820490,140,125,243,60
1014,221,-153.145447,121,126,286,60
1020,212,-153.643446,111,117,278,60
1025,203,-153.924488,96,101,271,60
1032,191,-166.002084,87,90,237,60
1036,186,-162.589219,85,77,151,60
1043,179,-146.754159,75,73,169,60
1049,175,-140.634890,68,81,233,60
1053,173,-130.901688,68,95,221,60
1057,172,-119.901460,75,141,217,60
1062,171,-108.671895,85,216,226,60
1067,171,-86.965072,110,199,261,60
1072,173,-65.950660,214,209,370,60
1081,176,-61.192209,200,214,124,60
1086,178,-53.566775,189,221,114,60
1093,181,-48.703746,179,236,106,60
1107,188,-49.474652,169,226,100,60
1114,191,-57.483291,161,199,370,60
1122,193,-63.655331,152,162,370,60
1132,195,-77.547016,152,151,350,60
1141,195,-81.950551,159,130,216,60
1151,196,-83.945432,145,114,179,60
1167,197,-83.451177,125,104,176,60
1182,197,-82.634203,111,88,141,60
1191,198,-81.139989,90,74,123,60
1205,199,-80.970892,79,65,110,60
1215,200,-75.967614,62,52,92,60
1219,201,-67.193075,54,52,111,60
1222,203,-59.066331,48,54,183,60
1225,204,-51.112782,47,58,370,60
1227,206,-35.863325,48,72,370,60
1227,208,-23.309236,55,108,370,60
1227,211,-9.356336,71,253,370,60
1227,212,-2.666277,83,370,370,60
1226,214,-0.009844,96,370,161,60
1225,216,1.324269,100,370,147,60
1222,228,3.057741,106,370,141,60
1219,235,6.216653,124,370,118,60
1211,252,10.065132,141,370,109,60
1207,259,14.148105,172,370,87,60
1202,267,15.145671,199,370,79,60
1194,276,23.066260,268,339,58,60
1186,284,25.826223,338,340,48,60
1177,294,19.698597,316,322,49,60
1171,304,16.852618,288,306,55,60
1167,311,11.798232,244,370,75,60
1163,319,8.732625,230,370,92,60
1158,332,3.987122,210,370,370,60
1156,344,2.680336,207,370,370,60
1154,352,0.965975,202,370,370,60
1153,368,0.274043,199,370,370,60
1152,384,0.216401,202,370,370,60
1150,412,0.165109,202,370,370,60
1149,431,0.218413,204,370,237,60
1147,449,0.294629,207,370,210,60
1145,477,0.312068,210,370,171,60
1144,496,0.353964,213,357,144,60
1142,516,0.272528,216,328,102,60
1140,543,0.306967,217,310,76,60
1137,571,0.441588,221,282,80,60
1137,587,0.346854,224,264,117,60
1137,596,0.036326,221,248,350,60
1137,612,-0.209790,221,237,334,60
1139,619,-1.137919,214,225,312,60
1142,634,-2.178526,207,216,295,60
1145,646,-2.409352,202,204,276,60
1149,658,-2.862650,197,192,259,60
1152,669,-3.024340,189,175,234,60
1155,681,-3.034253,185,163,219,60
1160,698,-2.515012,180,151,203,60
1163,709,-2.800280,178,140,189,60
1168,725,-2.656409,171,124,168,60
1170,736,-2.477946,168,114,154,60
1173,746,-2.177595,151,103,140,60
1175,756,-2.039109,128,88,120,60
1179,769,-2.245751,116,79,107,60
1182,781,-2.244353,93,63,86,60
1185,791,-4.351455,82,55,73,60
1186,794,-8.839287,83,53,66,60
1189,797,-13.731593,87,50,58,60
1191,800,-20.580718,102,49,51,60
1194,801,-37.281448,87,55,49,60
1195,801,-53.963443,78,76,52,60
1197,799,-75.051099,78,71,76,60
1198,798,-106.248217,107,68,86,60
1198,796,-135.066313,370,86,72,60
1198,795,-153.470175,370,175,86,60
1197,794,-164.720118,370,323,102,60
1197,793,-171.625750,176,370,114,60
1197,793,-173.115960,173,370,118,60
1197,782,-172.796723,168,370,118,60
1197,776,171.024115,370,145,370,60
1196,761,175.351857,144,370,155,60
1194,753,176.273305,137,370,155,60
1192,745,172.372828,128,370,173,60
1187,726,176.240397,121,370,162,60
1179,701,175.981162,370,370,175,60
1174,683,171.941743,370,356,188,60
1169,667,176.841287,370,370,190,60
1168,657,178.969945,370,370,182,60
1167,639,177.080789,370,370,182,60
1166,614,175.356017,370,253,226,60
1166,595,-171.395349,370,370,145,60
1165,577,165.446672,370,184,290,60
1165,552,-178.706950,370,370,159,60
1165,535,-173.301862,134,370,161,60
1165,512,-177.775238,125,370,159,60
1165,495,129.831553,116,370,162,60
1165,478,166.760355,87,123,259,60
1165,450,-178.051913,89,345,166,60
1165,432,-167.556762,79,327,168,60
1167,416,-172.808327,79,317,141,60
1170,404,-176.072855,75,305,137,60
1172,396,-165.589293,71,290,134,60
1176,388,-163.358285,312,286,124,60
1182,376,-168.560368,323,268,134,60
1190,363,-161.104181,292,262,113,60
1195,358,-155.295415,262,208,92,60
1207,347,-142.210636,250,158,80,60
1217,338,-142.856166,231,97,59,60
1224,330,-155.534644,230,122,61,60
1229,324,-151.238367,223,107,55,60
1231,320,-165.019530,235,204,63,60
1231,317,-165.072235,234,210,63,60
1231,315,-174.503377,262,201,79,60
1230,314,163.996627,370,303,209,60
1229,304,177.485267,286,194,96,60
1228,298,176.423736,278,186,99,60
1226,289,175.297109,299,181,118,60
1223,277,174.981652,251,163,114,60
1219,266,171.398834,247,155,124,60
1215,259,169.048362,255,150,142,60
1212,255,164.302367,268,146,162,60
1208,250,160.553921,314,145,151,60
1202,245,153.055076,370,146,142,60
1197,240,148.791340,370,151,135,60
1190,234,137.943881,321,170,127,60
1179,225,147.520203,370,141,120,60
1171,218,147.509537,370,129,110,60
1159,207,138.035612,370,135,103,60
1151,201,139.393346,370,111,96,60
1145,198,132.588574,370,110,90,60
1139,194,129.438556,271,138,90,60
1134,192,130.109731,262,134,87,60
1127,189,121.619784,320,202,96,60
1122,188,113.014563,296,179,92,60
1117,187,108.805145,370,283,103,60
1111,187,94.038970,370,370,118,60
1105,188,82.055793,370,237,157,60
1100,189,71.498056,370,282,221,60
1091,191,69.764302,370,370,278,60
1083,195,59.558818,100,370,370,60
1070,200,51.619061,92,370,370,60
1057,207,49.403028,79,370,197,60
1036,219,48.305614,370,370,193,60
1027,222,57.291593,370,370,172,60
1015,226,63.266170,370,370,147,60
1005,228,70.508233,370,370,361,60
987,230,82.738845,370,168,276,60
971,232,81.886199,370,132,252,60
944,234,84.919244,370,108,238,60
930,235,84.773292,370,85,68,60
917,235,87.931270,370,67,56,60
903,236,86.572684,370,59,48,60
894,236,89.756628,370,42,38,60
889,237,81.536073,370,44,34,60
887,238,58.917320,370,67,41,60
887,239,43.062818,370,370,52,60
888,240,20.950506,367,370,370,60
889,239,10.662976,370,370,370,60
891,239,2.594797,370,370,370,60
889,248,1.833272,370,370,370,60
887,261,1.712403,370,370,370,60
884,278,1.365126,370,370,370,60
879,306,1.533226,370,370,370,60
875,334,1.059107,370,370,370,60
872,352,1.152155,370,370,370,60
869,371,1.403811,299,370,370,60
865,390,1.423590,272,370,370,60
861,418,1.799756,245,370,370,60
855,446,1.578513,207,370,293,60
851,465,1.742586,183,370,266,60
848,484,1.716099,226,370,240,60
844,502,1.745258,370,342,199,60
838,530,2.290932,370,323,172,60
834,549,2.535485,370,304,145,60
827,575,2.160429,370,277,106,60
823,593,2.312639,354,260,109,60
819,610,2.710454,316,234,135,60
813,631,2.626440,293,219,147,60
812,639,1.229755,286,209,305,60
810,656,0.749355,269,194,278,60
808,667,0.724836,254,183,262,60
807,678,0.671406,231,166,237,60
805,696,0.519731,214,154,220,60
803,707,0.586208,192,137,195,60
802,719,0.542861,175,125,178,60
800,736,0.607561,159,114,162,60
798,746,0.825372,144,103,147,60
796,757,1.031147,121,87,125,60
795,766,1.187303,107,78,113,60
793,779,1.608116,94,69,100,60
791,787,2.241145,78,57,83,60
788,793,6.249854,68,52,80,60
786,797,9.918465,62,50,82,60
784,799,13.432108,54,47,86,60
782,801,19.444255,49,47,102,60
779,803,33.816238,47,50,152,60
777,803,48.462298,49,65,254,60
776,803,62.462646,56,100,252,60
775,802,84.551596,87,243,63,60
773,800,114.444559,162,250,65,60
772,798,133.835307,247,54,83,60
771,797,144.512313,58,57,370,60
765,791,148.522129,54,56,370,60
759,787,141.568896,44,43,370,60
756,786,131.969302,41,36,68,60
751,785,117.780866,228,29,42,60
748,784,108.390369,235,27,34,60
745,785,97.906053,157,214,27,60
744,786,77.732239,104,213,259,60
744,787,52.873545,76,150,221,60
744,788,43.307254,65,88,219,60
736,792,46.629783,61,83,213,60
730,795,54.115717,61,94,206,60
724,797,60.283418,63,123,200,60
721,798,71.341571,73,200,209,60
718,797,94.457776,99,185,243,60
717,796,112.301601,157,188,340,60
716,795,123.554608,193,217,17,60
708,790,132.778678,183,238,13,60
705,787,140.489033,183,279,3,60
698,782,145.301831,179,308,4,60
690,777,137.900804,171,266,13,60
682,771,134.776822,162,234,23,60
676,769,125.995161,149,184,59,60
667,766,119.323518,142,158,370,60
661,764,110.956193,141,139,321,60
651,763,101.199426,138,124,235,60
646,763,91.800768,155,114,166,60
635,763,86.504598,145,101,135,60
622,764,85.635170,140,92,121,60
609,764,87.683551,118,79,106,60
601,765,79.155905,107,71,94,60
597,766,67.829495,106,70,71,60
592,768,50.947663,92,77,65,60
589,770,41.008270,83,91,65,60
586,773,30.561826,79,95,66,60
584,776,14.863909,78,78,73,60
584,778,6.554541,80,69,87,60
585,779,0.529585,90,65,93,60
586,779,-0.211594,92,65,92,60
587,779,-3.366168,97,65,87,60
588,779,-14.963604,117,67,79,60
589,778,-30.103593,168,73,75,60
589,776,-45.122888,370,91,73,60
588,775,-71.754026,78,183,89,60
587,774,-89.306056,68,370,137,60
586,773,-108.484523,73,64,237,60
587,771,-127.911263,370,62,83,60
598,766,-124.552947,72,48,63,60
603,765,-108.675728,52,44,275,60
606,766,-92.606124,47,50,165,60
612,767,-73.776803,45,370,124,60
615,769,-57.336436,370,168,92,60
617,771,-27.955337,275,88,80,60
617,773,-16.075253,151,75,82,60
621,779,-16.339088,137,69,76,60
626,784,-21.662073,140,66,71,60
629,786,-30.575255,210,71,65,60
635,789,-47.383164,370,85,63,60
638,789,-59.757979,370,111,68,60
641,789,-79.183423,370,370,94,60
644,787,-107.308249,25,370,145,60
645,786,-125.147036,25,20,319,60
646,784,-139.650870,38,19,20,60
654,778,-143.137289,20,10,10,60
662,773,-129.781033,1,1,1,60
665,773,-114.066018,0,0,0,60
667,774,-97.092124,370,370,172,60
671,776,-68.344450,370,370,117,60
672,777,-52.244398,344,152,83,60
673,779,-39.366050,370,104,75,60
685,786,-37.341140,370,80,66,60
690,790,-45.142473,370,88,63,60
696,792,-47.240071,370,91,62,60
701,793,-62.966220,370,122,66,60
702,793,-80.400963,305,234,80,60
702,792,-99.134999,370,370,111,60
701,791,-120.062634,370,293,357,60
700,790,-139.089778,38,370,370,60
709,782,-146.842901,34,370,313,60
714,777,-150.068594,28,370,289,60
725,765,-154.863147,24,370,271,60
731,759,-148.057357,35,370,269,60
741,752,-140.682731,47,370,268,60
753,745,-132.548848,370,370,370,60
763,739,-128.621841,370,370,370,60
770,736,-119.966749,370,370,370,60
788,731,-114.223144,370,195,370,60
803,726,-113.160188,370,180,370,60
821,721,-111.171378,370,157,370,60
836,717,-111.754986,370,141,370,60
848,713,-108.656725,370,130,370,60
865,710,-108.082741,370,120,370,60
875,707,-110.525237,367,107,370,60
885,705,-112.986347,367,97,370,60
898,701,-112.698243,354,82,370,60
907,699,-111.679574,336,74,370,60
915,697,-107.365570,72,63,370,60
920,697,-96.575291,63,65,293,60
926,698,-76.644637,61,347,200,60
930,699,-65.013834,63,369,173,60
933,702,-43.864338,75,247,155,60
935,704,-33.181363,347,182,148,60
944,712,-27.375339,351,153,141,60
949,718,-20.781129,316,137,140,60
957,729,-18.456063,271,127,134,60
963,737,-17.621498,247,118,125,60
969,745,-16.675141,224,109,117,60
974,753,-15.225832,185,95,106,60
982,765,-14.375071,157,83,93,60
986,771,-15.339932,148,77,85,60
989,775,-20.235401,168,75,78,60
994,778,-34.992812,244,80,73,60
997,780,-44.456857,279,95,72,60
1001,781,-53.520044,272,112,75,60
1003,781,-63.680948,278,175,83,60
1005,780,-84.477777,307,266,103,60
1006,780,-105.509270,370,259,151,60
1006,779,-123.052043,55,311,268,60
1016,773,-132.709812,39,339,259,60
1021,769,-140.947725,28,370,255,60
1032,761,-137.734738,31,370,248,60
1038,758,-132.903053,52,334,237,60
1049,753,-124.864034,106,270,223,60
1060,749,-115.829559,370,235,223,60
1070,746,-110.097123,370,219,216,60
1078,745,-103.770697,370,197,221,60
1093,743,-97.997296,286,178,217,60
1105,742,-97.781691,279,167,204,60
1122,741,-96.602596,243,150,186,60
1134,740,-95.997629,213,137,176,60
1145,739,-95.710498,200,126,159,60
1156,738,-93.151155,162,108,144,60
1171,738,-89.628935,141,98,135,60
1181,738,-90.812618,123,88,125,60
1190,737,-92.795645,110,74,100,60
1202,736,-97.349542,94,65,89,60
1205,735,-104.522571,103,61,75,60
1208,734,-116.236653,176,65,62,60
1212,732,-128.362562,370,74,59,60
1216,729,-138.853860,370,86,59,60
1220,725,-151.804791,370,97,58,60
1220,723,-162.531081,327,199,72,60
1220,722,-174.543836,370,370,92,60
1219,720,-176.310792,370,370,97,60
1217,717,176.623787,370,370,125,60
1214,708,175.253070,370,370,128,60
1210,697,165.207418,370,366,154,60
1204,686,164.712668,370,358,158,60
1196,671,163.643757,370,288,220,60
1187,655,163.958252,370,268,234,60
1175,632,166.343203,370,269,219,60
1163,610,163.879310,370,213,289,60
1156,596,163.956215,370,190,302,60
1149,582,162.615679,370,168,329,60
1139,563,168.813034,370,173,278,60
1131,546,170.488181,370,139,324,60
1126,536,168.033756,370,129,314,60
1121,526,159.003033,370,111,370,60
1116,516,161.770268,370,85,370,60
1110,502,164.479105,370,96,300,60
1107,493,164.638119,360,71,351,60
1102,481,164.360937,370,62,370,60
1099,474,171.546301,343,48,348,60
1096,471,165.948365,334,36,370,60
1093,468,160.345897,370,62,370,60
1091,465,153.989297,370,370,61,60
1088,463,146.714886,370,370,34,60
1085,462,138.655879,370,328,52,60
1080,460,125.081603,370,311,86,60
1071,457,118.502919,370,370,370,60
1059,455,105.090672,370,370,370,60
1049,454,98.559176,370,370,312,60
1041,454,88.444486,370,370,288,60
1031,455,85.085418,370,370,271,60
1015,456,82.201682,370,370,370,60
989,458,78.921167,370,370,370,60
970,461,81.689277,370,370,370,60
952,462,80.610149,370,370,370,60
924,465,78.115226,370,370,370,60
905,467,78.943794,238,370,370,60
886,469,80.431484,244,366,370,60
867,470,78.028350,230,341,370,60
839,473,83.744020,241,318,370,60
821,474,81.934972,238,290,358,60
793,476,80.109427,224,274,321,60
775,478,84.968735,370,253,309,60
758,478,85.519427,344,225,293,60
735,480,85.644511,341,211,264,60
720,480,83.827747,307,194,247,60
699,481,83.435213,268,172,221,60
685,481,84.075167,251,159,203,60
673,482,82.878900,228,147,189,60
662,482,82.203245,210,129,161,60
645,483,83.521177,178,117,155,60
634,483,85.354104,159,105,140,60
618,483,88.272741,131,89,121,60
608,483,85.877312,117,79,107,60
600,483,85.796827,100,70,97,60
591,483,85.430086,87,57,75,60
586,484,74.644709,104,55,61,60
580,486,59.331692,154,57,54,60
576,488,47.712045,367,67,51,60
574,490,39.043465,362,78,52,60
572,492,32.023841,365,97,54,60
570,495,17.948227,370,146,59,60
570,496,8.735665,176,353,75,60
572,497,1.636429,189,348,86,60
572,497,0.261304,199,347,94,60
572,506,0.093296,188,338,96,60
573,513,-0.377708,179,331,99,60
575,528,-1.570349,166,322,100,60
577,534,-2.623949,155,310,110,60
582,548,-5.417236,145,301,120,60
586,555,-8.956197,144,295,138,60
594,567,-15.114066,152,291,192,60
599,572,-20.636837,370,75,241,60
605,579,-22.373542,370,67,289,60
620,593,-27.935824,370,60,269,60
627,600,-26.451226,370,50,264,60
632,603,-36.262009,368,51,42,60
635,604,-49.736410,370,69,45,60
642,606,-69.401878,370,370,52,60
644,605,-82.869816,370,360,65,60
646,604,-98.462136,370,370,370,60
645,603,-112.388921,370,370,370,60
650,601,-124.212141,367,370,320,60
661,595,-134.923431,370,370,370,60
670,589,-138.150558,370,370,370,60
690,575,-140.143891,370,370,370,60
706,564,-141.326238,370,370,370,60
720,553,-143.374590,370,370,370,60
743,536,-142.631468,370,370,370,60
758,525,-141.739174,285,370,370,60
781,508,-139.847172,241,370,370,60
796,497,-140.423308,197,370,370,60
811,487,-139.194499,216,370,370,60
827,476,-141.084650,220,370,370,60
851,460,-140.799899,230,370,370,60
874,444,-139.666947,341,370,370,60
889,433,-138.806142,330,370,175,60
905,423,-138.385133,316,370,145,60
921,412,-140.388892,305,370,123,60
936,402,-139.774641,295,370,102,60
952,392,-139.334456,285,76,82,60
979,374,-131.938322,274,55,61,60
986,368,-144.827415,264,36,39,60
991,363,-147.878473,261,31,30,60
994,360,-147.985171,255,24,23,60
995,357,-159.688171,264,267,23,60
994,356,-168.271573,272,256,23,60
993,356,140.446654,295,245,28,60
992,356,170.586378,188,245,295,60
990,349,175.887211,188,241,298,60
988,344,170.265137,179,233,281,60
985,337,167.167113,171,228,264,60
976,321,160.020374,161,216,258,60
970,310,167.745921,149,204,243,60
961,292,167.650591,135,203,210,60
954,281,168.228529,123,176,206,60
949,270,159.040670,103,167,172,60
943,259,169.647363,254,147,175,60
935,243,161.777132,279,136,145,60
932,235,164.378229,241,125,140,60
929,227,166.782938,214,116,133,60
926,214,169.695674,182,105,125,60
923,204,172.870658,147,90,111,60
921,195,172.895526,133,81,100,60
919,186,176.209806,107,71,94,60
916,174,175.836584,93,62,83,60
914,169,171.274000,93,57,71,60
910,164,163.215963,94,54,63,60
907,161,156.593474,116,53,55,60
904,159,148.719714,164,55,51,60
901,157,141.059747,370,62,49,60
899,157,129.204523,370,82,54,60
897,158,106.231239,125,143,63,60
896,159,74.323542,37,364,117,60
896,160,54.075604,370,27,370,60
896,162,37.199258,370,370,42,60
890,167,34.659381,370,370,28,60
884,171,39.423415,370,370,24,60
880,173,51.212228,370,29,10,60
870,177,53.983736,370,3,1,60
863,181,47.986619,0,0,0,60
856,185,41.317270,0,0,0,60
854,188,31.129842,370,370,3,60
853,190,16.639883,370,370,11,60
854,191,6.813242,370,370,31,60
855,191,1.180662,370,370,75,60
854,198,0.734796,370,370,370,60
854,210,0.030668,370,370,370,60
854,221,-0.122304,370,370,370,60
855,230,-0.889041,370,370,370,60
858,245,-1.833903,370,370,370,60
863,269,-2.131403,370,370,370,60
868,288,-2.177778,370,370,370,60
874,316,-1.929598,370,370,370,60
878,335,-2.199450,370,370,370,60
882,353,-2.184756,370,370,370,60
886,372,-1.973155,370,370,364,60
892,399,-1.734009,370,370,338,60
896,418,-1.562522,261,370,314,60
899,437,-1.468526,219,370,278,60
903,455,-1.627231,193,370,252,60
908,484,-1.506383,165,370,227,60
911,503,-1.336181,123,341,296,60
914,521,-1.149295,96,323,370,60
919,549,-0.865142,87,304,370,60
921,572,-0.322284,137,277,370,60
921,582,0.048735,370,267,370,60
920,594,0.239517,351,250,354,60
919,602,1.860887,331,242,353,60
915,618,2.698725,313,232,344,60
911,630,3.221335,286,214,320,60
906,649,3.783287,268,201,303,60
902,662,4.290367,240,183,278,60
898,674,4.177770,224,171,259,60
894,685,4.006572,210,159,241,60
889,702,4.358672,195,147,224,60
885,713,4.660214,179,138,212,60
882,724,4.854617,157,121,186,60
878,734,4.724451,144,110,169,60
873,749,5.173924,130,99,154,60
869,759,5.824472,117,91,141,60
866,768,5.997711,97,77,121,60
861,778,7.335715,87,69,109,60
859,782,11.528601,79,65,110,60
855,786,20.443129,68,63,130,60
852,788,28.361072,62,67,202,60
848,790,37.594086,61,75,329,60
843,792,53.170622,62,91,319,60
841,792,67.762233,69,133,323,60
839,792,84.280225,90,313,116,60
837,791,108.041070,195,108,121,60
836,789,123.592120,313,102,370,60
826,783,136.062403,303,97,370,60
822,779,146.658595,97,93,370,60
819,776,156.765892,87,370,370,60
816,770,165.520479,85,370,370,60
815,767,169.621660,85,370,370,60
815,763,172.053875,82,370,370,60
812,749,178.021317,76,370,370,60
813,742,-141.563305,72,370,370,60
813,730,-178.982312,370,370,370,60
815,722,-176.230189,370,370,370,60
819,706,-174.433776,370,370,370,60
823,699,-170.976985,370,370,370,60
828,688,-169.286321,370,370,370,60
840,666,-161.427614,370,370,370,60
848,651,-168.738404,370,370,370,60
857,635,-163.864696,370,370,370,60
866,619,-160.927284,370,370,370,60
879,594,-158.365034,370,370,370,60
889,578,-163.061828,370,370,370,60
903,554,-164.801354,286,370,370,60
913,537,-159.782907,274,370,370,60
923,521,-165.456111,255,370,172,60
937,497,-159.850235,279,370,370,60
953,473,-157.464415,370,157,130,60
963,458,-153.675156,370,138,113,60
972,442,-164.465368,361,112,94,60
984,425,-158.206833,361,327,73,60
989,417,-156.858167,333,77,63,60
992,411,-159.609423,343,79,58,60
997,399,-164.084203,326,62,48,60
998,394,-171.279616,345,283,44,60
997,391,137.573810,354,279,44,60
996,392,172.632127,210,280,56,60
994,392,166.893855,209,284,61,60
990,386,163.696170,203,284,319,60
986,382,157.572384,193,291,292,60
980,376,153.402329,188,295,278,60
971,369,143.130841,370,314,265,60
962,364,138.491649,370,165,257,60
944,352,135.718682,370,149,248,60
930,344,137.035094,370,132,241,60
914,335,136.115946,370,110,231,60
904,329,136.044927,370,99,224,60
891,322,136.151011,368,80,217,60
883,316,135.022739,361,71,212,60
875,311,134.735938,65,57,204,60
870,309,128.512212,344,50,80,60
865,308,112.699805,353,46,61,60
860,307,96.753739,370,336,47,60
858,307,88.520069,370,324,44,60
854,309,73.355520,370,327,44,60
852,310,61.339118,370,347,347,60
846,312,56.996525,348,370,323,60
837,317,45.523176,370,370,313,60
828,323,39.885858,370,370,305,60
808,337,39.100740,370,370,292,60
785,352,39.552543,370,370,271,60
770,362,40.603023,370,370,255,60
746,378,41.383088,370,355,231,60
730,388,43.259768,264,328,214,60
714,399,39.930091,252,291,197,60
698,408,43.283020,238,253,173,60
675,422,43.058004,228,237,159,60
661,430,46.081410,217,188,135,60
641,442,45.902994,370,171,123,60
628,448,47.365140,370,145,107,60
611,456,48.784390,370,119,90,60
599,463,43.333709,370,103,76,60
591,468,35.694306,370,116,72,60
585,474,23.705332,370,140,71,60
583,477,17.284263,183,232,79,60
582,481,9.936072,192,369,89,60
579,486,8.290169,190,362,87,60
577,494,3.299202,196,354,96,60
574,509,1.333957,182,339,93,60
573,516,0.605158,172,328,96,60
573,528,0.186120,157,316,97,60
574,540,-0.678179,147,308,99,60
576,551,-1.541471,127,293,106,60
578,563,-4.327432,120,286,113,60
582,573,-6.394337,106,273,130,60
586,578,-10.761087,107,271,152,60
592,590,-11.447504,94,264,159,60
595,596,-8.593084,73,251,161,60
599,605,-6.018308,54,241,157,60
603,618,-2.182541,37,230,148,60
605,627,-1.280137,51,221,145,60
605,633,-0.066008,65,214,144,60
605,645,0.108078,96,202,142,60
603,651,1.686999,265,193,135,60
600,663,3.857411,252,185,131,60
597,669,6.602424,231,179,120,60
593,677,9.865412,204,170,103,60
585,690,11.539937,190,162,94,60
579,703,9.706322,176,148,86,60
576,709,7.038319,172,141,86,60
574,716,7.037957,162,129,85,60
571,723,3.606135,161,124,86,60
569,733,1.880114,154,114,87,60
569,737,0.225369,152,109,90,60
570,746,-0.325721,141,100,93,60
571,750,-1.899078,138,96,96,60
573,757,-5.087646,134,89,104,60
575,760,-9.686283,140,86,107,60
577,763,-15.078853,162,85,94,60
582,767,-23.493532,213,87,86,60
587,770,-38.293542,361,94,82,60
590,771,-51.690083,370,133,85,60
594,772,-58.785129,75,164,89,60
597,773,-72.506616,63,291,103,60
603,772,-83.136183,55,370,125,60
613,773,-83.889240,47,370,137,60
619,774,-78.127524,42,370,113,60
630,776,-74.329526,35,334,103,60
642,779,-60.458808,362,184,87,60
658,785,-50.952668,370,129,75,60
665,789,-41.379553,370,93,66,60
672,794,-40.896867,370,76,58,60
677,797,-48.118002,370,84,56,60
683,799,-51.119106,370,88,56,60
688,800,-64.588559,334,128,63,60
691,800,-81.974257,314,263,78,60
692,798,-113.553441,370,322,157,60
694,797,-125.967960,71,370,370,60
701,793,-127.487627,72,370,370,60
712,787,-134.257172,62,370,370,60
722,780,-135.261493,59,370,370,60
734,774,-129.180069,370,370,370,60
744,769,-123.208227,370,370,370,60
752,767,-112.978188,370,239,321,60
769,763,-109.525838,370,230,286,60
786,759,-108.782547,370,218,278,60
801,756,-106.568729,370,203,268,60
815,753,-104.477346,370,185,252,60
829,751,-103.316538,370,173,245,60
848,747,-104.811832,370,160,258,60
858,745,-106.240934,370,141,285,60
869,743,-104.812568,370,131,275,60
886,741,-101.715056,130,121,266,60
896,740,-97.962148,116,114,245,60
911,738,-97.133067,99,362,230,60
920,737,-94.532668,85,345,214,60
930,737,-94.197783,76,335,199,60
939,738,-79.793054,72,333,165,60
954,740,-72.187976,62,325,148,60
961,742,-64.162334,324,277,127,60
978,749,-51.715460,299,199,113,60
985,752,-44.945045,288,143,100,60
996,758,-44.115511,276,132,94,60
1010,766,-44.215174,268,117,87,60
1016,769,-49.609551,255,131,86,60
1025,773,-55.442321,248,137,85,60
1031,775,-63.429187,248,174,89,60
1037,777,-67.315841,247,218,92,60
1041,777,-75.846514,259,231,103,60
1051,777,-83.484519,274,218,118,60
1055,777,-97.313613,310,211,144,60
1063,776,-102.278222,369,206,190,60
1073,773,-113.723363,370,209,216,60
1082,770,-118.263095,370,210,193,60
1092,766,-122.819850,370,210,180,60
1103,762,-122.436498,370,196,169,60
1114,758,-122.105926,370,183,158,60
1130,751,-119.651850,370,167,148,60
1141,748,-116.471429,370,147,138,60
1152,744,-116.427952,370,134,127,60
1168,739,-115.562634,340,117,110,60
1178,735,-117.565641,303,106,99,60
1188,732,-117.781418,264,90,83,60
1197,729,-119.787127,266,82,73,60
1202,726,-126.997561,370,84,69,60
1207,722,-143.433882,370,105,69,60
1209,719,-154.485677,348,163,76,60
1210,716,-168.705388,370,269,86,60
1209,715,-174.403328,370,370,97,60
1208,709,-173.278009,370,370,118,60
1208,699,178.012907,370,354,166,60
1205,689,175.430547,370,370,131,60
1202,678,174.491626,370,370,148,60
1199,671,172.056020,370,370,164,60
1195,663,166.213457,370,294,203,60
1185,643,168.922698,370,276,217,60
1176,627,165.813194,370,234,283,60
1168,612,163.553729,370,216,275,60
1158,591,170.440454,370,201,282,60
1151,579,168.017767,370,208,245,60
1145,566,168.946847,370,172,278,60
1136,549,169.931572,370,152,298,60
1131,538,160.235879,370,130,336,60
1124,524,161.057709,370,115,354,60
1120,515,161.647130,370,134,370,60
1114,501,160.974962,370,80,370,60
1110,492,161.666647,370,64,370,60
1105,480,162.602146,350,54,370,60
1102,472,165.340526,343,44,370,60
1098,465,166.695189,333,32,370,60
1095,456,165.127743,327,24,370,60
1094,452,169.409596,324,22,358,60
1093,445,169.371702,321,17,364,60
1093,441,168.722782,319,14,354,60
1094,437,-178.697667,13,26,259,60
1097,431,-175.779614,13,24,265,60
1099,427,-171.791622,16,34,238,60
1102,422,-156.081173,18,51,217,60
1105,420,-149.195993,27,333,193,60
1107,419,-135.884451,62,242,166,60
1110,419,-120.478138,327,185,162,60
1111,419,-103.096560,298,159,179,60
1120,419,-92.437357,238,148,186,60
1127,420,-79.617343,175,142,233,60
1136,421,-79.181673,159,136,241,60
1145,422,-77.449393,148,127,228,60
1154,424,-72.664438,125,116,237,60
1164,425,-72.304384,114,106,220,60
1173,427,-72.657320,104,97,197,60
1191,430,-68.033854,93,88,190,60
1198,432,-62.228810,78,78,190,60
1202,435,-51.768119,71,84,370,60
1206,437,-40.820442,68,103,370,60
1210,441,-28.173234,72,130,370,60
1212,445,-17.315276,79,201,370,60
1213,448,-9.356652,93,370,370,60
1212,449,-4.212774,104,370,182,60
1214,457,-2.180992,107,370,182,60
1215,466,-0.369008,111,370,176,60
1215,479,-0.011287,111,370,165,60
1214,487,0.748240,114,357,182,60
1212,498,1.654335,120,346,188,60
1208,512,5.498561,134,336,165,60
1204,523,7.117310,152,324,148,60
1200,531,10.451302,173,319,128,60
1192,544,12.143580,192,312,117,60
1184,557,12.590489,207,302,116,60
1172,578,13.418028,245,274,113,60
1162,595,11.677457,257,261,113,60
1159,601,8.258268,233,246,147,60
1155,611,6.372628,228,235,370,60
1152,622,3.772664,219,223,337,60
1148,637,3.213751,219,212,316,60
1145,649,2.996535,224,195,290,60
1140,667,2.003060,226,183,269,60
1138,679,2.025649,228,171,250,60
1134,695,1.944495,210,154,224,60
1132,706,2.284639,195,143,210,60
1129,717,2.433416,172,127,188,60
1127,728,2.601797,157,116,172,60
1123,743,3.027394,142,106,158,60
1120,753,3.663697,128,96,144,60
1116,766,3.272676,109,82,124,60
1114,775,2.655101,93,69,102,60
1112,783,2.519518,83,61,90,60
1110,789,6.845826,73,56,87,60
1107,793,12.064980,62,53,94,60
1103,798,20.517843,55,52,109,60
1100,800,28.833971,51,52,133,60
1096,801,49.358984,51,69,370,60
1093,801,67.460456,59,112,361,60
1091,800,89.081386,99,370,370,60
1088,798,115.071183,175,335,370,60
1087,797,132.007809,370,370,85,60
1086,795,143.615637,360,370,118,60
1075,784,150.005434,329,52,147,60
1066,774,147.593180,370,39,120,60
1060,770,144.268810,307,370,51,60
1055,766,140.596908,307,370,30,60
1049,763,128.652924,370,370,48,60
1041,761,116.901845,370,370,102,60
1030,758,112.090096,329,370,370,60
1018,756,101.137044,244,256,370,60
1006,755,96.634892,209,257,370,60
998,755,89.437460,178,263,370,60
988,756,84.593437,149,370,370,60
976,757,83.183288,144,370,370,60
956,759,82.953213,140,370,370,60
931,761,81.841136,137,370,370,60
913,762,81.276350,133,370,370,60
894,764,81.563700,130,370,154,60
876,766,83.683929,134,344,131,60
848,768,82.476557,128,317,109,60
820,769,85.297193,131,297,92,60
802,771,81.564264,125,280,78,60
786,772,80.357621,120,256,58,60
777,773,73.529775,106,254,52,60
763,776,66.783146,97,247,48,60
757,779,59.230776,82,158,234,60
744,783,60.747587,78,137,223,60
737,785,67.580643,83,185,223,60
730,786,75.196876,92,204,227,60
725,786,86.131358,113,192,251,60
717,786,94.880163,138,184,281,60
711,785,102.660057,175,182,327,60
704,784,107.085319,193,179,364,60
696,781,116.778433,176,184,80,60
689,778,120.360210,169,184,73,60
679,775,123.124090,152,179,76,60
666,769,120.934645,144,168,370,60
659,767,115.290564,138,150,370,60
652,765,111.661497,131,129,305,60
647,765,104.028009,133,117,221,60
636,764,96.691973,133,107,178,60
627,763,95.466198,120,94,147,60
615,763,94.887085,111,85,131,60
606,763,92.422919,97,72,107,60
599,762,99.500523,80,66,111,60
592,760,111.672644,69,64,133,60
587,758,123.465377,61,68,231,60
584,756,130.592269,59,74,370,60
582,754,137.574295,58,85,370,60
581,752,147.718123,62,112,370,60
581,751,163.496549,71,165,370,60
582,749,175.338609,90,370,370,60
583,747,179.348624,104,370,370,60
583,746,-178.619153,125,370,63,60
585,736,-173.125261,135,370,55,60
589,724,-171.096327,130,370,370,60
593,712,-174.447319,145,370,370,60
596,701,-174.998193,147,370,370,60
601,680,-170.915075,166,370,370,60
604,664,-172.635842,169,370,370,60
610,637,-172.912743,169,370,370,60
613,619,-172.027274,189,370,370,60
617,601,-171.527333,197,370,370,60
624,574,-171.634528,200,370,370,60
630,547,-171.574212,203,370,370,60
634,528,-174.154138,212,370,370,60
641,501,-173.791156,234,370,370,60
646,483,-163.672427,288,370,370,60
653,456,-164.193214,285,359,370,60
658,438,-167.625040,303,342,370,60
665,415,-144.203794,330,316,370,60
671,393,-171.758331,323,296,370,60
676,376,-173.052430,310,170,370,60
682,358,-173.218204,299,245,107,60
689,335,-165.838396,259,121,90,60
696,315,-167.804715,244,213,76,60
700,304,-163.681545,217,81,61,60
701,293,-166.379093,210,77,54,60
702,284,-169.507353,204,173,51,60
702,276,138.177306,206,164,48,60
700,274,165.431916,233,162,61,60
699,274,161.227587,219,165,65,60
696,269,160.623594,202,165,172,60
691,263,151.325480,186,169,162,60
683,256,143.929091,169,174,151,60
679,254,134.689768,158,196,148,60
672,250,130.358182,148,179,151,60
663,245,129.899038,137,177,141,60
649,237,131.765411,127,165,137,60
638,231,132.834279,117,157,128,60
623,223,131.284847,107,142,123,60
613,217,131.129710,92,117,117,60
600,209,134.299098,78,101,109,60
595,206,136.018114,71,101,99,60
587,199,141.023553,66,103,93,60
584,196,152.868037,69,95,89,60
581,191,152.859522,66,89,83,60
581,188,161.093816,72,82,83,60
581,186,174.078155,78,77,83,60
582,184,-168.344679,76,103,370,60
584,182,-173.321075,90,68,103,60
587,180,-157.583511,80,69,121,60
590,180,-141.053388,72,81,299,60
594,180,-115.014532,72,93,370,60
595,181,-92.354434,125,370,370,60
596,182,-70.264693,248,140,370,60
596,183,-49.305809,110,370,370,60
595,185,-24.534960,179,370,306,60
597,188,-20.497177,370,370,252,60
603,196,-19.753491,370,370,255,60
611,208,-13.414875,370,370,235,60
619,224,-10.043851,370,370,213,60
628,239,-10.769090,370,370,219,60
637,256,-9.794189,370,370,240,60
650,281,-10.552195,370,370,259,60
659,297,-11.235903,370,357,278,60
673,323,-10.053248,370,331,300,60
681,339,-9.673604,370,313,305,60
690,356,-8.931633,370,295,319,60
698,373,-8.507382,361,269,333,60
706,389,-8.799270,336,253,348,60
716,411,-9.152916,319,370,369,60
723,425,-8.688513,324,370,370,60
729,439,-8.113070,341,370,370,60
740,462,-7.801472,360,370,370,60
747,479,-7.481523,370,368,370,60
755,496,-7.620697,370,351,180,60
762,513,-8.071129,370,335,158,60
774,539,-7.377541,370,316,137,60
781,557,-6.695533,370,289,104,60
791,581,-6.160118,370,273,85,60
797,598,-5.739304,370,255,71,60
805,617,-8.151886,370,234,296,60
809,624,-12.450578,370,228,271,60
815,632,-14.841590,370,220,245,60
