643,782,-178.277539,214,51,31,60
643,782,-178.428823,206,56,32,60
643,780,-178.374643,203,55,31,60
644,779,-178.229735,206,51,30,60
643,777,-178.572585,202,53,30,60
642,777,170.967693,121,197,78,60
641,778,167.487035,157,370,41,60
641,778,154.229826,133,293,56,60
638,778,139.415519,117,183,370,60
630,773,137.029282,106,155,370,60
620,768,128.757952,97,128,370,60
613,764,128.028287,86,108,370,60
606,759,139.141675,85,125,370,60
601,755,144.499831,80,129,370,60
596,750,156.625779,85,176,370,60
594,746,162.361020,90,262,370,60
591,740,165.875278,92,319,370,60
589,735,168.819992,94,370,370,60
585,724,171.673861,94,370,370,60
583,713,175.277837,99,370,370,60
581,701,177.951984,102,370,370,60
581,692,-172.410341,370,370,370,60
582,680,-173.516444,128,370,370,60
584,666,-173.752282,124,370,370,60
588,653,-171.733269,140,370,370,60
595,629,-172.555562,161,370,370,60
601,613,-173.189028,164,370,370,60
607,599,-167.469062,183,370,370,60
614,587,-164.654632,220,370,370,60
622,572,-166.233169,243,370,370,60
635,548,-163.658489,370,370,370,60
644,533,-164.240746,303,308,370,60
653,516,-165.708281,305,294,370,60
666,492,-164.740115,340,257,370,60
680,469,-164.396210,364,234,370,60
688,455,-164.816698,370,205,370,60
696,442,-164.773373,370,186,370,60
708,424,-165.540792,362,168,370,60
715,412,-165.733550,345,145,370,60
721,402,-166.853711,338,134,370,60
730,387,-162.707896,324,118,370,60
736,378,-165.344810,305,95,370,60
742,369,-165.409622,295,81,370,60
750,357,-159.256178,283,69,370,60
755,350,-162.959601,259,49,370,60
759,346,-155.742570,250,36,370,60
764,342,-142.616563,48,290,370,60
767,340,-133.147148,30,339,240,60
773,339,-119.421963,66,370,269,60
776,338,-110.381385,259,370,370,60
785,337,-104.384617,275,370,370,60
796,337,-90.700398,327,203,370,60
808,337,-86.778428,370,207,370,60
832,339,-83.347624,370,201,354,60
847,340,-80.186165,370,187,334,60
867,342,-78.881187,370,170,324,60
880,344,-80.798931,370,151,370,60
898,345,-84.256175,370,131,370,60
909,346,-84.417988,370,119,370,60
925,347,-81.845874,370,103,370,60
935,348,-78.670141,71,95,370,60
945,350,-76.212787,63,90,370,60
954,351,-75.643311,58,81,370,60
967,353,-71.188327,52,76,370,60
971,355,-60.123638,49,84,271,60
974,357,-45.222667,65,370,240,60
975,359,-26.333885,87,370,370,60
975,360,-13.490847,345,242,370,60
974,361,-4.952200,370,228,361,60
976,368,-3.291171,370,220,361,60
977,376,-1.166081,370,212,362,60
978,390,-0.161060,370,203,357,60
979,402,-0.074439,370,192,343,60
979,415,-0.042109,370,173,317,60
980,433,-0.031392,370,161,344,60
980,445,-0.001375,370,149,370,60
980,456,-0.002064,370,132,370,60
980,467,-0.001978,370,121,370,60
981,484,-0.040439,154,109,370,60
981,499,-0.007296,133,94,370,60
981,508,-0.004320,113,80,370,60
981,517,0.012026,100,71,370,60
981,526,0.065798,87,62,370,60
979,535,1.525126,78,56,370,60
977,539,4.363406,65,306,370,60
976,543,8.439473,56,304,370,60
972,548,16.422358,51,307,288,60
969,551,22.429768,42,319,231,60
963,557,26.267093,306,323,261,60
954,564,33.720585,293,338,370,60
946,570,37.299779,286,344,370,60
939,574,46.751309,279,370,370,60
930,578,52.079407,279,263,370,60
909,587,53.281484,276,205,370,60
893,594,55.793146,268,160,369,60
878,600,57.763067,264,126,357,60
864,605,60.083409,262,98,345,60
847,611,57.796476,255,84,330,60
837,615,58.407483,250,74,320,60
825,619,64.072842,250,74,309,60
820,619,75.478312,283,159,330,60
815,619,86.775979,63,282,370,60
809,618,101.476805,89,279,370,60
804,616,112.104226,296,293,370,60
792,612,124.047512,276,301,370,60
787,608,133.757797,264,340,370,60
779,602,137.771052,257,370,292,60
762,589,138.181673,244,370,312,60
749,579,138.648453,233,360,312,60
728,562,138.180417,204,306,347,60
714,551,141.904500,192,308,327,60
693,534,138.599668,176,273,370,60
679,523,140.060704,164,256,370,60
659,507,145.402747,144,224,370,60
647,496,138.833406,124,187,370,60
636,487,139.514249,113,176,370,60
624,477,143.946311,103,172,370,60
611,465,146.526507,99,191,369,60
606,459,152.898652,93,183,364,60
601,452,155.926355,90,205,362,60
596,444,162.571590,89,222,364,60
592,437,166.223580,87,230,360,60
590,432,166.473188,93,327,370,60
587,421,169.872682,96,316,250,60
587,416,169.962484,100,306,241,60
587,407,-164.585672,300,208,370,60
589,394,-173.513761,134,284,210,60
590,384,-176.431041,133,270,203,60
594,372,-169.723300,140,262,195,60
598,361,-167.696855,182,252,178,60
607,342,-164.892669,210,242,165,60
613,330,-163.645908,238,224,148,60
622,310,-163.601863,199,204,138,60
628,298,-168.686952,219,188,118,60
638,279,-164.501761,207,173,107,60
643,268,-169.352937,185,157,276,60
652,253,-161.524708,172,145,255,60
654,247,-164.858717,149,145,71,60
656,239,-167.582933,147,128,234,60
660,226,-172.180647,151,115,176,60
663,213,-164.525796,118,107,209,60
663,208,-165.598697,111,101,200,60
664,197,-176.224859,102,88,161,60
664,189,-179.716599,110,78,110,60
666,183,-175.599052,90,68,103,60
668,177,-173.268418,73,68,140,60
670,173,-165.191526,75,61,100,60
673,169,-163.264262,65,60,125,60
678,165,-152.600459,58,57,133,60
681,163,-140.755512,55,70,370,60
685,163,-115.104727,62,111,370,60
688,163,-98.022429,80,267,68,60
689,164,-77.830128,152,97,23,60
689,166,-50.840479,358,18,370,60
689,167,-35.620790,23,370,370,60
693,170,-32.204158,25,370,370,60
698,174,-39.558309,17,370,370,60
701,175,-47.576859,6,19,370,60
713,181,-51.090557,0,0,0,60
719,185,-43.515597,0,0,0,60
725,188,-37.389240,0,0,0,60
729,193,-23.886005,3,370,370,60
730,196,-14.206598,11,370,370,60
730,199,-2.880873,41,370,362,60
729,201,-0.076210,75,370,320,60
728,210,0.084581,370,370,316,60
727,219,1.458206,370,370,306,60
725,228,2.743162,370,370,296,60
721,241,5.867204,370,370,283,60
717,251,7.981793,370,370,265,60
710,264,8.513701,370,370,259,60
699,289,8.341519,370,361,244,60
691,307,9.074119,370,346,230,60
683,323,11.038063,370,370,209,60
675,340,7.564758,370,302,209,60
663,365,9.218014,370,370,196,60
655,382,10.887810,370,370,180,60
646,398,10.517358,370,370,176,60
634,423,9.381524,370,370,159,60
625,439,10.972184,241,370,138,60
612,464,10.077157,228,370,133,60
603,481,10.306657,206,370,123,60
589,506,9.970343,173,351,104,60
581,523,11.075928,140,328,86,60
571,539,11.928615,120,297,73,60
566,549,8.491553,114,299,72,60
560,565,4.288988,140,287,71,60
559,573,2.169546,137,275,72,60
556,587,1.408889,172,257,71,60
553,594,3.462113,334,250,63,60
548,607,5.201545,307,243,55,60
547,613,3.122341,310,235,55,60
544,626,1.095886,303,222,55,60
544,632,0.162947,302,215,56,60
544,641,-0.009176,286,203,56,60
545,650,-1.104793,282,197,59,60
548,659,-2.480618,272,185,66,60
551,668,-4.058417,278,180,76,60
554,676,-7.462690,275,170,87,60
557,681,-11.004022,290,166,104,60
563,690,-13.870412,307,163,125,60
567,694,-21.208331,327,160,148,60
572,699,-29.253841,99,170,155,60
580,704,-36.716403,89,170,151,60
587,709,-40.084235,69,187,145,60
595,714,-39.519372,61,177,137,60
602,720,-29.207560,71,157,134,60
608,726,-28.309359,370,141,130,60
612,731,-18.367863,307,128,128,60
618,739,-12.428808,223,113,123,60
620,744,-6.543920,162,101,127,60
623,754,-3.988767,147,94,120,60
626,761,-4.694027,131,86,113,60
628,765,-7.777198,130,80,100,60
631,769,-13.813096,142,79,90,60
633,772,-19.800003,172,80,85,60
636,774,-27.963685,248,83,78,60
640,775,-36.068915,370,92,76,60
643,777,-46.620825,370,110,76,60
648,778,-61.838654,367,151,82,60
652,778,-75.242936,341,247,94,60
655,778,-85.673911,370,370,123,60
661,777,-95.034126,7,370,151,60
668,776,-101.957673,370,345,173,60
674,774,-110.615766,31,313,261,60
688,770,-112.998753,39,298,353,60
700,767,-108.113050,370,293,264,60
711,765,-100.117856,370,292,203,60
718,765,-89.820136,370,370,155,60
733,766,-83.812968,370,370,138,60
748,767,-83.674844,370,370,133,60
765,768,-83.432072,241,370,128,60
782,769,-82.437476,220,370,127,60
810,771,-81.271687,203,370,127,60
829,772,-82.378240,189,370,125,60
848,774,-84.488421,165,370,125,60
866,775,-83.646848,151,370,123,60
894,777,-81.200439,135,370,114,60
913,778,-80.989454,120,364,116,60
937,780,-86.392320,370,336,113,60
946,780,-95.072538,89,323,135,60
958,779,-94.931145,75,307,152,60
970,779,-85.353243,370,298,134,60
982,780,-78.671715,340,288,107,60
994,783,-66.591543,302,228,89,60
1005,786,-62.670586,275,162,78,60
1019,790,-62.348952,259,150,73,60
1032,793,-69.881500,258,190,78,60
1040,795,-74.586429,257,226,79,60
1049,795,-87.747680,288,220,100,60
1056,794,-97.004970,334,210,134,60
1062,793,-107.054221,370,212,188,60
1072,789,-118.848603,370,219,210,60
1078,787,-126.317538,370,234,197,60
1086,782,-129.581120,370,238,185,60
1101,775,-132.269420,370,232,175,60
1112,769,-129.907673,370,208,159,60
1130,760,-128.668331,370,186,147,60
1142,754,-128.920759,370,166,130,60
1159,745,-123.828673,370,144,118,60
1169,740,-126.113865,370,125,102,60
1183,734,-128.422304,370,117,92,60
1192,729,-129.059555,370,101,79,60
1199,724,-140.198831,370,117,78,60
1204,720,-144.690629,370,124,73,60
1207,718,-148.839874,370,138,73,60
1208,715,-157.150990,329,188,80,60
1212,708,-162.819398,370,258,85,60
1214,704,-166.085391,370,340,87,60
1217,697,-168.724099,370,369,86,60
1219,689,-176.118577,370,370,96,60
1221,678,-177.782951,370,370,94,60
1222,671,-174.486296,370,370,90,60
1218,628,172.584156,370,370,141,60
1215,613,171.713524,370,370,138,60
1210,592,176.080330,370,370,125,60
1206,585,171.083108,370,370,149,60
1204,580,168.818416,370,370,172,60
1191,551,168.909229,370,370,188,60
1183,535,162.631690,370,173,258,60
1171,510,171.026817,370,182,210,60
1163,494,166.518874,370,147,244,60
1157,480,164.232459,370,110,293,60
1149,463,169.117196,72,106,261,60
1144,454,168.220906,59,76,353,60
1140,445,162.657177,48,62,353,60
1135,433,166.331295,38,49,354,60
1134,428,175.635378,34,47,341,60
1134,425,173.256433,35,56,265,60
1136,422,-176.063280,44,310,199,60
1138,421,-167.671278,49,313,179,60
1140,420,-155.258419,66,337,151,60
1142,419,-130.321830,313,197,133,60
1151,416,-122.858780,317,156,125,60
1157,414,-114.568010,319,121,117,60
1171,411,-109.672047,243,108,111,60
1180,409,-107.466901,185,90,96,60
1190,408,-104.052018,145,77,87,60
1195,406,-110.612673,171,76,78,60
1201,404,-118.213054,199,75,72,60
1204,402,-124.830943,305,79,66,60
1206,400,-136.719726,293,96,68,60
1209,397,-145.727345,292,118,69,60
1211,394,-156.549729,292,127,69,60
1211,393,-165.984444,323,288,87,60
1209,393,-176.292916,350,281,100,60
1209,393,-178.279891,370,278,114,60
1209,380,-177.384381,326,275,96,60
1209,373,178.239281,370,259,138,60
1208,364,176.960424,370,249,131,60
1205,351,175.986579,362,241,135,60
1200,335,174.934116,354,227,148,60
1197,323,174.345290,334,215,152,60
1193,311,175.286961,309,197,164,60
1187,291,166.252026,286,184,169,60
1184,279,164.866842,321,170,192,60
1180,267,173.852077,243,153,186,60
1175,250,164.913452,220,142,183,60
1172,239,165.936048,237,128,147,60
1167,223,175.431914,178,114,145,60
1164,212,175.884765,158,103,135,60
1162,202,175.978933,138,92,123,60
1159,192,176.192249,117,77,102,60
1156,178,177.063309,102,68,92,60
1154,170,176.558227,83,55,73,60
1152,165,174.494667,79,50,65,60
1149,160,167.581450,82,47,56,60
1147,157,160.561338,89,46,51,60
1144,155,149.525016,166,51,45,60
1141,155,119.971340,370,83,52,60
1139,156,108.390074,370,187,68,60
1139,157,77.014734,370,370,110,60
1139,158,54.005019,133,370,370,60
1140,158,42.530003,125,370,293,60
1133,164,34.681319,123,151,293,60
1130,167,32.342290,117,134,314,60
1120,177,26.661110,107,115,370,60
1108,190,26.134781,97,105,370,60
1102,194,33.508328,92,102,370,60
1097,198,37.251094,85,370,272,60
1091,201,48.410473,83,370,244,60
1087,202,56.316123,89,370,370,60
1083,203,70.056775,370,370,309,60
1070,205,77.004670,370,257,248,60
1061,205,83.710247,370,207,196,60
1043,204,97.004668,370,370,149,60
1029,203,101.245979,370,370,137,60
1007,201,101.095799,370,370,133,60
992,199,100.227991,370,120,149,60
974,197,99.463974,370,370,133,60
955,195,100.893409,154,370,125,60
934,192,101.433121,117,370,121,60
919,191,95.379551,97,370,125,60
902,189,101.788551,35,370,117,60
877,185,104.553965,11,354,121,60
867,183,109.258639,34,270,99,60
857,179,119.426718,61,193,89,60
843,173,131.409770,321,116,72,60
833,167,135.441484,312,92,63,60
827,162,144.910553,309,64,54,60
819,155,150.495692,165,52,48,60
815,153,142.227945,295,55,45,60
812,152,124.848550,286,71,48,60
811,153,106.118966,314,201,68,60
811,154,76.725367,44,278,109,60
812,155,55.918063,23,48,254,60
812,156,36.585662,11,13,290,60
807,160,32.363366,6,7,27,60
799,165,47.004464,3,3,21,60
796,166,62.390773,6,10,274,60
793,165,85.953349,20,268,165,60
791,164,107.734336,45,260,97,60
791,163,128.418337,265,98,61,60
791,162,146.529157,275,63,54,60
785,155,155.027695,145,52,49,60
782,150,153.707957,116,42,41,60
779,144,159.918884,82,35,37,60
778,140,165.558151,47,28,34,60
778,137,175.921794,55,26,27,60
778,130,-132.364756,38,20,23,60
779,126,-170.813194,17,13,21,60
781,122,-169.446447,10,8,14,60
783,121,-162.910077,8,8,16,60
786,120,-147.138398,10,11,41,60
789,120,-120.827015,10,12,45,60
790,121,-94.088956,44,357,293,60
791,122,-64.382553,90,370,370,60
791,124,-45.686911,357,280,49,60
797,133,-23.272335,370,370,44,60
801,138,-14.242225,44,23,25,60
803,144,-7.687956,25,15,20,60
806,156,-3.932437,13,8,11,60
809,164,-5.414323,0,0,0,60
811,166,-14.766723,0,0,0,60
812,166,-27.732298,0,0,0,60
813,165,-44.737871,0,0,0,60
813,164,-65.715570,271,302,13,60
813,162,-96.688853,121,370,370,60
812,161,-116.486048,78,230,326,60
810,161,-136.134751,55,77,370,60
814,158,-141.862538,49,63,370,60
824,152,-134.697746,45,61,370,60
830,149,-129.106024,45,71,370,60
837,148,-111.862210,51,98,370,60
840,148,-94.996672,65,230,319,60
842,149,-74.367475,141,370,370,60
845,151,-46.898242,370,238,370,60
846,153,-32.947492,370,370,370,60
857,164,-28.336146,370,370,370,60
867,173,-29.211474,370,370,370,60
879,184,-29.528137,370,370,370,60
899,202,-29.951615,370,370,370,60
912,215,-29.993509,370,370,370,60
926,227,-28.004819,179,370,370,60
946,247,-27.748261,130,370,370,60
961,259,-28.808660,92,370,370,60
982,278,-30.782079,31,370,370,60
996,291,-29.898142,20,370,370,60
1009,304,-29.132067,11,370,370,60
1021,316,-19.300625,14,370,370,60
1028,326,-15.955254,20,370,370,60
1034,337,-10.281662,31,259,370,60
1039,348,-8.685647,34,249,370,60
1043,360,-3.457791,327,233,370,60
1045,369,-2.056192,337,219,370,60
1046,381,-0.168757,347,212,370,60
1046,392,-0.020253,350,202,370,60
1046,405,0.010986,350,183,370,60
1046,423,0.033792,350,171,370,60
1045,435,0.011528,351,159,370,60
1045,446,0.004709,350,148,370,60
1045,462,0.016753,351,132,370,60
1044,473,0.031457,351,121,370,60
1044,488,0.038793,353,105,370,60
1043,499,0.135419,355,89,370,60
1042,508,0.216635,357,80,370,60
1041,521,0.351517,357,71,370,60
1041,529,0.720332,360,62,89,60
1039,534,2.472794,73,54,79,60
1037,539,7.656477,65,50,79,60
1035,542,12.322165,58,48,370,60
1032,544,18.292079,51,48,338,60
1030,546,32.149232,49,52,316,60
1029,545,46.701722,51,370,370,60
1028,544,72.978442,65,275,370,60
1026,543,85.344852,370,370,370,60
1026,542,107.642791,293,370,354,60
1015,539,111.313398,305,370,351,60
1010,537,119.642438,370,370,370,60
994,529,122.930916,370,370,370,60
979,522,129.566153,370,370,370,60
963,514,125.921411,370,370,370,60
938,501,124.609956,370,370,370,60
921,492,126.152155,370,370,370,60
896,478,133.090755,370,370,262,60
880,470,127.672300,362,370,237,60
864,461,133.858970,337,370,230,60
839,447,132.814969,320,370,192,60
823,438,126.919370,305,370,158,60
798,424,129.332084,279,370,128,60
782,415,134.430622,264,370,141,60
765,405,134.951166,240,339,165,60
740,391,134.684668,223,318,179,60
724,382,133.421493,197,270,276,60
709,373,134.337278,183,256,266,60
685,359,135.472715,168,239,257,60
671,351,136.449241,152,220,248,60
658,343,136.462568,138,199,240,60
645,335,135.185139,120,170,228,60
628,324,133.067439,109,154,220,60
617,318,135.433131,96,133,214,60
607,311,135.296746,82,116,204,60
598,304,141.554893,80,137,199,60
592,298,149.582759,78,149,196,60
588,291,153.572976,75,154,190,60
584,286,160.213753,75,166,188,60
583,281,161.700812,78,176,188,60
580,272,166.806510,79,167,185,60
579,266,167.927795,83,157,186,60
578,256,166.133340,78,149,169,60
578,251,-167.198506,144,198,149,60
579,240,-174.898662,148,132,235,60
581,235,-172.860009,113,122,179,60
583,228,-170.215974,141,117,197,60
587,214,-165.791367,124,107,196,60
591,206,-173.084917,109,101,204,60
593,201,-166.785704,102,89,165,60
599,193,-164.127531,94,83,154,60
602,189,-156.901508,86,83,189,60
606,187,-147.191141,79,91,348,60
610,185,-139.678515,78,101,370,60
621,182,-107.224302,93,224,97,60
625,182,-95.959375,120,370,159,60
631,184,-79.888625,155,67,370,60
635,185,-69.107244,219,82,370,60
643,187,-63.305823,360,99,370,60
652,191,-53.542069,56,137,370,60
658,197,-34.347249,80,370,370,60
662,202,-20.275637,109,370,370,60
664,206,-13.579474,370,370,321,60
671,220,-9.428950,370,370,300,60
674,227,-5.963786,370,370,282,60
677,236,-5.118578,370,370,274,60
682,250,-5.245178,370,370,282,60
691,276,-5.072694,370,370,290,60
697,294,-4.409864,370,355,298,60
704,311,-4.628432,370,329,312,60
709,329,-4.032487,370,311,314,60
718,356,-4.677906,369,293,327,60
724,373,-5.068307,334,267,345,60
732,398,-4.113562,330,250,350,60
737,414,-4.243144,351,233,354,60
741,430,-3.581343,370,370,360,60
747,451,-2.931099,370,370,364,60
751,465,-3.171551,370,370,368,60
756,481,-3.269938,370,370,370,60
760,498,-3.764803,370,347,188,60
768,525,-3.577024,370,329,164,60
773,543,-3.292496,370,312,141,60
780,569,-3.017729,370,275,94,60
785,586,-3.148599,370,258,71,60
792,610,-3.338871,362,242,58,60
795,624,-3.745783,333,221,292,60
798,632,-5.892616,334,213,274,60
802,640,-7.563987,334,206,257,60
807,649,-14.440629,358,203,238,60
813,656,-18.157630,370,199,212,60
820,665,-19.961860,370,192,199,60
831,678,-20.332863,370,184,189,60
842,691,-19.565066,361,168,176,60
849,700,-20.455111,354,159,165,60
857,709,-20.758892,331,146,149,60
864,718,-21.594863,320,138,140,60
871,727,-21.327515,296,128,130,60
881,739,-20.283475,266,118,121,60
888,747,-19.231760,238,109,114,60
894,755,-18.898673,219,100,104,60
902,764,-19.710887,186,88,93,60
905,767,-25.318345,231,88,85,60
908,769,-31.370145,327,93,82,60
910,771,-38.275174,367,101,80,60
914,772,-49.859162,358,117,82,60
917,773,-57.657447,358,146,86,60
920,773,-68.423455,370,238,97,60
925,774,-78.846371,370,352,110,60
931,774,-82.403936,370,336,120,60
935,774,-91.336660,90,329,145,60
950,773,-97.593362,83,321,154,60
957,771,-107.632863,75,323,238,60
972,767,-109.669324,59,312,274,60
979,766,-102.037657,49,292,210,60
991,765,-97.375948,370,276,186,60
1003,765,-82.969957,355,265,144,60
1014,766,-76.486607,295,257,118,60
1021,768,-67.660084,265,252,103,60
1035,773,-61.826017,248,184,92,60
1047,776,-64.446467,233,195,90,60
1054,777,-72.124430,237,222,99,60
1066,779,-81.097721,237,207,104,60
1073,779,-89.030342,250,196,117,60
1081,778,-97.440712,282,187,147,60
1087,777,-108.486965,370,188,199,60
1098,773,-120.198624,370,192,182,60
1103,771,-127.330686,370,209,168,60
1111,767,-130.818116,370,212,161,60
1119,762,-133.112717,370,209,152,60
1135,753,-131.759505,370,201,144,60
1145,747,-129.316728,370,177,131,60
1156,742,-130.754153,370,158,120,60
1172,733,-128.224230,370,133,106,60
1182,728,-125.266692,370,107,89,60
1194,722,-131.954131,370,104,80,60
1199,718,-141.134884,370,119,76,60
1206,712,-147.200383,370,121,73,60
1208,709,-153.252234,347,157,76,60
1211,704,-161.349962,334,253,85,60
1214,700,-165.970780,370,315,86,60
1215,696,-172.846549,370,370,90,60
1217,689,-170.620332,370,370,89,60
1218,680,-172.580138,370,370,94,60
1219,669,-173.925734,370,370,92,60
1219,662,172.045923,109,370,370,60
1218,651,178.411840,370,370,114,60
1215,638,172.942662,370,370,127,60
1212,627,176.066762,370,370,125,60
1210,615,178.298649,370,370,124,60
1208,602,175.188185,370,370,135,60
1204,576,176.841910,370,370,138,60
1200,555,174.057060,370,370,145,60
1198,547,170.391866,370,370,154,60
1193,536,172.481264,370,370,172,60
1187,521,160.989565,370,166,258,60
1179,504,169.375212,370,167,217,60
1168,480,161.333720,99,142,238,60
1162,467,161.346045,83,108,306,60
1156,451,170.319675,69,97,278,60
1152,442,162.740667,56,74,320,60
1150,435,168.643483,54,77,281,60
1151,431,178.397890,52,80,251,60
1151,429,-165.775604,321,171,121,60
1153,426,-168.113093,59,312,188,60
1155,425,-159.801944,78,330,144,60
1157,424,-152.011138,93,270,130,60
1165,417,-147.746019,314,205,118,60
1171,413,-138.831052,306,158,103,60
1179,408,-137.179285,300,139,94,60
1190,402,-122.119282,303,105,83,60
1197,400,-114.439977,203,77,75,60
1202,397,-120.003723,252,76,68,60
1210,393,-132.386981,290,84,65,60
1213,391,-131.662303,289,75,59,60
1215,389,-141.574452,282,89,59,60
1217,386,-159.213499,293,158,69,60
1217,384,-163.430511,305,230,78,60
1216,382,-175.806949,354,269,100,60
1215,381,-178.822903,365,267,107,60
1215,370,170.495502,370,261,123,60
1214,364,176.753850,369,252,118,60
1211,350,175.192995,360,239,125,60
1208,344,171.486607,370,232,154,60
1202,332,168.960179,370,225,166,60
1198,327,163.788974,370,222,214,60
1190,316,159.942314,370,219,228,60
1182,306,157.978313,370,226,209,60
1170,292,154.182269,370,196,200,60
1162,282,159.680656,370,186,190,60
1154,272,149.984505,370,184,166,60
1143,257,150.373545,370,174,157,60
1136,248,162.754554,289,141,151,60
1126,234,162.275667,271,132,141,60
1119,225,161.410014,250,118,124,60
1109,212,160.705159,238,110,114,60
1103,204,162.221020,197,95,102,60
1095,192,161.953566,175,85,92,60
1091,188,157.375200,183,82,85,60
1088,186,147.243984,341,89,78,60
1083,184,133.521798,370,103,78,60
1079,183,123.511140,217,145,83,60
1074,182,107.497916,268,221,92,60
1071,182,97.115460,370,370,109,60
1067,183,86.626796,370,190,149,60
1059,184,77.857332,370,203,173,60
1053,185,69.812820,370,234,237,60
1046,188,64.190496,370,370,320,60
1031,193,59.732598,370,370,370,60
1019,198,59.455527,370,370,370,60
1005,203,58.921556,370,370,370,60
980,212,61.002126,370,370,117,60
962,218,59.992745,370,370,104,60
944,224,61.421381,370,370,85,60
919,232,61.739978,370,370,72,60
910,235,57.614450,370,370,65,60
893,243,52.196546,370,370,62,60
887,247,43.917733,370,370,63,60
877,254,39.607003,370,370,65,60
867,262,28.745609,370,370,358,60
859,271,24.929551,370,370,362,60
854,277,18.482380,348,370,370,60
845,291,14.319484,351,367,370,60
837,304,12.952372,336,345,370,60
823,328,12.168482,320,370,370,60
814,344,13.367473,362,311,362,60
804,359,14.208383,370,290,340,60
789,383,13.574454,370,273,329,60
780,397,14.388688,370,257,319,60
766,418,15.222768,370,237,299,60
757,431,17.169256,370,219,276,60
744,449,18.195374,370,207,264,60
735,460,19.126439,370,196,252,60
727,471,19.226868,370,180,237,60
715,485,18.722304,370,169,230,60
708,495,19.329250,370,154,214,60
697,508,19.774586,370,145,207,60
690,517,20.613198,135,132,192,60
683,525,21.260822,127,344,183,60
672,537,22.517168,117,337,175,60
664,545,25.154708,107,337,161,60
654,555,25.887710,97,325,149,60
643,566,26.774054,80,278,133,60
632,575,35.712117,72,210,118,60
622,582,39.932128,274,173,106,60
615,585,49.802738,269,116,89,60
603,590,59.069227,271,95,79,60
596,591,67.052072,192,74,72,60
590,593,69.179093,151,65,66,60
586,594,64.064901,118,56,59,60
582,596,49.614813,264,68,55,60
581,597,37.168665,255,85,58,60
581,598,23.767428,265,155,69,60
582,599,9.742344,282,256,80,60
584,599,3.037014,106,245,104,60
585,601,0.130819,75,245,113,60
585,609,-0.309572,86,240,113,60
586,615,-1.314800,96,232,116,60
588,626,-0.920512,100,222,123,60
589,633,-0.246901,131,211,121,60
589,642,0.005639,285,202,120,60
588,652,0.485105,272,195,118,60
587,661,0.520931,259,187,116,60
588,670,-0.020199,245,174,118,60
588,678,-0.705975,237,166,120,60
590,687,-2.931671,237,161,127,60
593,693,-5.325718,235,152,142,60
597,701,-11.360582,255,149,168,60
601,708,-13.511288,261,141,161,60
608,720,-13.803750,248,133,151,60
613,729,-12.677980,230,124,141,60
621,742,-12.140084,199,110,127,60
626,750,-12.683508,176,97,111,60
631,758,-10.708547,154,88,104,60
636,767,-11.159249,138,79,93,60
642,778,-12.353479,120,70,85,60
645,781,-17.538228,131,67,75,60
648,784,-25.237734,182,69,66,60
653,786,-38.472214,343,77,65,60
657,788,-49.696026,370,93,66,60
660,788,-60.347227,357,141,73,60
664,789,-77.064160,331,327,92,60
667,787,-100.138872,370,370,123,60
669,786,-114.915522,71,327,216,60
682,781,-122.724471,28,370,370,60
689,777,-131.473649,20,370,370,60
701,771,-128.138896,37,370,370,60
708,768,-124.176631,66,370,370,60
724,762,-114.787224,370,262,370,60
733,761,-104.772265,370,261,241,60
745,760,-100.171832,370,259,209,60
758,760,-84.152402,370,370,152,60
769,761,-78.982927,231,370,134,60
782,762,-75.992512,217,370,123,60
797,765,-76.361868,206,370,118,60
814,767,-75.614448,193,370,116,60
839,771,-77.841874,178,370,111,60
849,771,-82.744615,168,370,120,60
861,772,-87.953101,154,370,137,60
874,770,-99.926363,149,370,173,60
886,768,-104.023605,140,370,219,60
897,765,-114.242401,142,117,300,60
910,761,-115.864377,127,100,370,60
932,753,-117.256791,109,84,360,60
943,750,-118.216872,93,70,344,60
952,747,-116.223776,72,56,331,60
960,746,-97.622913,58,317,266,60
964,747,-84.828302,51,301,164,60
970,748,-66.577253,320,298,124,60
976,751,-54.203490,302,193,110,60
986,756,-48.775853,290,166,103,60
992,759,-39.782023,283,120,92,60
1002,766,-37.896081,281,104,86,60
1007,769,-45.017488,269,112,83,60
1013,772,-49.551109,258,126,83,60
1019,774,-63.399273,258,162,87,60
1025,775,-75.328632,275,253,104,60
1031,775,-80.930527,276,242,107,60
1038,775,-94.429635,320,229,138,60
1047,773,-102.386805,370,224,175,60
1053,772,-111.271505,370,228,233,60
1061,769,-117.254823,370,232,216,60
1078,763,-119.585819,370,227,202,60
1090,759,-120.019402,370,211,190,60
1109,753,-116.494175,370,188,172,60
1121,749,-117.434781,370,165,154,60
1132,745,-114.688480,370,148,144,60
1150,739,-114.691446,348,135,131,60
1161,736,-113.019186,303,122,120,60
1170,733,-115.612211,288,107,103,60
1184,728,-118.539435,276,98,92,60
1192,726,-117.756653,254,85,79,60
1197,723,-129.720892,370,95,75,60
1201,720,-144.244643,370,113,75,60
1204,717,-151.360561,370,142,78,60
1206,714,-158.717476,321,204,83,60
1208,710,-159.817430,312,219,83,60
1212,703,-167.761036,370,279,86,60
1214,699,-168.218797,370,366,89,60
1216,692,-174.054783,370,370,96,60
1218,683,-173.221644,370,370,92,60
1220,672,-177.293476,370,370,89,60
1221,665,-176.225064,370,370,94,60
1220,649,170.519331,370,370,370,60
1219,642,174.637542,370,370,123,60
1217,631,177.424310,370,370,117,60
1213,619,174.898429,370,370,145,60
1209,607,172.052590,370,370,161,60
1205,600,168.073902,370,370,173,60
1196,585,158.278700,370,223,244,60
1188,572,164.598998,370,202,276,60
1174,550,156.119299,370,170,321,60
1166,537,166.494691,370,167,259,60
1155,520,158.605739,370,126,370,60
1149,510,160.498898,370,115,370,60
1144,500,158.634338,370,98,370,60
1136,487,159.758411,370,97,323,60
1131,479,165.387935,368,81,334,60
1124,467,164.094170,360,66,364,60
1120,461,162.380503,370,50,370,60
1116,457,157.777162,370,39,370,60
1113,455,149.630558,370,30,89,60
1108,452,137.848342,370,370,48,60
1104,451,129.520563,370,331,25,60
1100,450,119.241722,370,319,62,60
1096,449,104.177083,370,370,370,60
1087,448,104.023847,370,370,370,60
1080,447,95.364917,370,370,320,60
1071,447,90.447201,370,370,305,60
1057,448,88.928318,370,370,292,60
1030,449,86.619636,370,370,266,60
1012,450,87.186072,370,370,252,60
984,451,84.100291,370,370,370,60
965,451,85.065336,282,370,370,60
946,452,82.173047,266,370,370,60
917,453,88.359243,293,370,370,60
899,453,87.119130,275,370,370,60
880,454,89.718326,302,346,370,60
851,454,88.459567,370,327,370,60
833,454,89.176404,370,299,370,60
805,454,87.292785,370,281,370,60
788,454,91.805593,370,262,350,60
771,453,90.553179,331,237,337,60
747,452,92.177950,289,221,336,60
731,451,91.086065,272,197,285,60
717,451,91.607166,251,183,265,60
703,450,92.779946,227,169,251,60
684,449,92.618035,207,156,234,60
672,448,93.404637,193,144,216,60
661,447,95.267527,165,128,197,60
645,445,96.968062,148,117,185,60
634,444,98.899606,130,107,179,60
624,442,96.342766,116,91,144,60
615,441,99.305770,100,82,138,60
602,440,94.463551,94,72,110,60
594,439,98.016899,75,61,100,60
589,437,110.089273,63,60,131,60
583,434,122.330165,56,64,223,60
580,432,134.619063,55,76,326,60
576,429,140.754126,54,83,321,60
574,425,149.979855,55,102,323,60
573,422,160.508781,63,158,337,60
573,419,171.744455,79,308,370,60
574,417,-173.366281,309,232,370,60
575,416,-174.905218,110,302,233,60
578,408,-173.312100,124,295,223,60
583,398,-167.173424,145,292,214,60
588,390,-167.147136,169,283,200,60
596,381,-157.802318,231,288,193,60
602,374,-156.203756,283,290,185,60
617,359,-154.206289,266,279,166,60
628,348,-152.230288,255,271,154,60
638,337,-149.456722,233,261,131,60
650,327,-152.742645,226,242,114,60
666,311,-153.262500,216,227,99,60
677,301,-142.902118,193,78,78,60
691,287,-142.783922,188,69,62,60
700,276,-157.919609,179,57,47,60
702,272,-153.432411,179,56,42,60
703,270,-160.544589,175,50,39,60
703,268,-165.413812,178,159,39,60
703,267,-171.310691,188,154,41,60
701,266,175.377727,219,157,175,60
700,267,167.818628,226,156,58,60
697,262,165.505728,214,153,172,60
692,256,157.971641,197,154,159,60
688,251,154.187854,186,153,151,60
683,246,145.513783,168,163,141,60
676,242,142.725039,158,173,137,60
665,233,140.569789,147,165,128,60
657,227,140.964821,138,159,123,60
648,221,138.965278,124,150,113,60
634,211,139.641923,116,140,106,60
625,204,137.319793,107,126,99,60
619,201,127.423438,92,116,99,60
610,196,120.694796,86,98,100,60
605,194,120.951983,79,91,97,60
599,191,128.005702,75,92,90,60
593,186,139.534041,69,97,82,60
590,183,144.659610,69,98,78,60
587,178,159.082565,76,74,72,60
585,175,155.816702,73,69,66,60
584,171,158.309358,75,63,63,60
584,168,163.147279,82,57,63,60
585,165,-144.690695,87,54,62,60
586,164,-175.263393,63,49,76,60
594,165,-76.811947,159,108,370,60
594,171,-15.165642,192,370,244,60
593,172,-5.605183,370,370,147,60
592,175,-0.213512,370,370,128,60
592,179,0.029623,370,370,124,60
591,188,0.428002,370,370,123,60
590,211,1.453519,370,370,118,60
587,235,0.235861,370,370,116,60
587,244,-0.106512,370,370,117,60
589,262,-0.840100,370,370,120,60
591,270,-2.050073,370,370,128,60
595,285,-3.956161,370,370,137,60
598,293,-6.387235,370,348,155,60
606,309,-8.310492,370,341,175,60
614,324,-9.528534,370,328,186,60
622,340,-9.668079,370,304,213,60
635,364,-10.522175,370,288,230,60
643,380,-10.369254,370,264,254,60
656,402,-10.922590,370,249,275,60
664,417,-10.387224,370,233,282,60
671,431,-9.704987,370,218,289,60
678,444,-9.522888,370,198,307,60
684,457,-9.132595,370,185,314,60
693,475,-9.251448,370,171,320,60
699,487,-9.634840,370,155,344,60
707,502,-9.611128,370,145,357,60
711,513,-10.077792,370,128,369,60
717,523,-9.271521,370,118,142,60
723,538,-8.296867,370,107,133,60
728,547,-7.910103,370,97,120,60
732,557,-7.164244,370,88,110,60
737,569,-6.827953,370,75,94,60
741,577,-7.778761,370,63,78,60
743,581,-12.345986,370,270,71,60
747,585,-21.209783,370,276,63,60
749,587,-27.979073,370,284,59,60
754,590,-36.590700,228,318,265,60
761,594,-41.876816,217,323,259,60
766,596,-52.116301,370,370,261,60
779,602,-59.121558,370,370,265,60
793,607,-59.896495,370,370,259,60
818,616,-60.249968,370,370,255,60
836,622,-59.183391,370,370,248,60
853,628,-58.662675,99,370,237,60
879,637,-58.533167,86,370,230,60
898,644,-59.150150,72,370,226,60
914,649,-60.185961,55,108,217,60
929,656,-49.961129,55,329,203,60
940,662,-44.614397,52,287,195,60
946,667,-31.447974,68,214,186,60
950,673,-16.995688,370,181,193,60
956,682,-13.364557,312,168,190,60
960,691,-7.286951,264,158,193,60
963,700,-6.335746,230,145,185,60
967,709,-6.351844,216,136,172,60
973,724,-5.988199,199,126,161,60
977,734,-5.686020,182,116,148,60
982,748,-4.870569,152,99,127,60
985,758,-4.513379,133,86,113,60
988,766,-4.283720,120,78,103,60
992,778,-4.703260,104,69,92,60
994,782,-7.706637,102,65,82,60
996,785,-13.644376,113,61,71,60
998,787,-19.483954,134,62,65,60
1002,790,-30.421465,188,65,61,60
1005,791,-39.381023,271,76,61,60
1006,792,-51.058484,265,98,63,60
1008,791,-74.216261,278,178,76,60
1007,790,-90.398263,361,257,118,60
1006,789,-119.389566,370,277,231,60
1006,788,-133.332931,56,363,265,60
1011,785,-138.751913,56,370,264,60
1017,780,-149.353831,69,370,268,60
1024,773,-148.975824,65,370,269,60
1029,769,-140.878810,39,370,247,60
1042,761,-133.981463,52,353,235,60
1049,758,-126.163841,96,283,226,60
1061,753,-120.976385,370,243,213,60
1073,750,-107.714599,370,212,214,60
1084,748,-101.170208,370,196,209,60
1095,748,-88.193547,259,173,193,60
1105,748,-87.433199,216,159,169,60
1122,748,-87.673045,199,148,166,60
1133,748,-85.321019,182,137,164,60
1150,749,-85.804533,155,121,157,60
1161,749,-87.580730,141,110,158,60
1171,750,-89.771899,130,93,133,60
1186,750,-90.597556,118,83,116,60
1194,750,-89.785925,100,74,109,60
1205,751,-80.545749,80,61,93,60
1210,752,-69.470875,65,59,116,60
1213,754,-58.535441,58,62,113,60
1217,756,-47.935125,55,73,97,60
1221,759,-33.469338,56,91,93,60
1222,762,-20.230551,63,96,92,60
1222,764,-9.535512,76,84,96,60
1222,767,-0.510733,96,78,106,60
1220,768,1.229011,106,76,110,60
1219,768,10.558139,97,77,123,60
1217,768,22.554574,87,80,161,60
1217,767,37.133304,83,103,370,60
1212,770,49.011713,85,120,370,60
1206,771,61.143884,89,159,370,60
1200,772,76.995702,103,283,151,60
1195,772,83.667421,125,370,140,60
1185,771,96.009752,151,370,135,60
1180,770,103.722857,197,370,135,60
1169,767,108.620565,259,370,128,60
1155,763,110.238228,288,97,114,60
1129,756,111.362100,323,78,94,60
1112,751,112.582026,336,61,73,60
1101,748,113.249898,370,370,52,60
1092,747,100.632947,269,370,42,60
1090,747,89.315634,200,336,37,60
1084,749,72.050162,135,370,370,60
1073,752,66.559827,128,359,370,60
1066,754,60.862006,114,243,303,60
1054,758,56.998659,102,183,305,60
