646,811,-178.493433,217,74,44,60
646,810,-177.730375,210,77,44,60
647,803,-177.465160,213,71,41,60
646,798,-177.547121,214,64,37,60
646,795,175.723335,173,95,42,60
645,794,172.697134,173,94,44,60
643,793,162.764022,154,370,49,60
642,794,151.455222,130,262,72,60
642,794,130.335093,118,177,370,60
641,795,119.895740,114,129,370,60
630,792,113.041551,109,115,321,60
625,791,105.770962,107,100,210,60
618,790,103.908351,99,87,164,60
611,788,112.464767,90,87,192,60
606,786,117.765227,82,84,216,60
603,784,126.707453,76,93,370,60
599,781,139.755538,75,106,370,60
595,777,148.559117,78,135,370,60
593,774,157.287192,80,173,370,60
591,769,166.018732,89,266,370,60
589,765,168.843610,94,370,370,60
586,756,175.555118,99,370,76,60
586,751,177.744639,110,370,68,60
585,736,-143.974048,103,370,370,60
586,728,-178.867085,121,370,370,60
589,716,-178.071463,125,370,370,60
592,705,-175.424909,134,370,370,60
596,695,-173.983056,161,370,370,60
599,688,-167.876357,183,370,370,60
605,678,-166.621794,206,370,370,60
617,656,-165.567730,258,370,370,60
626,640,-163.203656,243,370,370,60
635,624,-163.752431,289,370,370,60
649,600,-164.016519,309,359,370,60
658,583,-164.985202,319,342,370,60
667,567,-163.060553,361,302,370,60
677,551,-163.414776,370,280,370,60
690,527,-165.001385,370,264,370,60
699,513,-164.675964,370,240,364,60
708,499,-164.418762,370,212,370,60
716,486,-165.532717,370,197,370,60
727,467,-164.883885,370,177,370,60
735,456,-162.516239,370,145,370,60
745,440,-163.657199,370,132,370,60
754,427,-162.841534,358,132,370,60
760,418,-162.951677,343,140,370,60
769,406,-163.172947,334,143,370,60
777,395,-163.296015,323,141,370,60
783,386,-158.777560,302,297,370,60
788,378,-159.100825,168,283,370,60
798,364,-163.313233,121,146,370,60
829,321,-161.548589,120,149,370,60
840,307,-160.640400,55,210,370,60
847,299,-159.903660,58,202,370,60
851,294,-154.379640,66,201,370,60
857,289,-150.618204,185,204,370,60
866,283,-139.817833,178,221,370,60
873,279,-134.790940,172,244,370,60
879,277,-125.490426,176,297,370,60
891,272,-117.556246,179,336,195,60
903,268,-120.544512,175,338,197,60
923,261,-120.311710,168,320,362,60
939,255,-120.519920,162,309,347,60
954,250,-121.645574,154,287,323,60
978,241,-119.499606,148,276,306,60
994,236,-118.603458,142,284,285,60
1018,228,-117.075742,142,282,274,60
1033,223,-113.546074,135,255,250,60
1055,217,-116.433192,128,244,233,60
1070,212,-115.465339,121,228,214,60
1084,208,-118.592587,114,207,192,60
1105,201,-113.752973,120,178,186,60
1118,197,-113.099334,107,161,159,60
1126,196,-103.365224,121,143,162,60
1139,194,-95.776957,130,131,159,60
1146,195,-85.237684,155,118,180,60
1157,196,-76.541778,135,112,189,60
1162,197,-67.565080,117,112,243,60
1169,199,-64.338805,104,108,292,60
1180,202,-63.928112,96,101,274,60
1187,204,-64.408040,89,92,238,60
1191,206,-55.204212,79,95,370,60
1196,209,-42.220461,78,106,370,60
1199,212,-33.137118,80,132,370,60
1201,215,-25.474594,82,159,370,60
1203,218,-18.219432,89,221,370,60
1205,221,-13.003893,96,356,370,60
1209,229,-7.677381,100,370,370,60
1210,234,-4.096538,107,370,370,60
1212,243,-2.254818,110,370,370,60
1214,255,-0.280627,113,370,370,60
1214,267,-0.005909,113,370,370,60
1212,279,1.091568,116,370,370,60
1209,290,2.159046,121,370,370,60
1207,298,5.362956,133,370,370,60
1202,307,7.759569,158,370,370,60
1195,320,15.592218,196,370,370,60
1188,330,18.229156,235,370,114,60
1172,350,18.773081,283,260,370,60
1161,365,18.128378,300,245,370,60
1151,379,17.055703,323,220,370,60
1142,392,12.206659,298,206,370,60
1137,402,10.655066,283,195,370,60
1131,412,11.426869,293,185,370,60
1123,428,11.529048,320,164,370,60
1115,443,11.823845,330,155,370,60
1110,452,11.819860,347,145,370,60
1104,462,11.946843,358,129,370,60
1096,477,10.958325,362,119,370,60
1091,486,10.367294,365,108,370,60
1086,495,10.979357,370,95,370,60
1081,504,11.762797,370,86,370,60
1074,516,13.445339,370,79,370,60
1069,523,13.695278,370,68,370,60
1063,533,14.170578,65,58,370,60
1058,540,15.320230,56,51,370,60
1052,549,15.920872,49,45,370,60
1048,555,17.581044,42,39,78,60
1045,558,23.346562,37,35,345,60
1043,559,34.382509,35,41,370,60
1040,559,55.439874,39,57,370,60
1039,559,67.759890,49,312,370,60
1037,558,87.587339,370,370,370,60
1036,556,112.613476,370,370,351,60
1035,555,121.741490,370,370,370,60
1027,551,122.225595,370,370,370,60
1014,545,123.504120,370,370,370,60
990,534,124.201662,370,370,370,60
974,527,122.709517,370,370,370,60
949,515,124.516030,370,370,370,60
932,507,121.815105,370,370,370,60
914,499,128.397086,370,370,370,60
889,487,129.206660,370,370,237,60
873,479,123.625407,355,370,234,60
855,471,129.661484,337,370,221,60
830,458,124.107708,313,370,165,60
813,450,130.157574,296,368,168,60
796,442,130.183429,269,352,180,60
771,429,131.616561,244,326,203,60
754,420,130.878102,227,297,316,60
729,408,126.696923,212,260,312,60
714,400,123.861484,196,256,300,60
692,388,131.730610,172,231,286,60
678,380,132.435525,159,218,278,60
665,373,134.510271,140,195,266,60
653,366,134.981973,127,180,259,60
635,355,133.468100,114,159,252,60
624,349,129.665064,97,126,245,60
614,343,130.143325,87,114,240,60
603,337,130.767795,76,100,233,60
593,330,143.104745,73,113,224,60
588,325,148.060915,71,122,221,60
584,321,151.930212,68,136,219,60
581,315,157.635747,69,148,217,60
578,310,162.014459,72,205,220,60
577,302,165.759322,73,199,219,60
575,296,168.068096,75,191,213,60
574,291,170.450205,76,183,212,60
574,281,167.241167,78,173,203,60
574,275,-168.004835,164,171,341,60
575,263,-179.109861,107,152,224,60
577,258,-171.305961,128,145,237,60
581,246,-166.546873,149,139,250,60
584,238,-173.746243,125,127,197,60
587,232,-169.184572,142,120,207,60
593,222,-164.206689,120,140,370,60
598,215,-160.270814,121,108,206,60
606,204,-159.670439,111,109,243,60
611,196,-164.395257,99,90,179,60
616,191,-156.463479,87,84,186,60
619,189,-147.732126,80,92,343,60
623,187,-139.634364,79,103,370,60
632,184,-115.438244,79,104,370,60
636,184,-102.231064,100,292,87,60
640,184,-91.036490,135,370,370,60
647,186,-73.409149,186,60,370,60
651,187,-62.712135,300,80,370,60
659,191,-56.311230,48,105,370,60
674,198,-48.457231,45,119,370,60
679,202,-39.557039,48,370,370,60
682,205,-29.114296,69,370,370,60
683,208,-16.193353,93,370,370,60
683,209,-7.984799,370,370,306,60
688,223,-5.067630,370,370,295,60
689,231,-1.990353,370,370,281,60
691,242,-0.858813,370,370,269,60
693,258,-0.682528,370,370,271,60
698,285,-0.930979,370,363,276,60
701,304,-0.933450,370,345,281,60
703,322,-0.987086,370,317,286,60
707,350,-0.954416,370,298,292,60
710,368,-0.794750,370,280,293,60
712,386,-0.715725,370,253,298,60
716,411,-0.445543,370,236,300,60
717,427,-0.597432,370,212,305,60
720,449,-0.621933,370,197,306,60
721,463,-0.552597,370,183,309,60
723,476,-0.387240,370,169,310,60
724,489,-0.109196,370,150,312,60
724,501,-0.276795,370,138,312,60
726,517,-0.031751,370,127,312,60
726,528,-0.006524,370,116,313,60
727,544,-0.002688,370,100,313,60
727,554,-0.103877,370,90,127,60
727,563,-0.142748,370,81,114,60
728,571,-0.192884,370,72,102,60
728,577,-1.005220,370,62,86,60
730,582,-4.303305,370,59,79,60
732,585,-7.283769,370,56,73,60
734,587,-11.558648,370,54,65,60
736,590,-16.161976,370,265,58,60
739,593,-23.355637,370,275,52,60
742,594,-39.317820,254,305,51,60
744,595,-48.660810,370,370,258,60
752,598,-52.567914,370,370,259,60
762,602,-63.360048,370,370,268,60
773,605,-65.722184,370,370,275,60
798,612,-66.089910,370,237,271,60
815,616,-66.535392,370,218,265,60
832,621,-65.420085,370,200,258,60
856,627,-65.982710,370,167,251,60
869,630,-68.376859,370,129,252,60
887,634,-71.300354,370,105,258,60
898,636,-71.973780,55,84,257,60
913,640,-69.518105,48,75,248,60
922,642,-66.730121,42,70,241,60
929,644,-63.643522,37,66,228,60
934,646,-53.186168,41,355,213,60
937,649,-32.367685,55,261,203,60
938,651,-19.214693,370,207,214,60
938,653,-9.879314,334,195,233,60
942,664,-5.446615,290,183,233,60
944,670,-3.349048,261,174,233,60
948,684,-2.575130,244,165,223,60
950,695,-2.278319,228,155,210,60
952,706,-1.827052,202,138,189,60
956,722,-1.806050,178,122,166,60
958,733,-1.703523,161,111,152,60
961,749,-1.350897,145,100,137,60
963,758,-1.396119,131,91,125,60
964,767,-1.358135,111,77,106,60
967,778,-2.698975,99,68,93,60
968,782,-6.155077,99,64,85,60
970,785,-11.410144,106,61,72,60
973,788,-17.268682,121,60,65,60
976,791,-26.989324,154,62,61,60
979,793,-36.093312,261,67,58,60
982,794,-45.152252,293,76,58,60
985,795,-55.132420,288,106,62,60
988,795,-77.366755,306,195,75,60
989,794,-93.593366,367,277,104,60
990,793,-111.590737,131,295,223,60
990,792,-128.908671,75,355,282,60
996,788,-132.818500,72,370,275,60
1006,781,-142.407238,73,370,272,60
1014,775,-144.995206,54,370,266,60
1021,771,-136.433273,37,369,252,60
1035,762,-130.806863,47,352,243,60
1044,759,-121.005667,370,263,230,60
1056,754,-116.015293,370,235,223,60
1069,752,-102.511009,370,210,228,60
1080,750,-102.095572,358,196,224,60
1092,748,-98.864074,290,174,213,60
1105,747,-99.287590,272,161,196,60
1123,745,-99.622458,254,150,180,60
1134,744,-101.113918,243,139,165,60
1145,743,-99.292418,216,126,152,60
1156,742,-97.653394,178,109,135,60
1167,741,-95.389598,152,98,125,60
1182,740,-94.000797,133,87,114,60
1191,740,-94.419427,118,77,102,60
1200,739,-94.953618,99,64,83,60
1206,738,-102.824814,103,60,72,60
1209,737,-112.274476,125,61,66,60
1211,736,-116.425570,176,63,59,60
1213,734,-131.102883,370,76,58,60
1215,732,-146.091822,370,96,61,60
1215,731,-158.670981,369,142,69,60
1215,730,-165.487595,370,276,82,60
1213,730,-175.979990,370,370,94,60
1212,729,173.522576,370,370,128,60
1211,722,177.913295,370,370,123,60
1210,717,176.306559,370,370,130,60
1205,702,173.204276,370,366,162,60
1197,683,169.891411,370,370,159,60
1189,669,165.998876,370,274,252,60
1181,656,161.146220,370,267,247,60
1168,634,163.194378,370,253,244,60
1160,621,167.087774,370,218,293,60
1153,607,164.971316,370,200,295,60
1142,588,168.884668,370,191,283,60
1136,576,163.356917,370,152,343,60
1127,559,166.288687,370,137,331,60
1121,548,168.974764,370,128,320,60
1114,535,167.828304,370,109,370,60
1109,526,168.255987,370,99,370,60
1105,517,164.693274,370,100,370,60
1099,505,164.088509,370,89,370,60
1095,496,166.288221,370,100,370,60
1092,488,171.080159,343,54,354,60
1087,477,165.142307,370,90,370,60
1082,466,163.534012,323,75,370,60
1080,459,167.657517,317,61,370,60
1079,455,176.632991,320,28,333,60
1078,450,170.951793,319,21,320,60
1078,447,175.105147,310,29,13,60
1079,444,-172.218261,10,18,251,60
1080,439,-171.610727,6,11,261,60
1081,436,-176.805703,0,0,0,60
1083,433,-167.871022,6,17,240,60
1085,430,-167.698441,6,15,241,60
1088,429,-151.955408,14,60,213,60
1090,428,-137.020312,30,326,190,60
1092,428,-118.388190,72,225,180,60
1093,429,-98.942803,298,174,209,60
1096,430,-76.436207,209,171,286,60
1105,431,-69.983785,178,171,370,60
1113,434,-53.904126,162,186,370,60
1120,438,-50.210926,155,198,370,60
1129,442,-48.234346,142,191,370,60
1143,449,-49.503985,133,172,370,60
1154,455,-49.142981,123,158,370,60
1164,460,-47.282390,109,146,370,60
1175,465,-46.264959,97,134,370,60
1188,473,-43.805143,89,123,370,60
1193,477,-35.137106,85,134,370,60
1200,482,-30.421611,82,149,370,60
1203,486,-22.510646,86,203,370,60
1209,494,-17.668410,85,232,370,60
1212,498,-13.823620,86,285,370,60
1216,504,-12.672725,85,322,370,60
1220,513,-7.539099,87,339,370,60
1223,521,-5.682006,89,330,370,60
1224,528,-2.522384,90,320,370,60
1226,538,-1.301166,93,306,370,60
1226,551,0.005800,94,297,370,60
1226,562,0.287311,96,288,370,60
1225,569,2.260950,103,275,370,60
1222,578,3.626308,111,267,370,60
1219,587,7.953552,125,261,370,60
1213,597,9.776215,148,251,370,60
1208,605,15.622255,176,250,370,60
1201,614,18.119650,210,248,370,60
1189,630,18.649750,247,234,370,60
1180,640,18.560471,234,222,370,60
1172,651,20.095160,214,207,370,60
1159,667,21.233963,202,197,370,60
1150,677,21.338772,185,181,370,60
1138,691,19.656374,175,171,370,60
1131,700,19.523026,166,159,344,60
1124,709,20.416321,152,149,344,60
1116,718,20.503560,141,136,306,60
1109,726,20.492330,131,128,288,60
1099,739,20.638101,123,118,259,60
1092,748,20.491366,107,104,235,60
1082,759,21.855844,94,94,220,60
1074,767,28.501042,87,90,238,60
1070,769,37.976342,83,98,370,60
1067,771,46.443911,82,118,370,60
1061,773,59.300009,85,145,327,60
1057,774,68.886898,92,202,303,60
1052,774,79.035688,113,370,370,60
1044,774,88.676852,127,370,370,60
1039,773,100.019308,166,300,370,60
1028,771,105.576530,223,268,370,60
1016,767,118.561333,357,370,370,60
1005,763,121.355876,370,370,370,60
991,757,124.299594,370,370,370,60
977,750,122.906841,370,370,370,60
961,743,122.934813,370,370,370,60
936,732,123.371907,230,370,370,60
919,725,123.587567,200,370,370,60
894,713,123.069811,162,370,370,60
877,706,123.688017,141,370,370,60
860,698,123.597516,116,370,370,60
843,690,125.544710,92,370,370,60
818,678,127.106973,51,355,370,60
803,671,129.060822,97,354,370,60
794,665,136.806072,269,370,360,60
785,658,142.372387,264,370,370,60
776,649,150.692379,264,370,370,60
768,640,152.954746,258,370,370,60
751,621,153.692019,250,370,370,60
738,608,149.499664,241,370,370,60
727,594,151.074127,216,370,292,60
708,574,154.165995,207,370,276,60
696,559,150.206117,183,357,298,60
683,545,151.209815,171,342,298,60
665,524,154.535466,162,353,288,60
653,510,153.110277,144,272,370,60
641,496,147.741179,124,227,370,60
623,476,149.009036,113,214,370,60
613,463,147.594803,100,185,367,60
604,452,150.796936,96,204,364,60
599,445,156.330754,89,203,355,60
594,438,158.774382,86,216,354,60
590,429,165.476735,87,260,358,60
588,421,166.977116,90,312,361,60
587,412,175.393032,104,302,234,60
586,402,174.425954,102,295,233,60
586,395,-178.325672,133,281,210,60
587,386,-174.324174,134,272,204,60
589,373,-175.224145,127,262,203,60
592,364,-176.348200,133,254,195,60
596,350,-175.759131,188,250,178,60
600,337,-165.406279,202,230,164,60
606,317,-164.459740,200,215,152,60
611,303,-164.552055,217,196,135,60
615,290,-174.647105,182,176,279,60
622,271,-167.565587,192,169,116,60
626,260,-160.674693,178,156,292,60
632,245,-166.022778,168,136,223,60
637,232,-161.587081,135,128,268,60
638,226,-165.794992,130,116,220,60
640,215,-177.844369,123,108,202,60
641,206,-163.481813,111,99,186,60
643,192,-163.345831,96,86,162,60
644,184,-170.710996,86,70,117,60
647,177,-173.637991,85,64,97,60
648,175,-166.402735,72,63,116,60
653,169,-161.086627,62,59,124,60
658,165,-148.952482,58,60,168,60
660,164,-144.133903,55,67,340,60
665,164,-110.769262,72,165,102,60
666,165,-93.372086,103,370,39,60
666,166,-66.568922,172,61,370,60
666,167,-50.309360,370,87,370,60
673,171,-45.265813,32,116,370,60
681,177,-36.636734,37,370,370,60
685,183,-21.807143,61,370,370,60
689,189,-12.356566,86,370,370,60
694,199,-9.290203,370,370,334,60
697,207,-5.249546,370,370,306,60
701,223,-2.550753,370,370,296,60
702,235,-0.554786,370,370,286,60
703,248,-0.200321,370,370,283,60
704,265,-0.127237,370,370,283,60
706,293,-0.168865,370,355,286,60
708,321,-0.019476,370,337,288,60
709,340,-0.114225,370,308,289,60
710,359,-0.085528,370,290,292,60
712,386,-0.164368,370,263,293,60
713,411,-0.061816,370,236,295,60
713,428,-0.088539,370,220,295,60
714,443,0.000032,370,196,296,60
714,458,0.000404,370,181,296,60
714,478,0.006026,370,167,296,60
715,490,-0.007756,370,149,298,60
715,501,-0.000738,370,138,298,60
715,518,-0.039397,370,127,298,60
716,529,-0.059344,370,115,298,60
716,545,-0.012911,370,99,299,60
716,555,0.000031,370,89,299,60
716,564,0.011379,370,79,111,60
716,576,0.004009,370,66,93,60
717,581,-1.052052,370,60,85,60
718,584,-3.571028,370,55,73,60
720,587,-7.443140,370,53,66,60
723,592,-14.659747,370,51,59,60
726,594,-22.978769,370,51,52,60
728,595,-34.204442,293,290,49,60
730,595,-50.206413,370,370,259,60
731,594,-66.153683,370,370,285,60
733,594,-86.908023,370,217,350,60
743,594,-88.354127,370,370,370,60
758,594,-85.099249,351,245,361,60
773,594,-91.051433,344,370,370,60
796,594,-89.860284,330,370,370,60
812,594,-89.239989,316,370,370,60
830,594,-89.748563,292,370,370,60
857,594,-89.343828,278,370,370,60
875,594,-86.784226,370,370,370,60
894,594,-86.495665,370,370,370,60
922,595,-89.737173,370,351,71,60
941,595,-85.684734,370,333,32,60
959,595,-87.299637,370,305,30,60
977,595,-88.365006,370,287,30,60
993,594,-96.194153,370,277,38,60
1004,593,-100.066253,370,264,52,60
1011,591,-109.567021,370,269,283,60
1025,587,-116.455449,251,277,259,60
1031,584,-126.601586,161,296,241,60
1041,578,-133.551428,171,318,231,60
1057,569,-134.326122,154,310,221,60
1070,562,-134.604168,147,291,209,60
1083,555,-133.786240,171,262,189,60
1104,543,-133.219938,186,242,173,60
1118,535,-132.963195,204,221,161,60
1131,528,-133.731587,370,195,141,60
1144,521,-134.707586,370,181,128,60
1162,510,-134.015965,370,163,117,60
1179,502,-131.211736,370,134,99,60
1189,496,-129.712673,370,106,82,60
1199,492,-129.653569,370,93,72,60
1207,487,-130.289179,370,84,66,60
1213,483,-134.395962,370,84,59,60
1215,480,-149.152734,370,119,65,60
1216,477,-161.634916,370,172,72,60
1215,475,-175.004220,154,362,86,60
1214,476,135.301982,147,365,93,60
1213,476,174.144529,131,363,135,60
1210,464,174.519737,125,356,135,60
1207,459,171.736230,118,349,148,60
1199,443,168.650821,99,336,185,60
1190,428,156.939535,80,98,296,60
1179,406,161.887274,68,309,237,60
1175,398,161.257990,52,300,289,60
1173,391,167.346256,48,284,241,60
1172,383,168.001810,47,275,221,60
1171,373,167.717165,41,272,247,60
1172,367,-168.536606,259,153,102,60
1174,354,-176.903880,292,250,137,60
1176,348,-174.261358,302,234,149,60
1181,337,-166.294685,282,227,140,60
1184,328,-166.423707,255,222,123,60
1187,317,-165.200437,235,219,113,60
1190,306,-168.380045,228,196,117,60
1195,288,-175.677038,227,174,127,60
1196,280,-177.517154,223,165,131,60
1197,267,-179.098843,213,156,131,60
1197,260,143.335841,207,149,134,60
1196,252,178.599559,199,137,144,60
1195,242,179.135459,182,127,142,60
1195,232,170.939226,199,119,145,60
1193,217,169.376452,154,107,144,60
1192,207,179.283971,138,97,135,60
1192,197,178.617202,120,82,111,60
1191,183,168.164495,107,73,100,60
1191,174,178.571840,93,63,86,60
1190,169,178.311156,79,54,73,60
1188,165,174.154761,79,50,65,60
1186,161,167.804818,82,48,58,60
1183,158,161.546872,90,47,52,60
1181,157,148.650651,183,54,48,60
1179,157,126.133437,370,72,51,60
1178,158,104.648060,370,238,75,60
1176,160,73.001585,185,300,121,60
1175,161,60.148155,144,370,238,60
1174,163,43.134436,134,370,362,60
1167,168,38.762488,370,155,316,60
1144,192,23.217384,370,98,370,60
1137,201,21.972439,370,89,370,60
1129,210,21.948905,370,73,370,60
1118,221,25.433995,66,68,370,60
1112,228,26.716234,58,60,370,60
1103,236,28.105996,49,52,370,60
1099,240,29.185558,44,46,370,60
1095,243,35.936903,39,47,370,60
1090,245,54.944851,41,58,262,60
1088,245,72.700383,49,370,223,60
1086,244,92.169440,370,236,220,60
1086,243,119.087024,370,370,162,60
1086,242,128.849606,251,223,140,60
1080,238,138.173181,224,181,133,60
1064,228,139.597892,203,164,124,60
1053,220,141.005283,370,144,113,60
1042,212,143.387123,370,128,104,60
1029,202,143.447087,370,117,97,60
1023,198,138.106586,370,118,92,60
1016,195,135.159010,370,125,89,60
1009,191,124.623329,137,143,89,60
1003,189,120.448782,142,164,90,60
996,188,109.428524,164,245,100,60
989,187,106.718441,171,292,103,60
984,187,97.741526,370,370,116,60
977,186,91.254259,370,370,134,60
969,187,83.945934,370,95,165,60
954,189,75.117187,370,98,197,60
947,191,67.003518,370,111,307,60
937,195,57.540866,370,127,65,60
933,197,46.462155,370,370,72,60
930,200,36.033854,370,370,92,60
924,206,26.956157,370,370,103,60
922,209,20.313827,370,370,124,60
917,217,17.459330,370,370,370,60
912,224,12.647384,370,370,370,60
905,238,8.570939,370,370,370,60
902,245,5.967229,370,370,370,60
899,255,4.836778,370,370,370,60
894,269,4.076018,370,370,370,60
890,286,3.904743,370,370,370,60
881,314,4.518128,370,370,370,60
876,332,3.563179,370,370,370,60
868,359,3.635511,305,370,370,60
862,378,4.007147,278,370,370,60
854,405,4.469019,254,370,370,60
848,423,4.881869,228,370,370,60
839,450,4.762323,228,370,370,60
833,468,4.610882,370,370,370,60
827,486,4.337023,370,359,234,60
817,513,5.122511,370,341,209,60
811,531,5.055311,370,322,180,60
804,549,5.462400,370,306,155,60
795,574,5.237217,360,279,114,60
788,591,5.524709,341,263,89,60
782,606,6.362537,305,240,52,60
774,627,6.033590,285,225,30,60
771,635,4.042190,279,214,24,60
768,645,3.422894,269,205,34,60
767,652,1.692498,262,192,61,60
765,661,1.192984,252,183,76,60
765,670,0.057835,248,177,97,60
765,678,-0.168266,238,169,238,60
766,683,-1.393845,233,161,221,60
769,693,-4.495561,228,154,207,60
772,698,-8.335000,243,148,182,60
775,704,-11.272045,252,143,169,60
782,716,-12.559544,245,136,157,60
787,725,-13.215533,234,128,147,60
792,733,-12.869830,219,119,135,60
797,742,-11.182504,185,105,123,60
804,755,-10.811078,166,95,113,60
808,763,-10.618017,144,83,99,60
812,770,-10.546091,131,76,90,60
816,776,-16.506759,138,73,82,60
819,778,-23.070097,159,73,76,60
821,780,-29.293994,213,76,72,60
824,781,-35.608525,370,84,69,60
827,783,-45.745382,370,95,71,60
830,783,-56.274703,370,131,75,60
833,784,-64.549917,370,176,82,60
837,783,-84.924659,182,370,99,60
843,782,-101.108912,185,370,157,60
850,781,-107.517256,370,370,219,60
854,779,-116.494807,370,157,334,60
870,773,-120.184230,370,145,370,60
885,767,-120.938821,370,132,370,60
903,759,-122.439112,370,103,370,60
917,754,-122.965612,370,94,367,60
926,751,-122.196419,370,85,355,60
935,747,-120.891327,99,70,343,60
943,744,-120.036865,83,62,336,60
949,741,-129.423020,86,57,326,60
951,739,-139.995312,370,56,63,60
954,736,-148.802000,370,57,54,60
956,733,-157.092545,370,61,51,60
957,730,-166.864699,370,66,51,60
958,728,-172.193204,370,77,51,60
957,728,-175.257657,370,370,54,60
956,728,175.695185,189,370,370,60
955,729,173.911803,370,370,65,60
954,729,165.666231,370,370,72,60
950,722,161.808173,370,370,75,60
943,710,166.500117,370,370,75,60
937,702,160.154140,370,370,323,60
926,690,154.538842,370,370,334,60
920,685,144.389629,370,370,370,60
904,672,142.067214,370,370,370,60
890,660,140.543804,370,370,370,60
876,649,137.665272,351,370,370,60
854,633,138.065987,330,370,370,60
832,615,143.349248,313,370,370,60
817,604,139.173969,293,370,344,60
795,586,139.468113,282,370,343,60
780,575,138.095047,265,370,272,60
765,563,137.716668,241,357,299,60
743,546,133.324529,224,323,326,60
728,535,134.726340,210,311,326,60
713,524,136.970633,189,276,370,60
692,508,137.979745,173,249,370,60
678,497,143.033140,158,259,370,60
665,488,134.985616,140,198,370,60
646,474,135.291309,131,214,370,60
635,466,135.616967,116,169,362,60
624,457,144.442292,103,172,351,60
608,446,145.265682,89,134,343,60
601,439,143.216760,82,133,336,60
596,434,150.007435,79,153,334,60
591,428,153.993390,78,166,333,60
586,420,160.355412,82,216,341,60
583,414,163.841302,79,218,337,60
582,409,168.039524,86,303,353,60
580,398,171.846946,92,290,360,60
581,393,-134.269885,90,284,354,60
581,384,-174.789068,114,274,214,60
582,376,-177.189407,117,261,207,60
586,361,-175.843943,121,252,199,60
589,354,-173.107026,134,244,190,60
593,345,-171.851326,148,237,182,60
599,335,-166.128840,179,228,168,60
605,327,-164.042505,209,225,158,60
616,312,-162.499700,230,213,141,60
623,302,-161.763819,210,198,124,60
635,287,-158.052280,197,187,110,60
643,276,-161.115546,180,172,93,60
654,263,-151.655486,158,171,76,60
659,253,-161.613895,157,163,73,60
663,246,-159.606475,162,138,244,60
665,241,-163.472346,144,133,268,60
667,231,-176.429092,138,124,237,60
668,226,-167.100397,134,117,216,60
668,219,-167.398907,130,109,189,60
668,210,-172.827863,120,96,155,60
669,197,-178.435926,104,90,162,60
670,188,-165.241917,90,82,164,60
671,179,-165.207082,79,72,141,60
673,171,-166.409435,71,60,104,60
675,167,-172.991477,66,53,85,60
677,163,-167.653842,58,50,89,60
682,158,-158.245572,51,48,99,60
685,156,-147.186056,48,51,144,60
686,156,-139.333102,48,63,370,60
689,156,-112.925502,63,144,124,60
690,157,-86.111526,92,370,54,60
690,159,-66.401204,161,89,27,60
690,160,-49.521966,370,24,370,60
695,163,-42.339499,80,33,370,60
704,171,-31.514305,7,41,370,60
707,174,-21.852615,18,370,370,60
709,178,-14.655451,37,370,370,60
711,182,-9.839069,48,370,369,60
712,187,-3.463570,73,370,326,60
714,197,-2.146923,96,370,310,60
715,206,-0.560186,370,370,305,60
716,216,-0.133924,370,370,300,60
716,226,0.044576,370,370,299,60
714,241,0.730035,370,370,296,60
712,257,0.716029,370,370,289,60
709,284,0.652582,370,364,286,60
707,303,0.870803,370,346,285,60
705,321,0.946070,370,318,278,60
701,350,0.608417,370,299,275,60
697,377,0.609586,370,267,271,60
695,394,0.818307,370,245,265,60
691,419,1.057051,370,228,258,60
689,435,1.645403,370,211,255,60
686,450,1.644888,370,189,248,60
682,471,1.399127,370,175,247,60
680,483,1.253446,370,162,241,60
678,495,0.995495,370,150,240,60
675,512,1.470723,370,132,234,60
673,522,2.398163,370,122,230,60
670,533,1.966927,370,106,226,60
666,548,3.228232,128,96,217,60
664,557,3.575031,116,86,214,60
661,566,3.283174,97,73,207,60
658,578,4.095818,86,65,202,60
656,582,8.044581,72,58,185,60
654,585,11.566526,65,56,172,60
650,589,18.070299,59,267,159,60
647,591,25.653949,56,275,147,60
644,592,38.932589,54,223,127,60
642,593,49.752451,259,161,117,60
634,597,53.917308,262,131,107,60
623,600,64.109781,271,110,100,60
616,602,63.459743,243,96,93,60
611,604,57.411329,262,97,86,60
605,606,54.767636,254,93,78,60
600,609,41.787951,245,104,76,60
598,611,33.216655,243,129,78,60
596,613,27.481322,245,167,82,60
593,617,20.563878,251,221,86,60
591,622,10.926661,262,232,94,60
588,628,7.953600,266,222,97,60
586,636,3.995723,275,209,106,60
584,644,2.469525,271,200,106,60
583,649,0.590535,272,195,110,60
583,660,0.006202,264,188,111,60
584,666,-0.500276,255,181,113,60
585,673,-1.325882,247,171,118,60
588,682,-4.795916,244,165,125,60
591,689,-8.183545,252,159,141,60
594,693,-13.599888,286,156,178,60
600,703,-17.143314,295,151,166,60
606,711,-17.318350,269,142,161,60
612,719,-14.767648,251,130,145,60
621,732,-16.008641,231,118,130,60
627,741,-13.533372,199,107,121,60
635,753,-13.445289,192,100,110,60
643,765,-14.271573,166,87,97,60
647,771,-16.531331,148,78,87,60
651,775,-20.257326,166,75,78,60
654,777,-27.810448,233,79,73,60
659,780,-42.277934,370,90,72,60
662,781,-52.617660,370,118,75,60
667,781,-74.357115,337,188,85,60
669,780,-99.887186,370,370,128,60
669,779,-117.345187,25,322,240,60
672,776,-135.233296,0,0,0,60
681,770,-135.266677,0,0,0,60
699,759,-131.351336,6,370,370,60
704,757,-121.401034,28,370,370,60
707,757,-104.753329,370,274,336,60
709,758,-88.277083,370,370,159,60
718,758,-82.568409,370,370,142,60
731,761,-70.051889,264,370,120,60
744,764,-63.845444,261,269,110,60
760,768,-65.690118,254,234,103,60
782,774,-67.899477,235,218,94,60
791,775,-75.590789,221,304,103,60
801,776,-78.052192,207,370,109,60
811,776,-93.376778,202,370,135,60
822,775,-99.934620,370,370,178,60
829,773,-108.442201,370,180,240,60
845,769,-113.215258,370,167,313,60
866,763,-115.804039,370,144,370,60
879,759,-114.923076,370,131,370,60
890,756,-114.318144,370,115,368,60
905,751,-112.078737,127,105,343,60
915,749,-110.800235,107,90,330,60
929,745,-111.046280,96,81,329,60
938,743,-112.330348,80,67,355,60
945,741,-109.674985,71,60,337,60
952,740,-99.570417,62,322,257,60
956,741,-88.830402,55,308,185,60
961,742,-69.032648,354,315,145,60
964,744,-57.335440,319,244,121,60
973,747,-52.364000,306,197,114,60
980,751,-44.143200,292,142,102,60
988,756,-41.949409,286,128,96,60
997,761,-47.255590,279,136,94,60
1003,764,-50.901860,271,140,93,60
1011,766,-60.878084,266,188,96,60
1017,768,-65.170963,265,219,99,60
1025,769,-75.804449,276,254,110,60
1036,770,-84.995644,285,234,123,60
1042,770,-90.202469,313,222,147,60
1056,769,-100.250796,343,214,176,60
1062,767,-110.069317,370,217,231,60
1071,764,-115.433704,370,216,207,60
1088,759,-116.909337,370,208,193,60
1100,756,-114.107732,370,192,183,60
1111,753,-111.715273,370,167,168,60
1122,750,-111.521570,360,155,157,60
1139,746,-107.246206,293,139,147,60
1151,743,-108.354772,272,127,134,60
1161,741,-110.043948,245,111,116,60
1176,737,-110.242232,220,101,104,60
1186,735,-110.390150,192,85,87,60
1194,732,-113.260598,195,79,78,60
1201,729,-127.111492,321,83,72,60
1204,726,-137.060714,370,95,71,60
1207,723,-145.237980,370,122,71,60
1210,719,-158.691242,329,192,79,60
1209,718,-167.235056,370,343,92,60
1208,717,-173.177722,370,370,97,60
1207,715,138.150700,370,370,111,60
1206,706,177.779679,370,370,137,60
1204,695,172.125469,370,370,158,60
1200,684,170.600466,370,370,149,60
1195,673,167.881905,370,324,183,60
1189,661,169.393690,370,317,186,60
1181,646,168.833209,370,279,213,60
1169,624,169.055400,370,252,234,60
1161,609,170.142601,370,229,244,60
1150,588,169.017897,370,199,274,60
1143,575,163.012587,370,189,269,60
1133,556,165.752080,370,155,370,60
1127,545,162.170791,370,139,370,60
1122,535,166.154415,370,111,351,60
1117,525,170.745995,370,109,314,60
1111,511,161.658839,370,87,370,60
1107,503,163.410661,370,74,370,60
1103,494,163.638705,370,80,370,60
1100,486,164.621706,344,54,370,60
1095,476,160.519829,370,73,370,60
1091,469,170.242597,331,33,360,60
1088,463,163.130362,323,53,370,60
1086,458,172.886356,321,23,351,60
1085,453,165.979341,316,41,370,60
1085,449,175.527120,326,18,305,60
1085,443,-138.855291,324,12,302,60
1086,439,-171.312603,11,27,251,60
1088,435,-177.175764,7,13,272,60
1090,430,-171.672885,11,28,235,60
1092,427,-166.498048,14,45,219,60
1096,424,-153.872642,18,79,206,60
1098,423,-139.650975,32,331,185,60
1100,423,-112.353772,329,202,172,60
1101,424,-95.230428,259,164,209,60
1104,425,-74.961623,193,167,300,60
1112,426,-74.054740,182,162,309,60
1122,428,-73.166830,162,150,302,60
1138,431,-71.622604,149,140,292,60
1148,433,-69.521783,135,130,286,60
1159,436,-68.159869,117,115,269,60
1173,439,-67.432996,106,106,255,60
1183,442,-65.573547,89,92,235,60
1195,445,-58.972459,79,85,255,60
1199,448,-49.720215,72,94,370,60
1204,451,-35.771655,72,110,370,60
1206,454,-28.729648,75,138,370,60
1208,457,-20.382892,82,210,370,60
1209,460,-10.038060,92,331,370,60
1209,462,-5.163685,104,370,247,60
1211,469,-3.912746,107,370,213,60
1213,477,-0.598588,113,370,175,60
1213,488,-0.039287,114,362,185,60
1212,495,0.321095,117,349,200,60
1210,510,1.677587,120,339,209,60
1208,517,3.564121,128,330,192,60
1204,529,4.794220,142,316,180,60
1199,540,9.457464,161,311,155,60
1194,549,11.075838,180,306,138,60
1181,570,12.434341,209,289,128,60
1173,583,13.082176,231,275,124,60
1165,597,13.364953,258,255,123,60
1152,618,14.941155,271,242,116,60
1144,629,13.486376,255,229,113,60
1141,637,8.743516,255,210,351,60
1137,645,6.302156,254,200,319,60
1135,655,1.817442,234,189,276,60
1134,665,0.878969,230,179,257,60
1132,682,0.619746,230,168,238,60
1130,693,0.796916,220,157,223,60
1129,704,0.856393,195,140,200,60
1127,715,0.995213,179,129,185,60
1126,726,1.173858,164,118,169,60
1123,741,1.494193,149,108,157,60
1121,751,1.862431,134,98,142,60
1120,761,1.908303,120,88,128,60
1117,775,1.548678,102,74,107,60
1115,782,1.849562,89,65,94,60
1114,786,4.869624,76,58,89,60
1112,789,9.378617,68,56,94,60
1108,794,17.193589,61,53,100,60
1105,797,23.713393,54,54,134,60
1102,799,34.887209,51,61,268,60
1099,799,47.942689,55,80,370,60
1096,799,70.883148,65,138,351,60
1094,798,91.469149,89,370,370,60
1092,797,107.665832,142,352,370,60
1091,796,123.007024,370,370,80,60
1078,789,131.514059,370,370,78,60
1071,784,136.808379,357,370,76,60
1058,775,138.820497,319,370,56,60
1051,771,129.181578,370,370,52,60
1036,764,124.831510,370,370,73,60
1028,761,117.604134,370,370,370,60
1012,757,111.313265,370,370,370,60
1005,756,102.506460,234,243,370,60
986,754,96.291213,202,241,370,60
969,753,94.198076,185,236,370,60
954,752,94.328163,189,217,370,60
932,751,91.932938,186,197,370,60
918,751,92.878763,180,186,370,60
905,750,93.507461,189,162,370,60
886,749,94.946860,199,147,370,60
875,748,98.060779,212,131,370,60
864,747,97.904593,216,115,370,60
854,746,96.418658,212,108,370,60
838,745,100.830412,235,93,370,60
829,743,99.711159,235,80,80,60
820,743,97.390885,221,73,72,60
811,742,96.893646,219,65,62,60
804,740,110.099835,286,54,59,60
800,738,121.614346,73,47,370,60
797,735,132.122077,49,41,370,60
793,732,144.511180,44,40,370,60
791,729,153.398288,38,370,370,60
790,726,165.443093,38,370,370,60
791,723,176.033904,39,370,370,60
790,720,173.602775,370,370,370,60
791,709,-178.988092,370,370,370,60
792,701,-176.302618,370,370,370,60
794,690,-174.588105,370,370,370,60
799,667,-173.661062,370,370,370,60
803,649,-174.015452,370,370,347,60
809,622,-174.240995,370,370,333,60
813,604,-173.011360,370,370,319,60
820,577,-172.945284,370,370,302,60
824,559,-173.828506,370,370,288,60
828,541,-171.139008,370,370,265,60
835,514,-173.076826,370,370,255,60
840,496,-162.280045,370,370,237,60
845,477,-171.792536,370,370,221,60
853,451,-173.786383,370,354,202,60
858,433,-167.703772,370,330,370,60
863,414,-174.479600,123,301,370,60
871,388,-165.349327,133,294,370,60
876,371,-165.869660,124,274,370,60
882,355,-174.056360,120,256,370,60
886,345,-172.225974,107,232,370,60
892,332,-170.451246,107,224,370,60
896,326,-165.726039,114,218,370,60
902,318,-162.849013,231,214,370,60
910,310,-153.345378,214,217,370,60
917,304,-147.668078,203,224,370,60
922,301,-138.295167,195,242,358,60
933,295,-131.902376,193,294,343,60
945,289,-130.427531,185,284,327,60
957,283,-130.052450,179,277,314,60
976,274,-130.261303,180,334,307,60
989,267,-130.914444,165,251,289,60
1003,260,-122.886070,162,292,271,60
1025,249,-125.727519,149,232,254,60
1038,243,-128.199770,142,227,241,60
1052,236,-125.108714,135,233,220,60
1066,230,-126.244988,130,218,206,60
1085,221,-127.167225,123,210,193,60
1098,216,-126.841820,117,191,179,60
1110,210,-127.608251,118,187,171,60
1121,205,-126.765715,103,169,151,60
1133,201,-112.721379,109,153,144,60
1141,199,-107.734538,117,131,140,60
1151,199,-92.962766,138,118,148,60
1159,199,-89.524742,152,109,148,60
1165,199,-78.126333,120,102,179,60
1172,200,-72.677514,106,98,199,60
1183,202,-72.823340,97,91,189,60
