643,736,-179.363986,224,370,370,60
643,736,-179.651518,197,370,370,60
643,724,-174.834061,219,370,370,60
644,704,-175.974119,234,370,370,60
646,686,-174.630603,247,370,370,60
647,659,-178.475576,221,370,365,60
648,641,-173.721727,254,370,361,60
650,623,-177.422883,220,370,324,60
652,594,-171.255268,254,370,303,60
655,566,-174.106926,282,370,290,60
657,547,-173.604452,293,370,276,60
659,529,-172.703277,258,370,265,60
662,510,-172.203128,266,370,257,60
666,482,-174.372581,289,370,244,60
669,463,-166.149966,262,359,202,60
673,444,-167.512216,320,337,183,60
678,416,-168.990616,281,313,185,60
682,398,-168.046957,316,298,169,60
686,380,-164.811538,307,275,151,60
690,363,-163.728687,283,259,144,60
696,338,-174.538043,266,240,141,60
699,322,-163.470583,238,216,134,60
705,300,-175.552889,241,194,147,60
710,286,-168.005760,206,175,130,60
714,273,-169.073168,192,161,125,60
717,261,-163.846249,178,156,118,60
721,249,-163.632987,155,140,109,60
724,238,-160.644431,140,131,102,60
729,222,-164.080430,124,112,99,60
732,212,-164.564419,113,102,96,60
736,200,-166.697547,102,95,90,60
739,192,-165.613302,94,85,90,60
741,185,-172.765821,89,71,100,60
744,174,-168.688807,79,63,97,60
746,167,-169.647635,63,60,78,60
748,160,-163.711700,52,48,78,60
750,149,-167.466530,51,38,56,60
752,142,-169.576691,38,32,56,60
753,135,-167.238118,24,21,38,60
754,126,-178.709924,17,14,24,60
753,123,167.363279,21,11,11,60
752,122,164.790484,16,8,10,60
750,121,155.549175,16,8,8,60
749,121,143.393835,69,14,11,60
748,122,124.321045,223,34,20,60
747,123,104.466625,245,111,34,60
746,124,69.708952,343,214,69,60
746,125,54.517503,370,264,220,60
747,126,30.737256,370,370,233,60
748,127,19.212468,370,370,258,60
745,132,14.096878,173,370,268,60
741,137,16.654549,370,370,264,60
738,141,23.026143,370,370,240,60
733,145,34.935742,370,370,221,60
730,147,40.039859,370,322,207,60
726,149,47.092550,370,274,200,60
721,150,58.800169,370,233,197,60
717,151,67.247957,370,210,197,60
713,151,78.882522,327,183,131,60
708,150,94.055906,250,176,94,60
704,149,103.519640,212,173,75,60
700,148,113.226773,182,132,55,60
693,145,121.257910,171,88,47,60
687,143,122.379806,161,78,44,60
677,139,122.553945,151,70,39,60
671,137,119.177088,147,76,39,60
669,137,98.414599,155,141,51,60
669,138,74.863925,203,135,82,60
670,140,49.601428,370,167,144,60
670,140,31.336435,370,237,148,60
667,144,28.593319,370,310,155,60
661,151,22.642640,370,347,155,60
656,156,21.153406,370,370,158,60
652,162,23.656864,370,342,147,60
647,167,24.768493,370,311,138,60
639,176,26.265305,370,294,133,60
634,181,26.929471,370,258,123,60
625,189,27.154456,370,250,117,60
619,195,26.388624,370,223,109,60
610,204,25.272694,370,222,104,60
605,209,25.846138,370,197,94,60
599,215,27.987989,370,174,85,60
593,220,23.768731,370,190,82,60
585,228,24.534550,370,167,76,60
580,233,24.567939,370,154,71,60
576,239,22.824331,370,155,65,60
569,246,21.180758,370,149,61,60
564,252,20.086563,370,143,55,60
559,259,19.643246,370,133,49,60
551,268,22.723905,370,124,45,60
546,275,18.554288,370,101,37,60
538,284,16.446268,370,94,32,60
534,290,13.728799,370,93,27,60
530,297,12.729459,370,86,23,60
526,305,9.015088,370,89,21,60
525,308,5.452913,370,169,23,60
526,310,0.171265,370,370,27,60
528,311,-2.649142,370,370,34,60
529,311,-12.335829,370,370,56,60
533,317,-16.219331,370,370,78,60
542,328,-20.780868,370,370,93,60
550,336,-24.902115,370,370,168,60
559,345,-28.333252,370,370,238,60
568,353,-32.337037,370,370,306,60
574,357,-34.722400,370,370,370,60
579,362,-34.234605,370,370,370,60
586,368,-25.049841,370,370,299,60
588,373,-13.995523,370,370,209,60
590,377,-8.039220,370,370,159,60
591,381,-3.523813,370,370,134,60
591,385,-0.837142,370,370,125,60
591,391,0.003927,370,370,123,60
590,396,1.214403,370,370,120,60
590,403,1.904320,370,370,116,60
588,410,0.976372,370,370,116,60
587,418,1.623412,370,370,113,60
585,429,1.774769,370,370,111,60
584,437,1.837243,370,370,109,60
582,447,1.641218,370,370,106,60
580,456,1.205367,370,370,106,60
579,464,1.166737,370,370,104,60
577,472,1.953218,370,370,99,60
576,479,1.002459,370,365,99,60
575,490,0.951811,370,358,97,60
573,501,1.326042,370,350,97,60
572,509,1.054958,370,339,94,60
572,516,0.415927,370,328,94,60
571,527,0.222701,370,321,94,60
570,534,0.107876,370,313,94,60
570,544,-0.011254,370,303,93,60
570,551,0.002791,370,296,94,60
570,558,-0.008450,370,290,93,60
571,564,-0.047953,370,280,94,60
571,574,-0.227034,370,273,94,60
572,585,-0.340039,370,263,97,60
573,592,-0.709211,365,256,99,60
574,599,-0.812494,350,245,100,60
575,605,-1.300960,345,239,103,60
577,615,-1.591508,338,232,106,60
579,622,-1.706862,324,225,107,60
581,633,-2.108053,314,215,113,60
583,640,-1.866097,303,208,114,60
584,647,-2.073229,289,197,118,60
587,658,-2.245369,278,190,121,60
590,669,-2.983250,265,179,128,60
592,676,-3.391616,252,171,131,60
594,684,-3.557152,247,164,137,60
597,691,-4.371338,238,157,141,60
599,699,-3.148836,224,149,144,60
601,707,-3.283369,204,137,148,60
604,719,-2.807736,192,129,149,60
606,727,-2.523503,173,117,152,60
609,738,-1.926436,159,109,148,60
610,746,-1.747523,148,102,140,60
612,753,-0.796585,137,95,131,60
613,761,-0.405907,118,83,116,60
614,772,-0.213876,106,75,106,60
615,780,-0.342039,97,68,94,60
616,792,-0.429295,79,56,79,60
616,799,-0.488530,69,49,69,60
617,807,-0.641776,58,41,58,60
618,814,-0.497092,42,30,42,60
619,822,-2.186174,34,24,34,60
621,823,-7.354720,34,22,30,60
622,822,-18.113815,44,24,27,60
623,822,-31.210528,85,29,27,60
623,821,-47.399461,370,47,32,60
624,820,-68.893149,370,112,47,60
625,818,-100.829325,370,370,75,60
625,816,-134.417045,370,370,370,60
626,815,-152.010521,370,370,370,60
626,813,-162.218450,289,370,370,60
629,807,-163.526971,258,370,370,60
633,803,-153.341148,309,370,370,60
636,801,-150.123985,370,370,370,60
639,799,-142.802065,370,370,370,60
644,797,-131.705221,370,370,370,60
647,796,-124.210437,370,370,370,60
653,795,-110.119371,370,370,268,60
657,794,-99.626226,370,370,172,60
661,795,-89.777527,370,370,113,60
665,795,-79.702512,370,370,90,60
669,796,-69.294490,370,196,75,60
676,799,-60.428784,370,128,65,60
685,801,-60.823793,370,126,62,60
692,803,-61.175479,370,116,59,60
705,807,-62.685918,370,115,56,60
716,810,-66.098913,370,110,55,60
723,811,-66.710307,370,128,55,60
730,812,-72.380799,370,170,59,60
738,814,-73.770294,370,183,59,60
749,815,-80.457574,370,229,62,60
762,815,-83.027876,370,311,66,60
770,815,-86.515196,370,370,75,60
780,816,-88.733266,370,370,79,60
789,815,-88.844151,370,370,80,60
796,815,-93.355264,370,370,92,60
806,813,-102.336917,370,370,109,60
815,811,-108.754075,370,370,134,60
821,809,-111.335740,370,370,166,60
828,807,-113.863279,370,370,217,60
834,805,-116.248283,370,370,254,60
846,801,-114.855316,370,370,266,60
853,799,-114.741382,370,370,250,60
861,797,-109.522306,370,370,202,60
865,797,-97.641267,370,370,151,60
869,797,-87.387761,370,370,103,60
872,798,-76.612621,370,310,82,60
876,799,-67.702957,370,170,69,60
882,802,-57.768958,370,115,61,60
888,804,-56.017895,370,97,55,60
900,809,-55.720792,370,89,52,60
907,812,-56.932357,370,86,48,60
914,814,-57.891689,362,82,45,60
921,816,-68.226382,362,94,47,60
922,815,-85.377241,370,257,62,60
921,813,-112.737676,370,354,131,60
920,813,-131.011601,370,370,351,60
919,813,-146.651509,370,370,364,60
922,809,-149.598209,370,370,370,60
927,804,-151.366795,370,370,362,60
933,801,-141.627697,370,370,351,60
936,800,-130.458479,368,370,336,60
940,798,-119.819446,370,370,338,60
946,797,-102.914140,370,340,195,60
952,798,-87.619136,370,314,117,60
955,798,-76.574211,370,316,87,60
958,799,-68.780832,344,208,73,60
961,801,-58.798651,316,112,59,60
966,803,-56.520299,309,98,55,60
977,807,-57.926004,302,94,54,60
989,812,-59.228234,292,94,51,60
996,814,-58.861749,285,89,47,60
1001,816,-64.235345,281,101,48,60
1003,815,-78.744452,312,252,63,60
1003,814,-98.700467,370,262,94,60
1003,813,-117.177638,370,280,165,60
1003,812,-132.530500,370,337,269,60
1009,808,-140.336181,370,370,268,60
1014,804,-140.380469,370,370,266,60
1019,801,-139.068828,369,370,261,60
1025,798,-125.633849,370,328,248,60
1029,797,-114.999094,370,268,252,60
1035,797,-100.818173,370,240,166,60
1039,797,-87.120402,361,229,127,60
1043,798,-79.325594,269,225,86,60
1047,799,-68.221427,238,177,71,60
1053,801,-55.385629,223,112,61,60
1063,806,-51.469705,212,83,52,60
1071,810,-52.554689,203,76,48,60
1079,813,-55.125884,196,75,45,60
1085,815,-59.163697,190,80,45,60
1091,816,-66.872567,188,114,49,60
1093,816,-83.429268,216,173,68,60
1094,815,-113.249970,321,175,124,60
1095,813,-130.055521,370,206,178,60
1096,811,-150.973267,370,359,189,60
1099,806,-155.932251,370,370,195,60
1103,801,-158.005827,370,370,195,60
1107,796,-159.684567,370,370,195,60
1114,788,-157.356787,370,370,185,60
1120,781,-148.983076,370,370,179,60
1124,778,-143.872073,370,299,161,60
1129,775,-139.051045,370,223,145,60
1136,770,-132.690489,370,193,138,60
1145,766,-129.586761,370,176,133,60
1151,763,-127.675930,370,152,123,60
1158,760,-125.401863,370,137,113,60
1169,756,-122.566521,370,121,106,60
1177,753,-120.445411,370,113,97,60
1188,748,-120.251381,350,98,87,60
1195,745,-120.831969,329,91,79,60
1202,742,-121.347279,282,78,68,60
1208,739,-123.881018,316,74,62,60
1215,736,-126.810591,370,69,55,60
1222,732,-133.482622,357,63,51,60
1222,731,-151.296120,370,87,54,60
1222,730,-161.782749,370,194,69,60
1221,730,-167.677949,361,308,79,60
1220,730,-177.434426,370,370,97,60
1218,729,177.615769,370,370,124,60
1217,724,171.531043,370,370,123,60
1215,719,174.249330,370,370,135,60
1211,710,170.930319,370,370,134,60
1207,703,164.221606,370,370,190,60
1204,697,169.079666,370,370,171,60
1199,686,164.696587,370,370,180,60
1194,675,172.042442,370,370,172,60
1192,669,168.568785,370,370,192,60
1190,662,175.232728,370,370,165,60
1187,653,175.936739,370,370,172,60
1186,646,177.323672,343,370,172,60
1184,636,171.450844,370,370,193,60
1184,630,176.057264,370,370,193,60
1184,623,173.658230,370,244,370,60
1184,612,-141.396331,370,370,197,60
1184,603,-173.999290,234,370,135,60
1185,598,-178.491245,233,370,148,60
1187,593,-175.397258,230,370,142,60
1189,590,-172.547785,230,370,127,60
1191,584,-167.262309,238,370,114,60
1196,576,-162.793753,265,315,103,60
1200,569,-162.019121,251,360,103,60
1204,562,-160.899625,370,243,89,60
1210,552,-160.168133,370,252,86,60
1214,546,-159.679197,370,201,76,60
1220,536,-158.233695,370,129,65,60
1223,529,-159.392713,370,168,66,60
1227,523,-157.615702,370,146,61,60
1230,516,-158.713034,370,149,58,60
1235,505,-164.386682,370,177,59,60
1240,494,-169.069792,370,243,59,60
1242,487,-163.718248,370,227,56,60
1245,478,-166.159551,370,180,49,60
1248,467,-167.764601,370,349,55,60
1251,457,-165.860990,370,154,42,60
1253,444,-169.602202,370,225,45,60
1255,433,-168.078763,370,155,39,60
1257,422,-170.552564,370,189,39,60
1258,407,-176.241047,360,164,37,60
1259,399,-168.502542,337,115,32,60
1259,389,-168.033317,327,137,34,60
1259,377,177.475228,341,276,85,60
1259,369,167.222983,353,261,76,60
1257,360,177.322745,365,248,55,60
1256,355,175.313398,353,248,79,60
1254,349,174.447432,369,235,68,60
1250,337,165.062461,338,234,93,60
1247,329,165.847687,303,239,154,60
1244,320,172.163472,340,207,89,60
1239,307,172.012954,324,198,96,60
1234,297,170.897569,320,192,104,60
1231,290,161.557509,300,185,155,60
1228,284,169.966386,295,172,124,60
1223,274,165.990266,282,165,130,60
1217,264,161.063618,266,158,134,60
1214,257,169.720450,251,148,144,60
1210,249,169.943354,234,137,155,60
1205,239,169.228710,226,130,154,60
1201,232,163.124623,217,123,145,60
1196,221,170.414951,196,115,138,60
1193,214,171.695406,173,104,127,60
1190,206,172.393979,149,92,114,60
1186,195,174.176534,134,85,107,60
1183,187,174.091325,114,73,93,60
1179,175,174.841350,100,64,83,60
1176,168,174.767316,87,56,72,60
1172,156,174.191559,71,45,58,60
1169,149,173.900869,61,38,49,60
1166,142,172.419111,49,31,39,60
1164,139,166.997149,47,27,32,60
1161,138,148.729642,73,28,28,60
1160,138,131.959484,183,48,32,60
1159,140,106.845790,196,147,51,60
1159,141,81.685778,140,174,75,60
1160,142,65.224013,159,163,189,60
1161,143,43.836524,370,126,185,60
1159,145,38.548888,370,126,186,60
1155,149,33.571310,370,126,186,60
1148,154,34.465809,370,119,182,60
1141,159,40.245367,370,105,171,60
1133,164,45.465207,370,95,159,60
1127,167,48.139425,370,88,154,60
1121,170,48.743904,370,80,144,60
1113,174,54.110374,113,77,138,60
1106,177,54.595058,90,73,133,60
1100,180,56.236135,78,66,125,60
1090,183,60.434686,61,61,116,60
1082,186,62.499375,47,55,106,60
1071,189,66.467497,41,52,99,60
1067,190,79.542784,41,84,99,60
1062,189,101.385142,54,79,118,60
1061,187,119.936514,86,85,100,60
1060,186,139.545099,85,104,79,60
1059,183,152.893625,99,78,76,60
1060,181,174.002005,107,67,85,60
1060,180,170.276787,111,66,80,60
1062,179,-176.202698,78,66,116,60
1063,175,-177.121933,80,60,90,60
1065,165,-167.443803,63,55,99,60
1066,159,-166.197562,56,49,89,60
1067,152,-177.798314,48,42,78,60
1069,141,-168.462412,37,30,49,60
1069,133,-163.552599,27,24,47,60
1070,123,-159.831207,14,12,20,60
1071,117,-173.264266,6,4,6,60
1070,115,178.816278,0,0,0,60
1069,115,175.914952,0,0,0,60
1069,115,168.673440,1,1,1,60
1068,117,152.776080,10,4,4,60
1068,119,137.743549,93,15,11,60
1068,120,123.177817,90,32,18,60
1068,121,105.036240,96,88,31,60
1068,122,72.066617,121,84,68,60
1069,123,53.850051,97,93,92,60
1069,124,34.724992,109,102,93,60
1070,126,17.602742,370,88,117,60
1071,128,4.459536,370,99,107,60
1072,128,0.257474,316,127,94,60
1073,127,-1.636375,306,145,96,60
1074,132,-2.404276,296,370,90,60
1077,142,-3.062500,290,370,85,60
1079,149,-3.192683,286,370,79,60
1081,156,-3.912134,279,370,72,60
1083,164,-5.682959,274,370,68,60
1087,171,-6.002421,266,370,66,60
1093,186,-6.998168,250,370,61,60
1099,201,-8.636013,240,370,59,60
1106,214,-9.400982,224,370,63,60
1114,229,-10.804062,216,370,69,60
1120,241,-11.703304,204,370,89,60
1126,250,-12.770066,190,370,370,60
1136,264,-14.798930,180,370,370,60
1142,273,-16.533788,164,370,370,60
1149,282,-18.148736,155,370,370,60
1151,286,-14.755071,154,370,370,60
1153,290,-8.057012,165,370,370,60
1154,294,-4.836551,179,370,370,60
1154,297,-2.547467,188,370,370,60
1154,302,-0.367008,192,370,370,60
1154,307,0.266203,197,370,370,60
1153,310,1.591808,203,370,370,60
1151,314,4.402364,221,370,370,60
1148,319,11.033027,248,370,370,60
1144,324,20.402264,330,370,370,60
1141,327,26.657366,370,370,80,60
1137,329,36.939673,370,370,55,60
1134,330,42.162069,370,370,47,60
1129,332,59.701637,370,370,35,60
1121,335,62.655654,370,37,23,60
1107,339,60.756904,370,22,14,60
1090,346,57.923362,370,5,3,60
1084,349,50.023961,370,1,1,60
1082,351,34.036755,370,370,13,60
1083,352,17.238283,370,370,41,60
1084,352,7.309118,353,370,370,60
1085,352,1.766932,307,370,370,60
1085,356,0.788771,299,370,370,60
1084,369,0.248263,299,370,370,60
1083,374,1.017781,303,370,370,60
1082,377,2.913289,317,370,370,60
1079,382,7.590954,358,370,370,60
1077,385,11.973629,370,370,370,60
1074,389,21.311558,370,370,370,60
1071,391,28.871257,370,370,370,60
1066,394,40.100959,370,370,370,60
1062,396,49.951846,370,370,52,60
1056,397,65.730830,370,370,23,60
1049,398,79.580360,370,370,7,60
1038,399,84.159832,0,0,0,60
1027,400,81.738996,0,0,0,60
1016,401,79.562942,0,0,0,60
1002,404,67.960103,0,0,0,60
1001,406,53.350282,370,370,370,60
1001,407,38.956290,370,370,370,60
1001,408,23.611512,370,370,370,60
1001,409,12.372446,370,370,370,60
999,411,15.400758,370,370,370,60
996,415,22.495652,370,370,370,60
993,417,27.992433,370,370,370,60
990,419,35.740699,370,370,370,60
985,421,48.253063,370,370,370,60
981,423,58.207706,370,370,370,60
976,424,69.119085,370,370,370,60
972,424,79.482197,370,370,370,60
966,423,93.530041,370,370,157,60
962,422,102.553573,370,370,20,60
955,420,122.007287,370,370,7,60
952,418,124.398618,0,0,0,60
939,411,135.676951,0,0,0,60
932,407,128.141315,0,0,0,60
925,404,128.588472,370,370,1,60
922,401,138.400763,370,370,1,60
920,399,148.914730,0,0,0,60
919,396,158.580809,0,0,0,60
913,388,163.230791,0,0,0,60
909,383,157.359421,0,0,0,60
905,381,137.449939,0,0,0,60
903,382,117.237673,370,370,56,60
903,383,89.660098,370,370,80,60
904,384,68.206476,370,370,370,60
904,385,44.592181,370,370,370,60
900,389,40.171312,370,370,370,60
895,392,36.134224,370,370,370,60
890,395,44.306792,370,370,368,60
887,396,52.450168,370,370,361,60
884,397,59.395183,370,370,364,60
879,398,74.468947,370,370,370,60
875,398,81.500280,370,345,370,60
869,397,95.007509,370,337,370,60
866,396,104.125883,370,349,341,60
862,395,118.792949,345,370,309,60
857,392,133.131827,334,370,295,60
853,388,146.258178,334,354,52,60
851,386,152.426317,348,310,48,60
849,383,154.881724,353,299,45,60
842,373,163.147249,370,36,39,60
836,366,161.976746,368,267,30,60
826,352,160.856997,324,280,28,60
821,346,157.746456,331,251,35,60
817,343,144.968037,305,276,99,60
806,334,142.334678,290,285,221,60
800,330,136.939683,281,291,224,60
795,328,131.403700,271,325,223,60
789,325,128.461035,262,334,223,60
781,321,130.262349,258,325,220,60
777,318,134.655754,252,310,214,60
771,314,148.339718,254,257,207,60
769,311,155.515354,268,219,195,60
768,308,161.719239,283,205,147,60
766,304,164.886497,305,195,117,60
764,299,166.789541,292,192,133,60
764,296,168.662035,279,183,96,60
764,293,171.466142,307,182,111,60
763,284,170.058654,299,176,114,60
762,277,167.921300,296,166,124,60
761,265,168.075429,255,156,111,60
760,258,166.492050,278,151,133,60
759,250,168.051225,241,142,121,60
758,242,179.392952,185,127,97,60
757,230,168.233863,173,119,99,60
756,221,166.735648,209,115,133,60
755,213,166.719536,186,101,116,60
754,201,169.082329,171,93,107,60
752,194,166.220513,144,84,100,60
751,186,169.622159,125,73,87,60
750,178,166.271237,118,65,75,60
748,167,167.172710,99,57,69,60
746,160,168.460495,82,47,55,60
744,149,169.122783,58,38,51,60
742,143,173.458276,63,33,37,60
741,141,168.305126,58,29,32,60
740,141,158.609707,68,30,31,60
739,142,142.665631,152,38,32,60
738,143,123.388300,212,55,38,60
737,144,105.480306,221,118,51,60
737,145,84.417628,274,203,79,60
737,147,51.605258,370,240,213,60
738,148,34.491468,370,308,212,60
738,149,16.903124,370,370,252,60
736,151,13.582868,370,370,262,60
732,158,13.886343,370,370,258,60
729,163,17.690791,370,370,251,60
726,165,23.332492,370,370,234,60
722,168,36.129196,370,369,207,60
719,170,42.954522,370,294,196,60
716,171,50.679517,370,246,189,60
711,172,62.708227,370,219,188,60
707,173,71.021229,370,194,190,60
702,172,85.407112,282,172,152,60
698,172,97.289036,209,165,106,60
693,170,111.165570,183,170,87,60
687,168,120.887644,169,164,75,60
680,165,123.513361,158,120,68,60
673,162,122.206242,147,113,62,60
663,158,119.467226,141,116,61,60
656,156,118.252554,134,113,59,60
649,154,116.215164,124,125,59,60
638,151,111.854297,118,119,61,60
632,149,107.912966,111,105,61,60
624,148,104.529421,106,94,63,60
619,146,109.338361,96,92,56,60
610,143,116.620028,87,90,49,60
606,141,123.191991,79,73,41,60
603,139,134.186393,78,48,34,60
599,135,146.092858,78,35,28,60
596,131,149.526657,79,25,23,60
594,128,150.367547,62,19,18,60
593,124,155.443788,34,13,13,60
591,118,160.327293,17,7,8,60
591,114,167.138134,3,1,1,60
591,110,-179.313025,0,0,0,60
592,108,-171.076424,20,5,6,60
597,109,-119.470276,20,5,6,60
598,110,-96.138184,27,168,248,60
600,112,-71.445276,51,197,370,60
601,115,-46.019050,86,208,370,60
603,116,-33.703462,207,370,370,60
613,125,-30.552610,204,370,370,60
619,131,-23.836432,203,370,370,60
622,136,-16.808799,219,370,271,60
624,140,-11.974217,230,370,231,60
626,146,-5.028833,370,370,200,60
627,150,-2.320200,370,370,183,60
627,154,-0.821729,370,370,176,60
627,159,0.098378,370,370,173,60
627,166,0.023773,370,370,173,60
627,173,0.295236,370,370,172,60
626,184,-0.008312,370,370,172,60
626,192,0.040053,370,370,172,60
626,204,0.015545,370,370,172,60
626,211,0.024812,370,370,172,60
626,219,0.042422,370,370,172,60
626,230,0.067423,370,370,172,60
626,238,0.075277,370,370,172,60
626,250,0.043369,370,370,172,60
626,257,0.235634,370,370,172,60
626,265,0.021295,370,370,171,60
626,277,-0.086607,370,370,172,60
627,284,-0.087678,370,370,173,60
628,292,-0.160972,370,370,175,60
629,304,-1.014323,370,370,179,60
630,311,-0.864170,370,370,179,60
631,319,-0.996059,370,370,183,60
633,330,-1.047281,370,370,183,60
634,338,-0.517938,370,370,185,60
635,345,-0.868070,370,370,188,60
637,356,-0.558550,370,370,189,60
638,364,-0.493721,370,370,190,60
639,372,-0.630722,370,370,193,60
641,384,-0.719301,370,370,196,60
643,392,-0.539344,370,370,197,60
644,400,-1.092708,370,370,200,60
646,412,-1.659419,370,370,207,60
648,420,-1.893515,370,370,212,60
651,432,-2.062794,370,370,213,60
652,440,-1.889154,370,370,214,60
654,448,-1.579036,370,370,219,60
656,460,-0.917059,370,370,219,60
658,467,-0.612687,370,370,220,60
660,479,-0.795958,370,368,223,60
661,488,-0.643600,370,361,223,60
662,496,-0.480254,370,348,226,60
663,508,-0.374113,370,340,226,60
664,516,-0.200937,370,328,227,60
665,528,-0.176685,370,320,228,60
666,536,-0.207155,370,312,230,60
666,548,-0.250988,370,300,231,60
667,555,-0.253260,370,289,231,60
667,563,-0.040409,370,281,230,60
667,574,0.057232,370,273,230,60
667,582,0.109999,370,266,230,60
666,593,0.352368,357,254,228,60
665,601,0.838761,338,243,223,60
664,608,1.212869,326,236,220,60
663,616,1.185701,314,228,219,60
661,627,1.443748,305,221,217,60
659,635,1.482288,288,209,212,60
658,643,1.207435,278,201,212,60
656,654,0.990591,269,194,212,60
655,662,1.352124,251,182,207,60
653,674,0.869629,243,174,209,60
652,681,0.925931,226,163,204,60
650,693,0.961664,214,155,202,60
649,700,1.411807,204,148,199,60
647,707,0.898992,193,140,199,60
646,715,1.252546,178,129,186,60
646,722,0.883368,169,122,175,60
644,730,0.854960,158,114,164,60
643,741,1.022017,148,107,154,60
641,752,0.851362,133,96,138,60
641,759,0.223909,121,87,124,60
641,765,0.031309,111,79,111,60
641,775,-0.045934,102,72,102,60
641,781,-0.391729,93,66,93,60
642,787,-1.025202,82,57,79,60
644,795,-2.584381,76,52,71,60
647,803,-5.212829,68,44,58,60
649,807,-6.944667,62,39,51,60
652,812,-12.302513,58,34,41,60
653,812,-21.885148,66,33,37,60
654,812,-33.846953,109,39,37,60
655,811,-53.220455,370,72,45,60
656,810,-80.872534,370,179,62,60
656,809,-101.282747,370,370,90,60
656,808,-118.605522,370,370,190,60
657,805,-137.549986,370,370,370,60
660,803,-143.813178,370,370,370,60
663,800,-146.342727,370,370,370,60
669,793,-153.731129,370,370,370,60
674,789,-151.491750,370,370,370,60
678,785,-150.130058,370,370,370,60
683,780,-142.400585,370,370,370,60
689,776,-137.243601,370,370,370,60
694,774,-133.725315,370,370,370,60
699,771,-125.241581,370,370,370,60
707,769,-115.892202,370,370,370,60
712,768,-107.346528,370,370,250,60
720,767,-95.603660,370,370,193,60
725,767,-84.979662,370,370,149,60
731,768,-76.328693,370,370,123,60
737,769,-70.525109,370,288,106,60
744,771,-71.023064,370,287,104,60
754,772,-75.030055,370,342,107,60
760,773,-78.699647,370,370,113,60
766,773,-84.500416,370,370,116,60
775,772,-92.596389,370,370,142,60
780,771,-99.896274,370,370,172,60
786,770,-104.949437,370,370,210,60
791,769,-112.564425,370,370,298,60
797,767,-117.795311,364,370,370,60
807,763,-121.869055,362,370,370,60
817,759,-121.390108,355,370,370,60
823,757,-116.178038,348,370,370,60
829,755,-109.363112,362,370,334,60
835,755,-102.546182,370,370,235,60
841,754,-94.747659,370,370,190,60
850,754,-84.189073,370,370,161,60
856,755,-77.812261,370,370,138,60
863,756,-76.066420,370,370,130,60
873,757,-77.987724,370,370,130,60
880,758,-81.290983,370,370,138,60
890,758,-85.967538,370,370,144,60
897,757,-91.671304,370,370,164,60
903,757,-97.480557,370,366,189,60
912,755,-106.656504,370,368,265,60
918,753,-111.335125,370,370,326,60
925,751,-113.675462,370,370,365,60
935,748,-117.202212,370,370,353,60
941,746,-112.670628,370,353,350,60
951,744,-106.300392,370,338,326,60
958,743,-99.831561,370,311,237,60
967,743,-93.328598,370,301,204,60
973,743,-85.966618,370,294,183,60
980,743,-83.788776,370,289,168,60
991,744,-82.880894,343,281,155,60
999,744,-83.244262,344,271,162,60
1007,744,-85.865160,343,262,168,60
1017,744,-93.363459,355,250,185,60
1024,743,-98.375654,370,245,204,60
1034,741,-104.818948,370,240,259,60
1041,740,-108.213901,370,238,259,60
1047,738,-109.712895,370,232,250,60
1058,736,-111.410185,370,227,231,60
1066,734,-108.389212,370,210,223,60
1077,732,-105.784411,370,199,220,60
1085,731,-103.032471,361,190,213,60
1093,729,-101.754879,326,180,207,60
1101,728,-102.252610,302,167,195,60
1109,726,-100.810892,276,158,188,60
1117,725,-102.100152,271,151,175,60
1125,724,-103.867571,269,144,164,60
1137,722,-105.266014,261,136,152,60
1144,720,-107.396623,265,131,142,60
1154,718,-109.716975,285,126,130,60
1161,715,-115.506057,313,120,116,60
1167,713,-116.870764,321,112,106,60
1174,710,-119.335920,368,110,99,60
1181,707,-124.507238,370,108,92,60
1187,704,-126.955227,370,107,87,60
1192,702,-127.795200,370,99,79,60
1199,698,-132.469022,370,96,75,60
1204,695,-136.208360,370,102,71,60
1208,691,-138.973309,370,100,66,60
1213,687,-146.499813,370,116,66,60
1215,684,-161.071418,370,140,68,60
1214,683,-166.281830,323,300,85,60
1214,683,-174.537577,320,370,99,60
1212,684,-174.573617,321,370,103,60
1212,679,173.232352,370,370,130,60
1210,672,173.434332,370,370,138,60
1208,667,171.420515,350,370,131,60
1206,662,169.032712,370,370,165,60
1204,656,171.306607,370,370,159,60
1200,649,166.870715,370,370,190,60
1197,644,165.437000,370,370,212,60
1191,637,161.995159,370,370,247,60
1187,631,161.759508,370,370,255,60
1183,625,163.460181,370,370,251,60
1179,619,156.144952,370,252,350,60
1172,610,163.307115,370,295,278,60
1164,600,156.100853,370,272,290,60
1159,593,159.994095,370,249,309,60
1155,587,163.390883,370,241,313,60
1151,582,163.106832,370,227,324,60
1148,575,157.197448,370,196,370,60
1142,566,167.597455,257,370,286,60
1138,557,166.530011,224,370,295,60
1135,553,166.938240,217,370,312,60
1131,548,163.358644,370,192,340,60
1128,543,160.498906,370,157,370,60
1124,538,160.329338,370,153,370,60
1120,531,153.544037,370,141,370,60
1115,525,158.672004,190,146,370,60
1112,522,153.221062,370,122,370,60
1109,519,150.781201,370,117,370,60
1106,516,144.146310,370,112,370,60
1101,513,141.061386,370,109,370,60
1097,512,134.029769,370,116,149,60
1092,510,119.406842,370,141,114,60
1088,509,111.291959,370,370,106,60
1084,509,100.104017,370,370,113,60
1079,510,91.653033,370,370,135,60
1070,511,80.609576,370,370,370,60
1062,513,71.531328,370,370,370,60
1056,515,66.145364,370,370,370,60
1051,517,61.988698,358,370,370,60
1045,518,61.620254,355,370,370,60
1039,520,63.620513,358,370,370,60
1030,522,68.839449,370,370,370,60
1025,522,76.619771,370,370,370,60
1020,523,87.487394,370,370,370,60
1013,521,98.588638,370,370,370,60
1008,520,111.250168,370,370,116,60
1005,518,119.273906,370,370,97,60
999,514,134.875887,370,370,86,60
996,512,141.272538,370,230,79,60
991,507,150.526000,370,88,76,60
986,503,148.758021,370,92,68,60
982,500,145.058709,370,109,65,60
975,496,133.482082,370,204,62,60
971,493,132.957379,370,370,62,60
968,494,109.498761,370,370,85,60
965,494,91.403362,370,370,370,60
956,494,83.809927,370,370,370,60
943,496,78.693468,370,370,370,60
936,497,71.483790,370,370,370,60
927,499,74.473645,370,370,370,60
922,500,76.744989,370,370,370,60
916,500,85.046067,370,370,370,60
909,500,89.631301,370,370,370,60
901,499,100.057697,370,370,370,60
894,496,110.998674,370,370,370,60
889,494,119.907580,370,370,370,60
885,492,130.372434,358,370,159,60
881,489,136.310909,355,370,154,60
876,484,147.242590,358,370,116,60
874,481,153.309313,368,370,96,60
871,477,161.099128,370,370,79,60
865,470,157.248527,370,370,80,60
861,466,155.080868,367,370,90,60
856,462,150.183257,348,370,113,60
850,457,142.390463,336,370,123,60
844,454,130.398906,320,370,348,60
840,453,122.764496,317,370,354,60
835,451,117.950194,317,345,367,60
830,450,113.381909,320,325,370,60
821,447,116.975453,317,314,370,60
815,445,120.950734,299,330,358,60
810,443,125.152908,285,343,345,60
802,438,132.143554,275,370,333,60
796,435,138.622848,272,370,327,60
789,429,144.271006,271,370,324,60
784,425,149.079367,272,370,250,60
779,421,153.938721,275,345,180,60
772,412,151.811785,264,354,259,60
768,407,155.528624,268,324,195,60
763,401,154.702977,261,319,216,60
756,392,158.159142,264,303,193,60
748,383,157.160170,254,296,223,60
743,377,155.322623,241,291,265,60
738,371,156.761721,238,281,262,60
730,363,157.039180,234,274,268,60
722,354,157.835346,226,265,264,60
717,348,158.903251,220,252,257,60
709,338,160.834191,219,242,251,60
704,332,161.721664,216,234,247,60
699,325,155.265452,195,234,227,60
692,315,161.330963,203,215,230,60
686,308,159.235406,196,208,221,60
681,302,158.330397,180,203,206,60
673,292,156.395273,173,197,197,60
668,287,156.026752,166,193,189,60
663,281,154.013440,154,188,179,60
658,275,153.562130,148,182,172,60
651,267,153.493337,144,175,168,60
646,263,148.672446,131,183,158,60
641,258,150.390892,128,173,154,60
633,251,146.227306,118,169,147,60
628,247,144.259851,107,169,140,60
621,241,138.983217,100,156,135,60
615,237,136.379684,94,140,131,60
610,234,132.894392,85,115,128,60
602,229,130.926230,78,104,125,60
596,226,127.593257,69,86,124,60
588,222,122.354681,61,76,120,60
582,220,118.344276,56,63,125,60
576,219,116.000293,48,50,127,60
568,217,107.866161,42,41,89,60
562,216,102.140237,34,29,52,60
555,215,95.597768,30,23,37,60
549,215,91.250510,24,18,27,60
544,216,85.209901,18,13,18,60
542,217,70.832034,21,10,11,60
542,218,50.401790,148,19,16,60
543,219,26.830287,370,38,23,60
544,219,14.111956,370,85,32,60
545,220,5.451275,370,370,49,60
545,221,0.644688,370,370,56,60
547,222,-1.608148,370,370,59,60
548,222,-6.443431,370,370,69,60
551,228,-8.275641,370,370,85,60
559,242,-11.946312,370,370,104,60
565,252,-12.885790,370,370,127,60
574,265,-19.126953,370,370,161,60
579,269,-24.293997,370,370,175,60
583,274,-29.752515,370,370,278,60
591,279,-36.492936,274,370,370,60
596,282,-42.849787,207,370,370,60
605,287,-46.664451,200,370,370,60
611,291,-47.645002,190,370,370,60
621,296,-43.906637,185,370,370,60
627,300,-40.879882,226,370,370,60
632,304,-36.496486,235,370,370,60
640,311,-31.326755,244,370,370,60
645,316,-28.263973,370,370,370,60
650,321,-23.857633,370,370,370,60
657,329,-19.921507,370,370,370,60
661,334,-19.395164,370,370,370,60
665,339,-18.787045,370,370,370,60
672,347,-18.774606,370,370,370,60
675,353,-16.230172,370,370,370,60
679,359,-14.852473,370,370,365,60
684,368,-11.567640,370,370,354,60
687,374,-8.929756,370,370,314,60
690,381,-7.388592,370,370,310,60
693,387,-6.213405,370,370,306,60
696,397,-4.800603,370,370,299,60
698,404,-3.714998,370,370,298,60
701,415,-2.742037,370,370,293,60
703,423,-1.808231,370,370,292,60
705,434,-1.797478,370,370,295,60
707,442,-1.560443,370,370,296,60
709,453,-1.608868,370,370,299,60
711,461,-1.431993,370,370,300,60
712,469,-1.092844,370,370,300,60
714,481,-1.144797,370,367,300,60
715,489,-1.013123,370,359,303,60
717,497,-0.668451,370,347,305,60
718,509,-0.324100,370,339,305,60
719,517,-0.321642,370,331,303,60
720,525,-0.269493,370,321,305,60
720,533,-0.018231,370,311,305,60
721,546,-0.017069,370,298,306,60
722,557,-0.050841,370,290,307,60
722,565,-0.073403,370,279,307,60
722,573,-0.081547,370,271,307,60
722,584,-0.002503,370,264,309,60
723,593,-0.008286,354,251,309,60
722,605,0.004257,337,239,307,60
722,613,0.036100,326,231,307,60
722,626,0.081610,313,222,307,60
721,634,0.123869,296,210,296,60
721,647,0.184636,283,202,286,60
720,655,0.208412,271,193,274,60
720,663,0.166633,254,181,257,60
719,676,0.146297,241,172,244,60
719,684,0.174530,226,160,226,60
718,695,0.053540,210,149,210,60
718,706,0.044703,200,142,200,60
718,713,0.043948,190,135,190,60
718,720,0.000336,175,124,175,60
718,731,-0.023463,159,113,159,60
719,737,-0.122273,151,107,151,60
720,744,-0.237599,141,100,141,60
721,753,-0.843401,134,94,131,60
722,759,-1.521976,127,88,123,60
723,764,-2.178862,120,82,111,60
726,772,-4.015774,110,74,99,60
728,778,-5.720859,104,66,86,60
731,783,-7.432013,100,62,78,60
735,790,-9.614528,97,57,69,60
738,795,-11.650278,90,51,59,60
742,801,-14.830593,86,47,54,60
744,803,-19.900682,99,45,48,60
746,804,-27.563375,141,49,45,60
748,804,-44.708532,370,59,47,60
749,804,-62.817323,370,94,54,60
748,803,-79.951132,370,339,79,60
747,802,-104.567136,370,370,125,60
746,801,-120.935076,370,370,221,60
746,800,-135.931852,370,370,370,60
750,797,-143.064572,370,370,370,60
753,794,-148.969042,370,370,370,60
759,788,-154.046094,370,370,370,60
763,783,-155.082232,370,370,370,60
771,775,-150.381614,370,370,370,60
780,767,-147.601378,370,370,370,60
785,762,-145.626581,370,370,370,60
791,757,-144.602090,370,370,370,60
797,751,-140.498066,370,370,370,60
806,745,-143.528452,370,370,370,60
812,741,-144.163195,370,370,370,60
818,736,-142.500584,370,370,370,60
828,730,-139.019483,370,370,370,60
834,726,-136.125565,370,370,370,60
841,722,-133.732408,370,370,370,60
851,716,-130.381839,337,370,370,60
858,713,-128.467720,302,370,370,60
868,708,-124.738665,289,370,370,60
875,705,-122.910506,283,370,370,60
886,701,-120.605881,282,370,370,60
893,698,-119.400689,286,370,370,60
903,695,-116.975691,288,370,370,60
910,693,-114.352609,319,370,370,60
917,691,-111.951357,370,370,370,60
928,689,-108.921688,370,362,370,60
936,688,-106.645441,370,350,370,60
947,686,-103.019785,370,332,370,60
954,685,-99.089757,370,321,348,60
961,684,-96.077497,370,305,309,60
973,683,-92.475665,370,295,281,60
984,683,-91.339284,370,283,274,60
992,683,-92.906873,370,276,281,60
1000,682,-92.673113,370,264,286,60
1008,682,-94.016403,370,257,295,60
1019,681,-94.016424,370,249,293,60
1027,681,-91.687928,345,237,283,60
1039,681,-91.131047,338,229,288,60
1047,680,-90.513020,310,217,278,60
1055,680,-88.094584,286,209,264,60
1063,680,-91.345729,290,201,278,60
1075,679,-91.263735,285,193,261,60
1082,679,-88.635114,251,182,262,60
1094,678,-93.037423,261,174,233,60
1102,678,-92.082833,237,162,221,60
1110,678,-93.229132,230,154,206,60
1118,677,-95.467836,228,147,189,60
1129,676,-99.174376,235,141,172,60
1136,675,-101.590174,233,131,154,60
1145,673,-105.038678,241,127,142,60
1152,671,-109.013762,255,122,131,60
1158,670,-111.677400,272,116,117,60
1167,667,-112.687503,268,111,110,60
1172,665,-118.520691,307,109,103,60
1178,662,-121.960279,370,106,93,60
1185,659,-126.533499,370,104,87,60
1190,656,-129.687302,370,105,82,60
1194,653,-135.761461,370,112,79,60
1200,649,-140.010167,370,116,76,60
1203,645,-149.196869,370,137,78,60
1207,641,-156.271317,370,175,80,60
1209,638,-160.883888,370,209,82,60
1210,635,-164.705275,296,289,87,60
1211,631,-171.866831,279,370,94,60
1211,627,-175.845301,272,370,104,60
1211,624,-174.559491,269,370,109,60
1210,620,175.596480,341,370,157,60
1209,617,176.062904,272,370,133,60
1208,614,175.455500,269,370,137,60
1205,609,168.985147,292,370,159,60
1203,606,165.232816,370,370,186,60
1200,602,153.022742,370,370,241,60
1195,598,153.137466,370,266,305,60
1191,595,148.567270,370,229,370,60
1187,591,140.094024,370,221,370,60
1178,586,141.892730,370,213,370,60
1172,581,139.611638,370,212,370,60
1167,578,132.499090,370,202,370,60
1160,575,132.628996,370,205,370,60
1156,573,125.288760,370,370,370,60
1152,572,117.980132,370,370,206,60
1146,572,107.459448,370,370,189,60
1143,572,95.416253,370,370,202,60
1134,571,94.477770,370,370,204,60
1127,572,92.167306,370,370,230,60
1121,572,87.668423,370,370,370,60
1115,572,80.532987,365,370,370,60
1105,573,78.192401,358,370,370,60
1098,575,74.973188,336,370,370,60
1088,576,75.395208,330,370,370,60
1080,578,77.987680,338,370,370,60
1073,578,80.680048,357,370,370,60
1065,579,80.498469,355,370,370,60
1054,579,83.334717,370,370,370,60
1047,580,88.447689,370,370,370,60
1035,579,93.095623,370,370,370,60
1027,579,96.417306,370,370,370,60
1020,579,96.372397,370,370,370,60
1012,578,95.673924,370,370,370,60
1000,577,95.554267,370,370,370,60
993,577,98.143041,370,370,370,60
986,576,95.798744,370,370,370,60
974,574,97.958008,370,370,370,60
966,573,101.838021,370,370,370,60
959,572,105.575742,370,370,370,60
952,570,107.131387,370,370,370,60
941,567,113.981169,370,370,370,60
933,565,113.398958,370,370,370,60
923,561,119.018215,370,370,370,60
916,558,121.256239,370,370,235,60
905,553,123.619075,370,370,228,60
899,551,122.691604,370,370,226,60
888,546,122.045840,369,370,370,60
881,543,122.848932,360,370,370,60
868,539,115.782059,355,370,370,60
861,537,114.284190,351,362,370,60
849,534,114.974775,341,348,370,60
842,531,115.228886,343,336,370,60
830,528,113.974570,319,327,370,60
819,524,116.818185,303,335,370,60
811,521,121.803913,293,335,370,60
805,519,118.977534,286,325,370,60
801,518,114.332399,288,296,370,60
794,517,102.508557,295,277,370,60
790,517,96.187671,320,261,370,60
786,518,86.656639,368,254,348,60
782,518,78.594195,370,253,299,60
777,520,66.424175,370,260,272,60
773,521,57.399423,344,288,250,60
770,523,47.366942,330,329,244,60
764,527,39.814408,326,367,243,60
759,531,37.267085,323,370,240,60
753,535,32.757098,320,370,237,60
748,540,29.333254,319,353,237,60
741,547,26.707251,320,337,238,60
737,552,25.227486,314,331,234,60
730,559,23.933869,309,318,230,60
725,564,22.187056,306,305,227,60
720,569,20.020925,303,300,224,60
716,575,19.846786,299,288,223,60
712,580,18.135680,298,279,223,60
706,588,17.422106,292,272,219,60
702,594,15.038125,292,263,221,60
698,600,13.127040,290,256,221,60
694,608,11.236883,286,245,221,60
691,613,9.849249,282,235,221,60
687,623,8.587469,278,228,221,60
684,629,8.697694,272,220,220,60
681,635,7.698702,262,211,217,60
677,644,6.458396,258,205,217,60
675,650,5.745075,252,198,216,60
672,659,3.997319,245,189,217,60
670,665,3.464686,243,182,220,60
669,671,2.147038,235,173,223,60
667,681,1.148126,230,167,224,60
667,687,0.774231,219,157,224,60
666,694,0.395362,210,150,213,60
665,704,0.186789,202,144,204,60
665,710,0.022921,193,137,193,60
665,720,-0.010875,185,131,185,60
665,727,-0.068356,171,121,171,60
665,733,-0.146182,157,111,157,60
667,742,-0.710049,149,105,147,60
669,750,-1.040152,140,97,134,60
670,756,-1.712151,131,91,125,60
672,762,-2.343592,121,82,111,60
673,768,-2.969975,113,76,102,60
676,776,-4.719656,109,71,93,60
678,781,-6.338419,103,66,86,60
681,786,-9.643979,100,60,73,60
685,792,-12.715874,99,56,65,60
688,796,-16.054568,103,53,59,60
691,799,-22.441686,110,51,54,60
693,800,-32.188670,210,57,49,60
696,800,-58.369858,370,86,55,60
698,799,-82.191207,370,167,68,60
699,798,-95.810297,370,370,121,60
700,797,-126.359045,370,370,276,60
700,796,-139.057505,370,370,370,60
705,791,-148.750426,370,370,370,60
709,786,-155.149734,370,370,370,60
711,783,-156.274375,370,370,370,60
719,775,-155.038247,370,370,370,60
724,770,-154.599954,370,370,370,60
729,763,-155.192212,370,370,370,60
735,758,-157.624722,370,370,370,60
742,749,-157.965134,370,370,370,60
747,743,-157.372415,370,363,370,60
756,734,-152.635720,370,349,370,60
761,728,-152.070626,370,336,370,60
767,723,-148.934400,370,334,370,60
776,714,-147.329280,370,331,370,60
781,709,-150.136416,370,315,370,60
787,703,-153.187601,370,306,370,60
790,699,-158.563794,370,299,370,60
792,695,-163.187853,370,306,370,60
794,691,-166.169689,370,317,370,60
795,687,-169.204632,370,350,370,60
797,682,-172.801536,370,342,370,60
797,679,-173.877235,370,337,370,60
797,675,-178.601424,370,370,370,60
797,666,142.248246,370,364,370,60
796,661,173.210850,365,370,278,60
794,653,173.467502,367,370,274,60
793,647,171.400024,357,370,264,60
791,640,173.393582,360,370,257,60
787,630,170.309668,331,370,247,60
785,623,169.019700,331,370,240,60
781,613,166.767777,326,370,237,60
778,607,168.116006,316,370,235,60
775,600,162.540569,296,370,243,60
771,591,164.774607,296,370,240,60
767,584,164.544853,289,370,241,60
762,575,161.818115,286,370,243,60
759,570,159.701813,269,370,251,60
754,562,163.916215,257,370,240,60
750,556,157.739227,254,370,231,60
745,551,156.279914,245,370,248,60
739,543,154.260643,241,370,258,60
735,537,156.473072,235,370,278,60
728,529,153.302778,227,370,313,60
723,524,148.827680,210,370,370,60
718,519,150.526404,206,370,370,60
713,515,145.872816,196,343,370,60
704,508,142.733078,186,299,370,60
698,502,146.767809,183,328,370,60
692,497,145.583991,173,303,370,60
687,494,142.081460,166,269,370,60
680,490,133.344004,158,229,370,60
676,488,125.334146,149,181,370,60
672,487,116.625288,148,159,370,60
669,486,111.406758,149,148,345,60
664,486,98.453642,159,135,235,60
662,487,89.563546,172,129,195,60
659,487,82.853837,202,127,161,60
651,488,77.569448,212,122,147,60
645,489,73.916963,216,115,131,60
639,490,71.617443,235,112,118,60
630,492,65.554071,258,109,110,60
625,493,60.279530,316,109,102,60
620,495,55.534881,370,110,96,60
613,499,47.301025,358,115,89,60
609,502,43.529040,350,122,85,60
605,505,36.859158,348,138,83,60
599,510,32.308732,347,144,82,60
595,513,26.879870,348,161,82,60
590,519,21.239217,353,190,82,60
588,523,19.228812,357,223,82,60
585,526,17.475162,360,238,80,60
581,532,12.460926,367,293,83,60
580,537,9.139837,370,316,85,60
578,541,7.018215,370,306,89,60
577,547,3.342334,370,300,93,60
576,550,0.966577,370,294,99,60
577,557,0.017683,370,290,102,60
577,560,-0.409383,370,286,103,60
579,566,-2.450366,370,280,107,60
581,569,-5.795539,370,278,120,60
583,572,-11.939472,370,278,154,60
586,575,-19.345038,370,287,203,60
589,578,-26.570862,370,301,283,60
594,580,-42.461627,370,337,274,60
598,582,-52.503509,370,370,274,60
604,583,-55.814483,370,370,279,60
613,586,-66.718768,370,370,295,60
620,588,-69.963613,370,370,302,60
627,589,-72.132591,370,370,309,60
638,591,-75.871786,370,370,302,60
646,592,-77.549028,351,370,324,60
654,593,-74.093017,370,370,312,60
665,594,-77.939088,370,370,312,60
673,595,-78.798603,340,370,327,60
680,596,-78.493947,345,370,326,60
688,597,-75.981720,370,370,314,60
700,598,-76.670767,370,370,317,60
712,600,-77.055620,370,370,314,60
721,601,-78.200740,370,370,319,60
728,602,-79.445940,370,370,323,60
740,602,-83.042021,370,370,338,60
748,603,-86.381801,299,370,355,60
757,603,-83.218075,370,370,340,60
769,603,-87.445679,370,370,348,60
773,603,-88.662071,286,370,370,60
786,603,-87.388252,279,370,370,60
794,603,-88.347334,306,370,370,60
803,603,-86.400976,370,370,351,60
816,604,-85.117110,370,370,345,60
824,604,-84.916121,370,370,347,60
837,605,-82.980240,370,370,336,60
846,605,-82.531640,370,370,334,60
854,605,-83.555893,370,370,338,60
867,606,-85.557772,370,370,348,60
875,606,-87.703086,370,370,362,60
887,606,-89.210268,370,370,370,60
896,606,-89.696837,370,368,370,60
908,606,-89.431606,370,360,370,60
916,606,-87.174867,370,348,360,60
924,606,-86.210970,370,341,351,60
936,607,-83.735442,370,334,340,60
944,607,-81.367260,370,324,326,60
952,608,-81.031259,370,316,321,60
963,608,-86.784246,370,306,345,60
970,608,-88.213245,370,294,362,60
981,607,-92.177818,370,286,370,60
989,607,-93.642804,370,280,370,60
997,606,-96.004834,370,269,344,60
1003,605,-101.429789,370,267,314,60
1008,604,-112.224897,370,279,279,60
1015,601,-123.821971,370,288,268,60
1020,599,-126.970489,370,313,255,60
1026,596,-128.653305,370,313,245,60
1035,591,-124.732230,370,286,241,60
1042,588,-129.684282,370,297,230,60
1048,585,-129.851405,370,290,223,60
1058,580,-131.989558,370,290,217,60
1063,577,-134.286539,370,280,212,60
1072,571,-138.401005,370,292,203,60
1077,567,-140.535430,213,310,199,60
1083,563,-142.797881,200,318,195,60
1091,557,-144.254046,206,316,190,60
1096,552,-146.678374,190,329,185,60
1103,546,-150.732956,370,309,179,60
1107,541,-152.339708,176,354,180,60
1111,536,-151.316821,180,349,175,60
1117,529,-159.227666,168,370,176,60
1120,524,-157.066417,159,370,178,60
1123,519,-161.456654,144,370,186,60
1126,514,-162.048992,138,370,190,60
1129,505,-166.404273,134,370,192,60
1131,500,-171.429205,140,370,179,60
1133,494,-167.163641,133,370,182,60
1135,485,-171.815794,125,370,188,60
1136,479,-173.932292,124,370,186,60
1138,472,-170.108841,123,363,183,60
1139,463,-170.159405,120,357,183,60
1139,457,-169.634749,118,348,182,60
1139,451,-172.982638,102,339,213,60
1139,442,173.167989,89,333,259,60
1138,436,170.431681,82,331,289,60
1137,427,172.409296,87,318,228,60
1136,421,170.039008,75,316,295,60
1134,414,168.663095,68,305,296,60
1133,407,171.155692,68,295,276,60
1132,399,172.461073,65,287,272,60
1128,385,165.965432,55,284,324,60
1127,377,168.438826,52,268,313,60
1125,361,171.108149,48,261,293,60
1126,354,-142.802080,240,242,238,60
1127,345,-178.025779,278,242,189,60
1129,338,-176.078581,266,224,216,60
1132,328,-167.168782,251,224,180,60
1134,321,-171.205367,247,215,182,60
1136,313,-172.591910,235,209,176,60
1139,304,-171.880770,238,195,188,60
1141,298,-166.426508,217,193,171,60
1143,289,-174.679446,209,182,171,60
1144,283,-170.543141,207,173,175,60
1145,276,-173.664729,206,162,186,60
1145,267,134.795205,186,159,171,60
1145,261,173.562689,216,154,176,60
1144,255,173.857172,221,141,180,60
1142,246,176.988563,224,136,165,60
1140,240,176.080337,206,129,164,60
1137,232,173.071705,188,121,155,60
1135,226,171.922959,185,112,140,60
1131,218,162.934648,183,108,130,60
1128,213,168.346815,179,103,123,60
1125,208,167.759555,173,98,114,60
1120,201,165.154216,172,92,103,60
1116,196,162.875996,172,86,93,60
1111,190,156.667984,155,84,83,60
1108,187,150.091134,142,87,79,60
1102,184,139.660401,133,95,76,60
1099,182,132.438427,121,113,76,60
1093,181,119.734906,117,138,80,60
1090,180,110.829778,116,120,87,60
1086,180,100.399034,85,103,107,60
1081,181,84.877516,66,97,133,60
1077,182,73.730224,54,97,113,60
1074,183,63.947713,45,62,97,60
1070,186,50.077392,42,43,93,60
1067,188,40.868966,42,32,92,60
1063,192,31.732260,44,28,48,60
1062,194,24.070884,370,24,30,60
1060,197,17.889522,370,23,24,60
1059,200,12.175311,370,21,20,60
1059,203,4.325321,370,22,18,60
1060,203,0.596516,344,27,20,60
1061,201,-0.518733,329,34,23,60
1062,200,-4.695748,302,48,27,60
1062,197,-18.961147,264,370,31,60
1062,195,-33.545782,230,370,47,60
1062,194,-51.797952,210,269,370,60
1063,193,-79.012160,230,213,370,60
1071,193,-83.346086,179,200,319,60
1073,194,-79.734398,202,195,337,60
1073,193,-79.338075,203,195,338,60
1073,194,-79.356958,203,195,340,60
1073,194,-79.500349,200,195,338,60
1073,194,-78.941416,204,195,341,60
1073,193,-79.404854,203,195,338,60
1073,193,-79.227266,200,195,338,60
1073,193,-79.173852,203,195,338,60
1073,193,-79.361024,200,195,337,60
1073,193,-79.265828,202,195,338,60
1073,193,-79.347146,202,195,340,60
1073,193,-79.287294,202,195,338,60
1073,194,-79.394620,197,194,333,60
1073,194,-79.031659,203,195,340,60
1073,193,-79.126583,202,195,338,60
1073,193,-79.229947,202,195,340,60
1073,193,-79.523618,200,195,337,60
1073,193,-79.177915,202,195,340,60
1073,193,-79.423254,200,195,337,60
1073,193,-79.077331,199,195,336,60
1073,193,-79.540108,202,195,340,60
1073,193,-79.099935,202,195,340,60
1073,193,-79.061266,202,195,341,60
1073,193,-79.467291,202,195,341,60
1073,194,-79.005112,200,195,336,60
1073,193,-79.301351,200,195,338,60
1073,193,-79.351801,204,195,341,60
1073,193,-79.280094,203,195,343,60
1073,193,-79.617591,199,195,336,60
1073,193,-79.249844,203,195,343,60
1073,193,-79.857952,197,194,333,60
1073,193,-78.879432,200,195,338,60
1073,193,-79.083439,202,195,340,60
1073,193,-79.568619,199,195,337,60
1073,193,-79.351326,199,195,336,60
1073,193,-79.637345,199,195,337,60
1073,193,-79.336698,200,195,338,60
1073,193,-79.306943,202,195,340,60
1073,193,-79.297108,200,195,338,60
1073,193,-78.991182,203,195,341,60
1073,193,-79.811124,200,195,338,60
1073,193,-79.475887,200,195,337,60
1073,193,-78.985306,200,195,338,60
1073,193,-79.407857,200,195,337,60
1073,193,-79.484563,200,195,337,60
1073,193,-79.611045,203,195,341,60
1073,193,-79.604051,203,195,341,60
1073,193,-79.356173,200,195,338,60
