643,796,-176.795166,217,370,370,60
642,796,-177.396567,203,370,370,60
646,771,-170.935842,233,370,370,60
648,755,-174.016400,212,370,370,60
652,728,-174.020370,235,370,370,60
655,710,-173.178022,230,370,370,60
660,683,-171.705156,258,370,370,60
665,655,-172.070758,251,370,370,60
669,637,-171.791089,281,370,370,60
673,618,-172.147349,286,370,370,60
677,600,-173.689090,282,370,370,60
684,572,-172.137584,303,370,370,60
692,545,-166.309521,314,370,370,60
697,527,-167.217592,369,370,370,60
705,500,-171.485376,341,370,185,60
711,482,-168.479302,353,370,178,60
717,465,-170.681238,370,355,165,60
724,447,-164.161192,370,347,141,60
733,420,-171.449339,370,309,145,60
740,403,-169.728300,347,294,133,60
750,378,-160.700538,306,286,113,60
757,362,-171.413622,306,250,117,60
763,346,-169.671309,279,236,106,60
773,324,-163.789504,245,227,87,60
778,314,-171.224090,228,212,78,60
781,306,-163.319412,219,200,76,60
786,294,-165.244505,209,193,72,60
788,287,-161.814371,196,181,66,60
790,280,-161.679770,186,175,63,60
793,271,-163.593874,179,164,62,60
797,258,-164.914039,171,154,61,60
799,249,-165.867911,162,145,58,60
801,242,-168.407476,152,131,58,60
803,229,-169.234526,138,117,56,60
806,218,-168.486424,128,109,54,60
807,209,-176.369075,117,101,51,60
809,198,-168.089407,103,90,48,60
810,191,-170.319621,96,82,48,60
810,185,-169.101847,85,72,49,60
810,181,174.943516,111,67,82,60
808,180,169.887665,109,66,82,60
807,180,160.706927,128,68,76,60
805,180,136.160063,290,84,72,60
803,180,123.784315,278,117,76,60
802,181,104.419169,309,279,102,60
801,181,85.705320,370,268,147,60
801,182,56.619894,370,296,288,60
801,183,42.536543,370,370,276,60
796,187,36.015723,370,370,281,60
790,192,38.138443,370,370,269,60
786,195,44.706870,370,370,261,60
780,197,59.330049,370,315,257,60
777,198,68.932868,370,273,262,60
773,198,78.594151,370,245,219,60
768,197,91.008875,355,237,173,60
763,196,103.144925,282,235,130,60
760,195,112.541931,255,241,113,60
755,192,124.798246,238,212,100,60
750,190,129.764930,223,134,86,60
744,187,131.863030,217,123,82,60
735,181,132.264638,212,113,78,60
725,176,129.660468,202,111,73,60
718,173,126.976368,196,118,72,60
712,170,127.735550,189,116,71,60
702,165,125.993647,179,108,65,60
695,163,123.412998,169,111,62,60
684,158,120.562825,161,109,61,60
678,156,115.607120,155,111,59,60
675,156,99.913137,171,144,79,60
673,158,69.698019,237,141,133,60
673,160,51.250553,370,185,147,60
672,161,31.266151,370,275,155,60
669,165,21.900079,370,370,166,60
665,170,23.646300,370,370,161,60
657,179,22.629780,370,370,159,60
653,185,22.031328,370,370,154,60
645,193,21.019831,370,350,142,60
640,198,23.856502,370,307,133,60
632,206,26.982855,370,302,128,60
627,210,29.535958,370,235,117,60
622,215,29.078207,370,213,107,60
613,223,31.221411,370,192,100,60
606,228,29.619609,370,178,93,60
601,233,30.780117,370,159,85,60
595,237,30.395373,370,149,79,60
587,245,30.004676,370,140,73,60
579,252,28.439608,370,129,65,60
573,257,26.700004,370,114,59,60
567,263,27.149672,370,120,56,60
562,268,23.609939,370,113,49,60
554,277,20.982182,370,113,45,60
550,283,17.773196,370,117,42,60
545,289,16.456121,370,112,37,60
541,294,14.880153,370,111,34,60
535,303,13.599925,370,103,30,60
531,308,12.609014,370,91,24,60
528,314,11.803853,370,84,21,60
525,320,10.680429,370,81,18,60
524,322,5.018594,370,113,20,60
525,322,0.932598,370,370,28,60
526,322,-0.023223,370,370,31,60
527,320,-5.319294,370,370,35,60
528,319,-10.188274,370,370,45,60
531,324,-11.753737,370,370,61,60
538,334,-17.415048,370,370,83,60
546,344,-16.474277,370,370,106,60
553,352,-19.547091,370,370,118,60
561,359,-29.524013,370,370,223,60
565,363,-32.238631,370,370,343,60
571,368,-34.825812,370,370,370,60
580,374,-33.012950,370,370,370,60
584,379,-29.022863,370,370,347,60
588,384,-18.116784,370,370,231,60
590,387,-11.894923,370,370,169,60
591,390,-7.957486,326,370,151,60
591,393,-4.524431,343,370,138,60
592,398,-1.274928,361,370,128,60
592,401,-0.111478,370,370,124,60
592,407,0.149080,370,370,124,60
591,412,0.324972,370,370,123,60
591,420,0.618026,370,370,121,60
589,432,0.610401,370,370,118,60
589,440,0.858692,370,370,117,60
587,452,0.900818,370,370,116,60
587,460,0.956092,370,370,114,60
586,468,0.928104,370,370,113,60
585,480,1.294818,370,368,111,60
584,488,1.195655,370,360,111,60
583,499,0.550479,370,349,109,60
582,507,0.466611,370,341,109,60
581,514,0.115306,370,330,109,60
580,525,0.588271,370,322,109,60
580,533,0.234683,370,315,106,60
579,540,0.181005,370,307,106,60
578,550,0.453792,370,296,104,60
577,559,0.454481,370,289,104,60
577,567,0.271508,370,277,103,60
576,574,0.180972,370,270,102,60
576,585,0.025469,368,262,102,60
576,597,0.026468,353,251,102,60
575,604,0.069609,344,244,102,60
576,611,0.134259,333,236,102,60
575,622,-0.081388,317,225,102,60
576,629,-0.156533,307,218,102,60
576,636,-0.260445,295,208,102,60
577,646,-0.173141,286,201,104,60
578,653,-0.681455,276,195,106,60
579,664,-0.742676,262,184,107,60
580,671,-0.855306,252,177,109,60
581,678,-0.854412,238,166,111,60
583,689,-0.990231,227,158,113,60
584,697,-1.241078,217,151,114,60
585,707,-1.261945,203,140,118,60
587,715,-1.638291,193,133,121,60
588,722,-1.443261,176,122,123,60
590,734,-0.786516,164,114,124,60
592,742,-0.691985,152,106,127,60
593,750,-1.033270,141,98,127,60
594,757,-1.082782,125,87,120,60
596,769,-1.410813,114,79,109,60
598,781,-0.983298,96,67,93,60
599,789,-0.990834,85,59,82,60
600,797,-0.959683,68,47,65,60
601,808,-0.928923,56,39,54,60
602,816,-1.063260,47,32,45,60
604,822,-4.323148,34,23,31,60
605,822,-9.335847,38,23,28,60
606,822,-19.650631,54,25,27,60
607,820,-45.266631,173,35,30,60
607,819,-66.926376,228,71,39,60
607,817,-100.423191,299,219,75,60
606,816,-121.066260,370,241,180,60
605,814,-150.683468,370,370,234,60
605,813,-160.018114,345,370,252,60
610,805,-164.769620,231,370,272,60
614,800,-163.923988,243,370,266,60
619,795,-154.244384,300,370,250,60
624,792,-139.875355,370,370,224,60
628,790,-134.144869,370,370,210,60
632,788,-126.264286,370,370,203,60
636,787,-113.625041,370,211,206,60
642,787,-99.032283,370,193,182,60
647,787,-86.195456,370,181,131,60
653,789,-70.755375,206,181,92,60
658,790,-58.952664,183,172,78,60
662,792,-53.353675,175,125,69,60
672,796,-52.490824,165,98,61,60
678,799,-52.683720,158,95,59,60
689,803,-56.726444,147,91,55,60
694,805,-63.203933,142,119,58,60
697,805,-79.662348,155,132,76,60
699,804,-100.396254,217,129,127,60
699,801,-130.024266,370,154,135,60
700,800,-146.437270,370,370,140,60
707,793,-154.598045,370,370,145,60
712,787,-157.086575,370,370,142,60
717,781,-157.304885,370,370,138,60
722,775,-159.018445,370,370,134,60
730,765,-156.365823,370,370,127,60
735,759,-156.368570,370,370,117,60
744,750,-154.025983,370,370,106,60
749,745,-151.448109,370,370,97,60
756,739,-152.146470,370,370,90,60
764,730,-153.125578,370,370,85,60
770,725,-152.849506,370,370,78,60
775,719,-152.972773,370,370,71,60
783,712,-152.318609,370,370,65,60
788,706,-154.159869,370,370,59,60
796,697,-149.084443,370,370,47,60
807,685,-155.601780,370,370,42,60
816,675,-154.919152,370,370,30,60
825,663,-160.102685,370,370,25,60
833,653,-154.821792,370,370,11,60
841,640,-162.037554,370,370,370,60
848,628,-161.277689,370,370,370,60
851,621,-161.815681,370,370,370,60
855,614,-170.121601,370,370,370,60
856,611,-168.159191,370,370,370,60
859,609,-163.012078,370,370,370,60
861,606,-157.005875,370,370,370,60
865,603,-146.619302,370,370,370,60
868,602,-139.353369,209,370,370,60
871,601,-130.100498,370,370,370,60
876,599,-118.665884,370,370,370,60
879,599,-110.777692,370,370,370,60
883,599,-100.601694,370,370,370,60
888,599,-88.870387,370,370,370,60
892,600,-78.419095,370,370,344,60
897,602,-63.345601,370,370,274,60
901,604,-54.255183,370,370,255,60
906,607,-40.925079,368,351,247,60
909,610,-32.073136,370,302,231,60
912,614,-20.519404,370,256,89,60
914,617,-14.406185,370,240,66,60
916,622,-7.706598,370,228,51,60
917,625,-4.559949,348,222,44,60
918,632,-3.689856,326,216,42,60
921,639,-4.165311,313,206,49,60
926,653,-5.056046,300,196,55,60
929,661,-6.352535,296,188,62,60
933,670,-6.967974,288,179,71,60
936,677,-8.653778,281,169,83,60
942,690,-10.074036,269,160,92,60
946,696,-12.075249,271,154,104,60
951,704,-15.194538,281,149,127,60
955,709,-16.465474,283,142,151,60
960,715,-17.229872,278,136,147,60
964,720,-17.215587,268,131,141,60
971,730,-17.177847,254,124,134,60
975,736,-16.600918,234,117,127,60
982,745,-17.037366,219,108,117,60
987,752,-16.700058,207,101,109,60
991,758,-16.608023,183,91,99,60
996,765,-15.922040,164,83,92,60
1003,775,-15.521916,148,76,83,60
1007,782,-15.677668,128,66,72,60
1014,791,-16.320643,117,59,65,60
1018,797,-17.283101,109,54,58,60
1022,801,-26.797169,114,49,51,60
1023,801,-39.260773,234,57,49,60
1024,800,-59.034406,251,110,59,60
1023,798,-85.633781,296,245,86,60
1022,797,-109.834711,370,257,196,60
1020,796,-139.056624,370,326,251,60
1020,795,-148.138236,370,370,258,60
1026,790,-144.347353,370,370,264,60
1031,786,-142.820535,370,370,250,60
1034,784,-132.609498,370,328,238,60
1038,783,-127.626596,370,294,234,60
1042,782,-115.266595,370,249,238,60
1048,781,-100.324806,370,220,175,60
1055,781,-84.941143,312,211,140,60
1059,782,-74.413057,250,211,104,60
1063,784,-65.208737,221,209,86,60
1067,785,-54.616356,204,125,73,60
1075,789,-50.071398,199,106,68,60
1081,792,-50.089873,190,98,63,60
1091,797,-53.171660,183,96,61,60
1097,799,-60.467392,178,105,61,60
1099,799,-78.063265,196,170,80,60
1101,798,-97.648023,262,164,127,60
1102,796,-124.668911,370,189,173,60
1103,794,-142.863820,370,259,172,60
1110,788,-150.580018,370,321,175,60
1115,782,-152.928405,370,326,172,60
1121,776,-152.769429,370,294,162,60
1127,770,-149.429894,370,274,155,60
1136,764,-146.650945,370,248,145,60
1141,760,-139.972445,370,221,138,60
1147,756,-135.731719,370,182,125,60
1157,750,-135.988331,370,168,118,60
1163,746,-133.251390,370,157,113,60
1174,740,-133.888552,370,141,103,60
1180,736,-132.779644,370,125,94,60
1188,732,-130.630111,370,110,83,60
1198,726,-130.027809,370,98,76,60
1207,721,-132.096501,370,92,69,60
1213,717,-137.800307,370,90,63,60
1221,712,-137.048277,370,89,58,60
1224,708,-145.727734,370,85,54,60
1225,707,-160.703653,370,172,65,60
1224,705,-169.780782,370,219,71,60
1223,705,-176.971701,370,370,90,60
1222,704,171.001368,312,370,370,60
1222,698,175.071370,370,370,116,60
1220,687,178.403603,370,370,107,60
1219,681,171.239798,370,370,133,60
1219,673,179.022919,370,370,110,60
1219,667,173.309948,370,370,116,60
1219,660,174.013717,370,370,109,60
1218,649,179.059086,370,370,110,60
1218,642,176.070957,370,370,121,60
1218,634,-176.246476,370,370,89,60
1217,627,176.486190,370,370,128,60
1217,615,176.498023,370,370,113,60
1216,608,173.059597,370,370,133,60
1216,600,177.884263,370,370,116,60
1215,592,173.069118,370,370,131,60
1215,580,178.767544,370,370,123,60
1214,572,170.808290,370,370,124,60
1214,564,168.883824,370,370,137,60
1213,552,170.941048,370,370,142,60
1212,544,169.782232,358,370,182,60
1212,536,175.955441,370,370,128,60
1211,528,177.274661,370,370,125,60
1211,516,170.208671,370,370,120,60
1211,509,-177.305786,370,370,103,60
1212,497,-178.502731,370,370,110,60
1212,489,-172.208935,370,370,114,60
1213,481,-167.856131,370,368,89,60
1213,473,-178.538234,370,358,109,60
1214,461,-172.249943,370,353,97,60
1214,453,-176.425803,370,346,93,60
1214,446,-179.695490,370,335,110,60
1214,438,178.047555,370,324,128,60
1214,427,176.740423,370,316,120,60
1213,420,171.234190,370,309,117,60
1213,413,169.956080,370,303,151,60
1212,402,170.384577,370,297,157,60
1212,394,179.623610,370,279,117,60
1212,382,-142.829752,370,273,140,60
1212,374,-143.737288,370,264,130,60
1211,366,-177.704449,340,251,110,60
1212,358,-169.331012,296,247,93,60
1212,346,-178.029886,330,235,114,60
1213,337,-165.261399,309,226,111,60
1213,329,-168.303810,274,220,96,60
1213,321,165.755946,300,306,214,60
1214,309,136.504841,254,199,99,60
1213,302,165.828483,365,197,172,60
1213,294,166.375183,327,187,155,60
1214,288,171.432010,292,175,142,60
1214,277,-168.595354,216,167,102,60
1215,270,-167.306462,193,162,89,60
1216,259,-177.860907,199,153,100,60
1218,252,-177.590977,192,140,104,60
1219,244,-178.554943,175,129,100,60
1220,233,-169.598389,149,124,83,60
1221,225,-177.625342,157,114,99,60
1223,214,-178.481956,138,102,96,60
1224,206,-178.923274,131,95,97,60
1224,198,-169.138481,102,85,79,60
1225,187,136.413659,104,76,93,60
1225,180,-178.320287,92,69,87,60
1224,173,166.441003,99,62,80,60
1224,166,178.587673,73,51,71,60
1224,156,179.224438,62,44,62,60
1223,149,179.445613,54,38,54,60
1223,143,179.323181,39,28,39,60
1222,141,176.163272,39,26,35,60
1220,141,168.232965,44,27,32,60
1220,143,152.171833,76,33,32,60
1220,144,138.403519,307,52,38,60
1220,146,124.289751,306,63,41,60
1221,147,104.336454,345,201,62,60
1222,149,75.688679,370,301,87,60
1223,149,61.583022,370,346,268,60
1223,151,41.347169,370,370,312,60
1216,158,27.749974,333,370,323,60
1212,162,31.800378,353,370,319,60
1209,164,36.834132,370,370,314,60
1204,166,47.559631,370,370,293,60
1201,167,51.038719,370,370,289,60
1197,168,65.312485,370,308,279,60
1193,168,77.134821,370,280,171,60
1188,168,89.669005,370,270,128,60
1184,167,101.431888,337,267,100,60
1181,166,113.012948,283,182,75,60
1175,163,127.422222,266,114,63,60
1171,160,133.363328,259,87,58,60
1164,157,124.488212,251,94,55,60
1154,151,137.537604,247,62,47,60
1147,148,128.523530,235,61,42,60
1145,148,111.543348,235,90,48,60
1143,148,96.772106,281,224,75,60
1143,149,78.156829,370,227,125,60
1144,150,54.346653,370,260,235,60
1145,151,40.262724,370,370,234,60
1142,154,34.385666,370,370,238,60
1136,159,34.213064,370,370,231,60
1129,164,38.647120,370,370,226,60
1125,167,42.303882,370,370,216,60
1121,168,53.174133,370,258,207,60
1116,169,65.512283,370,227,207,60
1112,170,72.936598,370,217,207,60
1109,170,81.747449,370,191,151,60
1105,170,88.989770,266,184,124,60
1101,169,99.459229,235,182,106,60
1096,168,111.595464,200,187,83,60
1090,166,113.909054,188,180,76,60
1084,164,116.744549,173,138,68,60
1073,161,116.218552,168,144,68,60
1066,159,115.966344,157,139,65,60
1055,155,114.395464,149,141,63,60
1047,154,113.560277,142,144,62,60
1039,152,114.333950,133,134,59,60
1031,150,113.476651,121,123,56,60
1019,148,109.679345,118,107,63,60
1008,145,106.682557,104,97,59,60
1000,144,107.304937,96,88,59,60
995,143,114.088674,82,84,49,60
992,141,124.766056,78,69,39,60
989,139,133.003013,76,49,34,60
985,134,144.972838,78,35,28,60
982,131,153.325666,79,25,23,60
979,128,160.841889,34,16,17,60
976,122,169.256086,18,10,11,60
975,118,173.437266,8,5,7,60
974,113,169.316860,0,0,0,60
974,109,-133.390222,0,0,0,60
975,106,-175.720370,28,35,35,60
978,104,-166.645247,25,101,55,60
979,104,-155.126767,370,22,47,60
980,104,-138.487435,0,0,0,60
981,105,-118.798920,6,11,298,60
982,107,-90.249508,20,91,344,60
985,108,-81.260694,49,286,370,60
989,110,-60.165255,97,303,370,60
991,111,-44.214055,282,359,370,60
991,113,-29.021927,298,370,370,60
993,116,-21.081361,316,370,370,60
997,122,-12.553401,334,370,224,60
999,129,-5.176442,367,370,182,60
1000,133,-1.747102,370,370,164,60
1000,138,-0.139435,370,370,154,60
998,143,0.716348,370,370,151,60
997,148,3.853094,370,370,145,60
995,152,7.241669,370,370,133,60
993,155,11.044693,370,370,118,60
990,160,13.392491,370,370,109,60
984,169,15.218162,370,370,102,60
980,175,15.470487,370,370,93,60
975,181,15.865222,370,370,86,60
969,191,15.941161,370,370,82,60
964,198,14.752036,370,370,78,60
961,203,12.949738,370,370,75,60
956,212,12.800886,370,370,71,60
953,218,11.580730,370,370,66,60
948,228,9.860863,370,363,63,60
943,239,8.784457,370,351,58,60
936,254,7.622471,370,339,54,60
929,271,5.701479,370,329,49,60
926,281,4.661936,370,361,44,60
923,293,4.005652,370,370,39,60
919,303,3.396458,370,370,35,60
916,320,2.524680,370,370,32,60
914,330,1.532988,370,370,370,60
912,341,1.104747,370,370,370,60
911,357,0.355591,370,370,370,60
910,363,0.022306,370,370,370,60
910,367,0.505703,370,370,370,60
909,370,2.581937,370,370,370,60
907,375,6.992060,370,213,370,60
905,378,10.855015,370,211,370,60
901,382,19.002071,370,370,370,60
898,384,26.235555,370,370,370,60
895,386,34.714553,370,370,370,60
892,388,43.178691,204,370,367,60
887,389,56.613077,370,370,362,60
881,390,70.865266,370,370,370,60
877,390,81.793673,370,347,370,60
873,390,97.183358,370,341,370,60
867,388,112.063084,370,349,338,60
863,386,124.126801,340,370,289,60
858,382,140.846500,334,370,276,60
855,379,150.181103,343,325,75,60
853,376,158.033328,365,285,37,60
850,371,160.463509,362,282,42,60
849,368,163.325581,370,267,30,60
845,356,166.076203,370,255,32,60
842,348,165.663826,370,239,24,60
838,338,166.514368,365,231,31,60
834,330,171.814207,358,217,44,60
830,321,169.979489,358,210,54,60
824,310,166.794708,360,203,65,60
818,302,164.748962,361,198,82,60
810,291,161.171697,341,193,106,60
804,284,159.070028,316,188,154,60
798,277,154.903802,299,182,175,60
790,269,150.150769,282,187,166,60
785,265,148.804365,279,179,162,60
780,260,149.441757,268,179,155,60
772,253,149.477643,264,166,149,60
767,247,152.497985,252,171,142,60
762,242,154.500754,258,150,140,60
757,236,158.298505,262,133,134,60
750,227,159.868367,262,124,128,60
745,220,153.896827,240,120,114,60
738,210,161.446871,227,106,111,60
733,204,152.623349,209,99,104,60
728,197,161.796347,188,88,93,60
724,190,158.749084,190,83,85,60
717,180,154.954317,172,75,76,60
712,174,154.514612,152,68,71,60
708,168,153.948719,144,62,63,60
701,160,154.774932,152,56,54,60
697,156,149.971953,185,55,49,60
695,154,144.359064,176,55,45,60
693,154,129.150414,166,77,49,60
692,155,104.875805,173,156,63,60
693,157,72.943180,247,159,116,60
693,158,55.985702,370,179,172,60
693,159,46.952344,370,227,166,60
690,161,35.887852,370,282,169,60
685,165,33.038948,370,301,168,60
679,170,28.145886,370,309,166,60
674,176,25.866741,370,348,166,60
669,180,24.787303,370,367,165,60
662,186,28.689483,370,289,149,60
657,191,33.527440,370,248,140,60
649,196,35.524726,370,221,131,60
640,202,40.337397,370,183,120,60
633,206,43.858735,370,157,109,60
627,210,47.046193,370,147,102,60
616,215,46.110606,370,131,94,60
609,219,46.928714,370,127,89,60
602,223,44.108225,370,111,78,60
592,229,45.550560,370,101,71,60
586,232,42.447745,370,91,63,60
580,236,41.776879,370,84,56,60
571,242,37.662608,370,82,52,60
566,246,35.305830,370,71,45,60
564,248,21.162344,370,130,54,60
565,250,9.548117,370,216,62,60
566,251,2.297845,370,370,76,60
567,253,-0.305701,370,370,89,60
568,260,-0.848599,370,370,92,60
570,268,-2.299712,370,370,99,60
573,278,-2.260799,370,370,100,60
577,288,-6.094187,370,370,117,60
580,294,-7.198796,370,370,120,60
583,300,-9.845036,370,370,145,60
587,307,-8.076012,370,370,145,60
592,317,-11.877230,370,370,162,60
596,323,-11.604658,370,370,169,60
600,330,-11.455619,370,370,183,60
603,337,-9.735638,370,370,180,60
608,347,-7.736297,370,370,182,60
611,354,-6.362272,370,370,178,60
613,361,-5.172379,350,370,173,60
616,370,-3.252322,329,370,171,60
618,380,-2.230997,320,370,171,60
620,387,-1.965712,320,370,171,60
621,393,-1.147617,324,370,169,60
623,403,-0.745823,323,370,171,60
624,410,-0.665331,324,370,171,60
624,420,-0.158813,326,370,169,60
624,427,-0.006868,327,370,169,60
624,434,0.073552,327,370,169,60
624,441,0.311794,329,370,168,60
622,451,1.425765,336,370,164,60
620,461,2.560592,344,370,158,60
618,468,3.743484,358,370,151,60
616,474,5.546180,370,370,145,60
613,481,7.982495,370,367,131,60
611,487,8.277595,370,361,128,60
606,496,9.212615,370,356,123,60
603,503,8.969930,370,349,117,60
599,510,8.391275,370,338,113,60
593,521,10.016070,370,332,104,60
589,528,10.606190,370,322,96,60
586,535,11.676689,369,316,90,60
582,542,11.871859,361,309,86,60
576,552,9.962286,358,302,83,60
572,561,10.022934,348,291,78,60
569,568,8.481967,340,285,73,60
566,574,8.271107,331,278,71,60
563,580,9.969468,323,268,66,60
555,595,8.368298,319,257,63,60
552,604,7.390187,302,242,55,60
546,618,6.184909,293,233,51,60
544,627,4.999817,290,223,51,60
540,637,3.524257,275,207,45,60
536,650,2.702092,266,199,44,60
534,659,2.563824,252,189,39,60
532,672,1.174332,243,177,38,60
531,681,0.932589,233,168,37,60
530,688,0.586553,217,156,35,60
529,701,0.475412,207,147,37,60
529,708,0.003130,192,136,35,60
529,720,0.137877,180,128,35,60
529,727,-0.111086,171,121,35,60
530,734,-0.310642,157,110,37,60
531,741,-1.180118,148,103,39,60
532,748,-1.603191,140,96,42,60
535,756,-4.793371,134,90,47,60
537,758,-11.854788,152,88,66,60
539,758,-23.937827,182,90,89,60
540,758,-41.368387,296,122,93,60
541,757,-65.899875,306,245,110,60
543,756,-96.253827,370,289,138,60
544,755,-117.544384,370,299,286,60
545,753,-137.731841,370,370,289,60
549,749,-141.904614,370,370,290,60
555,745,-141.748636,370,370,286,60
559,743,-135.102678,370,370,275,60
564,741,-117.410310,370,370,275,60
569,740,-111.165485,370,370,276,60
573,740,-103.782338,370,269,289,60
576,740,-93.299131,370,255,233,60
579,740,-85.430640,370,248,173,60
584,742,-74.695113,370,249,152,60
588,743,-66.457368,268,256,134,60
591,745,-55.189660,251,241,120,60
595,747,-52.808297,238,181,110,60
604,751,-48.706950,233,164,106,60
611,755,-47.410516,223,145,99,60
617,758,-47.205960,217,141,96,60
625,761,-46.800502,209,135,93,60
635,767,-47.343387,202,128,89,60
642,770,-48.135940,196,124,85,60
648,774,-50.783364,189,120,82,60
655,776,-50.788812,178,124,79,60
664,780,-55.552858,173,139,79,60
671,782,-57.762135,168,154,80,60
677,784,-61.810667,162,162,80,60
683,786,-61.442308,152,154,78,60
693,788,-67.797654,149,153,80,60
703,790,-69.685355,141,139,80,60
709,791,-73.290639,138,126,86,60
716,792,-76.588392,131,118,85,60
723,793,-79.441258,127,109,89,60
733,794,-83.709754,121,98,96,60
739,794,-85.618909,116,91,99,60
750,794,-89.133222,103,81,99,60
756,793,-89.076839,102,73,104,60
764,793,-90.408106,97,66,89,60
775,792,-90.340535,80,55,75,60
782,791,-94.259231,73,48,63,60
789,791,-93.199495,62,40,52,60
797,790,-95.764695,45,29,38,60
804,789,-105.892999,39,24,30,60
806,787,-119.558422,82,27,25,60
807,786,-138.132081,370,42,28,60
806,785,-152.331363,370,75,38,60
806,784,-168.806595,370,370,49,60
805,783,-174.690348,370,370,59,60
804,782,-178.880156,370,370,65,60
803,779,173.492218,370,370,93,60
800,769,172.031711,369,370,94,60
798,761,173.571883,370,370,99,60
794,751,169.677250,354,370,110,60
791,745,167.962357,333,370,370,60
787,737,163.381377,327,370,370,60
783,730,165.062475,314,370,370,60
779,721,166.128164,307,370,370,60
777,717,171.320087,319,370,370,60
777,711,176.842899,351,370,370,60
777,706,178.026048,358,370,370,60
777,702,-178.974595,370,370,370,60
779,696,-177.355477,370,370,370,60
781,692,-174.056326,370,370,370,60
783,688,-168.853153,370,355,370,60
787,683,-159.551538,370,297,69,60
790,680,-150.553543,370,370,58,60
794,678,-144.038983,370,370,45,60
800,673,-139.672624,370,370,37,60
812,665,-143.224972,370,370,30,60
821,657,-141.825446,370,370,17,60
833,647,-147.748100,370,370,11,60
843,638,-146.001936,370,370,370,60
850,631,-152.264313,370,370,370,60
862,618,-152.166249,370,370,370,60
866,613,-157.529636,370,370,370,60
872,608,-148.494817,370,370,370,60
875,606,-140.319056,213,370,370,60
878,604,-132.035447,370,370,370,60
883,603,-120.556183,370,370,370,60
886,602,-111.654426,370,370,370,60
891,602,-97.578819,370,370,370,60
896,603,-85.650446,370,370,370,60
900,604,-77.584075,370,370,329,60
903,605,-67.710908,370,370,279,60
908,608,-54.682044,370,370,258,60
911,609,-45.505558,361,351,244,60
914,612,-37.685688,364,303,240,60
917,615,-29.445675,370,268,155,60
921,620,-19.554300,370,247,106,60
923,623,-13.757940,370,234,82,60
925,627,-8.292958,364,220,65,60
926,633,-3.786209,329,214,58,60
928,639,-3.246314,313,208,56,60
931,649,-3.608557,293,195,63,60
935,661,-5.332283,289,188,71,60
940,674,-7.504417,279,175,82,60
944,682,-9.190054,279,168,93,60
948,690,-10.298210,274,161,104,60
953,698,-11.456548,264,150,123,60
956,704,-11.893208,257,144,130,60
962,713,-12.699480,250,138,140,60
966,719,-12.907772,241,132,149,60
972,729,-13.130897,227,122,140,60
976,736,-13.264487,213,115,131,60
981,743,-12.722359,196,107,124,60
985,750,-11.345206,171,96,113,60
989,757,-10.922388,155,89,106,60
995,768,-11.285713,140,81,96,60
1001,779,-12.206825,125,70,82,60
1005,786,-13.062941,116,63,73,60
1011,795,-14.804014,104,55,62,60
1015,801,-15.353503,94,49,54,60
1018,805,-18.596731,90,43,45,60
1020,806,-34.557052,147,47,44,60
1020,805,-50.134677,254,64,47,60
1020,804,-68.837390,266,155,63,60
1020,802,-95.508984,330,244,94,60
1020,801,-114.477998,370,269,230,60
1020,799,-137.400175,370,342,251,60
1025,796,-141.881715,370,370,254,60
1029,793,-143.185609,370,370,251,60
1033,790,-140.652935,370,370,243,60
1037,788,-134.175587,370,330,235,60
1042,787,-121.476569,370,287,231,60
1046,786,-110.579046,370,254,233,60
1050,786,-101.352638,370,219,172,60
1055,786,-89.250881,296,210,124,60
1060,787,-79.448693,248,208,100,60
1064,788,-66.904926,219,195,80,60
1067,790,-59.315130,207,136,71,60
1075,793,-53.182454,200,109,65,60
1082,796,-53.115359,193,104,63,60
1092,800,-56.803785,183,98,58,60
1095,800,-69.320982,182,131,63,60
1097,800,-89.870005,231,167,102,60
1098,799,-109.956531,370,177,186,60
1099,797,-129.347222,370,215,173,60
1103,794,-138.198489,370,236,171,60
1111,788,-138.641351,370,265,168,60
1117,784,-141.906925,370,253,159,60
1123,779,-138.452612,370,229,151,60
1130,775,-139.645243,370,223,145,60
1139,767,-142.966513,370,215,140,60
1146,762,-142.283370,370,219,134,60
1152,757,-143.550308,370,209,125,60
1161,750,-148.472569,370,210,121,60
1167,745,-149.111516,370,205,116,60
1172,740,-148.664546,370,204,110,60
1180,733,-149.375366,370,191,103,60
1186,728,-149.478172,370,178,97,60
1193,721,-147.811112,370,171,92,60
1197,717,-152.147523,370,163,86,60
1201,712,-153.308193,370,174,83,60
1208,704,-153.073918,370,151,78,60
1212,699,-155.491130,370,152,73,60
1216,694,-155.943616,370,183,75,60
1222,686,-158.123415,370,174,69,60
1226,680,-163.080990,370,196,66,60
1230,674,-161.008554,370,165,61,60
1234,667,-161.956316,370,162,56,60
1240,656,-163.814904,370,186,56,60
1244,648,-165.324758,370,169,49,60
1249,638,-166.544647,370,158,47,60
1252,630,-168.436134,370,143,41,60
1255,623,-169.540393,370,183,41,60
1258,615,-167.249904,370,134,35,60
1261,605,-171.726991,370,172,35,60
1264,596,-171.941998,370,240,37,60
1265,590,-173.888394,370,246,34,60
1266,578,-173.761816,370,140,28,60
1267,570,-173.845946,370,253,31,60
1268,556,-173.852866,370,121,25,60
1268,548,178.153109,370,370,51,60
1267,533,169.072577,370,370,52,60
1266,525,175.214213,370,370,49,60
1264,514,175.350687,370,370,61,60
1261,503,171.398135,370,370,62,60
1256,484,172.828195,370,370,72,60
1251,470,170.890276,370,367,71,60
1246,457,172.453705,370,351,78,60
1242,449,170.426115,370,339,97,60
1237,438,167.573761,370,331,117,60
1229,424,167.724986,370,318,123,60
1225,418,164.910078,370,314,137,60
1222,412,163.281067,365,311,169,60
1215,405,159.553245,350,311,200,60
1211,399,156.656637,331,312,254,60
1206,394,154.054622,319,313,298,60
1197,386,151.537308,310,312,290,60
1192,381,152.355421,300,304,282,60
1185,373,156.656721,285,315,271,60
1182,368,152.276742,312,273,278,60
1180,364,161.383651,312,264,275,60
1179,360,172.827399,355,248,196,60
1178,354,169.582233,364,242,178,60
1178,350,168.557199,351,240,202,60
1178,346,-168.342169,271,239,127,60
1180,339,-177.381532,274,231,131,60
1181,333,-166.122374,264,227,128,60
1183,326,-165.472848,245,219,120,60
1185,319,-166.332153,240,211,120,60
1187,308,-177.331513,251,199,133,60
1188,301,-167.718517,233,193,124,60
1190,294,-168.021825,214,184,117,60
1192,283,-178.536885,230,168,138,60
1193,276,-177.847256,220,161,137,60
1194,268,-177.965848,209,153,135,60
1196,257,-170.209752,200,146,135,60
1196,250,-179.106880,193,139,135,60
1197,239,-169.111745,182,131,134,60
1198,231,-179.816379,168,120,135,60
1198,223,-169.383004,133,110,111,60
1198,211,-178.576821,138,100,133,60
1199,200,-179.561302,123,89,128,60
1199,192,143.943120,113,81,116,60
1198,185,178.330406,151,78,86,60
1198,178,179.606013,90,63,87,60
1197,168,179.171897,82,56,76,60
1196,161,178.813209,72,49,66,60
1194,150,177.403734,62,42,58,60
1193,144,176.816047,48,32,44,60
1191,138,175.779072,35,23,31,60
1189,137,169.940109,37,23,28,60
1188,136,150.618720,82,28,25,60
1187,137,141.610945,106,30,27,60
1186,138,118.054534,279,79,41,60
1184,139,96.547739,305,173,52,60
1184,141,62.286190,370,279,145,60
1184,142,41.590906,370,338,271,60
1181,149,20.339266,370,370,274,60
1178,154,14.612181,245,370,323,60
1173,163,12.522317,238,370,324,60
1169,169,13.140771,244,370,321,60
1166,173,16.210844,281,370,305,60
1161,178,24.002747,358,370,283,60
1158,180,33.496845,370,370,255,60
1152,183,46.514341,370,370,238,60
1146,185,59.333483,370,286,235,60
1142,185,70.095004,370,238,244,60
1138,186,81.275956,370,220,178,60
1131,185,94.548453,370,214,158,60
1127,184,108.531881,233,218,100,60
1121,182,122.361807,214,172,87,60
1117,180,123.617645,204,140,80,60
1113,177,136.113860,200,98,71,60
1108,174,124.887450,195,125,73,60
1099,170,120.504452,188,136,72,60
1090,166,125.746171,182,139,71,60
1084,164,121.171307,172,121,65,60
1077,161,119.713222,169,120,65,60
1067,158,118.140042,159,126,62,60
1060,155,117.333673,149,122,59,60
1050,153,113.974911,142,132,59,60
1042,151,113.241209,133,134,58,60
1032,149,108.789845,127,124,58,60
1025,147,106.662280,123,115,61,60
1014,146,101.798199,114,101,62,60
1007,146,101.997781,110,92,68,60
999,145,98.474316,97,79,69,60
992,144,98.293727,89,72,68,60
987,143,103.154978,79,69,61,60
982,142,115.800370,69,69,49,60
979,140,125.190118,65,66,38,60
976,138,132.885037,63,48,32,60
972,135,143.969369,63,32,27,60
971,133,153.890955,66,24,23,60
971,130,166.972468,35,18,20,60
971,129,174.135848,25,16,20,60
972,126,178.538248,27,14,17,60
973,124,-168.535147,13,10,16,60
974,123,-171.846818,10,8,14,60
976,122,-161.850677,10,9,18,60
978,121,-147.701646,11,12,44,60
981,121,-123.157359,16,22,290,60
983,122,-101.034763,37,144,334,60
983,123,-66.762981,80,288,370,60
983,124,-45.803032,289,370,370,60
982,126,-26.180120,310,370,370,60
984,128,-27.381122,313,370,370,60
988,132,-20.459763,323,370,370,60
990,135,-15.081447,340,370,216,60
991,140,-8.264090,361,370,185,60
992,144,-4.520045,370,370,166,60
993,148,-1.678445,370,370,149,60
993,155,-0.128309,370,370,145,60
992,162,0.002597,370,370,142,60
992,169,0.070172,370,370,142,60
992,181,0.148341,370,370,142,60
992,189,0.147823,370,370,142,60
991,197,0.071723,370,370,141,60
991,208,0.004556,370,370,141,60
991,216,-0.019860,370,370,141,60
992,224,-0.065245,370,370,141,60
992,232,-0.241140,370,370,144,60
993,243,-0.394523,370,370,370,60
994,250,-0.490896,370,370,370,60
994,258,-0.428286,370,370,370,60
995,269,-0.199381,370,370,370,60
995,274,0.143274,370,370,370,60
993,278,1.824481,370,370,370,60
991,283,6.079815,370,370,370,60
989,287,11.915564,370,370,370,60
984,292,21.966175,370,313,94,60
981,294,31.030741,370,370,78,60
978,296,40.327047,370,370,68,60
973,298,52.830153,370,80,61,60
969,300,55.417142,370,70,56,60
959,304,62.561005,300,54,47,60
948,308,49.846793,350,44,34,60
947,310,37.175001,370,370,38,60
947,312,17.519234,370,370,48,60
948,312,7.304084,370,279,370,60
950,312,1.807439,370,370,370,60
949,320,0.477209,370,370,370,60
948,329,0.151496,370,370,370,60
948,333,0.459933,370,370,370,60
946,338,2.957952,370,370,370,60
944,341,6.150237,370,370,370,60
941,346,12.684483,370,248,370,60
939,349,18.601079,370,248,370,60
936,351,23.915874,370,370,370,60
933,353,33.819401,370,370,370,60
928,356,46.307988,370,370,370,60
922,358,61.465105,370,370,8,60
919,358,73.017537,370,2,3,60
915,358,81.494051,0,0,0,60
907,358,91.369334,0,0,0,60
895,359,81.305313,0,0,0,60
892,361,54.116577,370,370,4,60
891,362,35.502351,231,370,365,60
891,364,20.416556,370,370,370,60
892,366,8.172642,370,370,370,60
890,370,4.802375,370,218,370,60
888,374,7.832059,370,213,370,60
887,376,12.462035,370,370,370,60
885,379,17.697235,370,370,370,60
881,382,24.800269,370,370,370,60
878,384,31.085689,370,370,370,60
874,386,42.175787,370,370,360,60
870,388,48.632145,370,370,345,60
867,389,59.050308,370,370,344,60
863,389,68.579008,370,357,360,60
858,389,81.803791,370,339,370,60
854,389,92.116276,370,323,370,60
850,388,101.677555,370,318,370,60
846,387,112.634210,340,339,314,60
841,384,124.603915,317,370,286,60
837,382,137.978323,312,370,275,60
835,380,146.981684,320,324,188,60
832,375,151.142767,319,320,197,60
830,373,156.372566,331,291,116,60
829,369,162.618328,354,268,79,60
826,363,172.110461,365,259,72,60
824,358,173.447498,370,245,58,60
822,352,168.000026,370,243,73,60
816,338,162.418061,347,240,97,60
813,329,172.595223,355,221,72,60
808,320,163.848308,337,215,116,60
802,307,163.446629,340,199,99,60
797,299,167.858666,340,189,120,60
792,292,165.330625,323,184,144,60
788,286,165.152102,319,178,149,60
782,277,161.753015,309,173,168,60
776,268,159.779410,292,167,175,60
771,262,159.430458,285,162,166,60
766,256,157.939717,272,154,155,60
758,247,156.709422,261,151,147,60
753,241,154.836275,250,148,138,60
749,235,154.189997,245,136,130,60
744,231,149.168797,231,139,124,60
736,223,148.213876,226,135,118,60
731,218,148.087132,219,130,113,60
725,213,147.937978,210,121,106,60
717,206,146.726175,204,116,100,60
712,202,146.463509,197,113,96,60
707,197,142.741570,186,110,89,60
699,192,143.028798,183,103,86,60
693,188,141.006302,171,102,80,60
688,184,139.712766,165,100,76,60
683,180,138.091068,159,97,73,60
675,175,134.355314,152,97,69,60
669,172,130.502760,145,102,68,60
662,169,120.108839,137,116,69,60
659,169,110.934949,137,144,75,60
658,169,91.470170,168,124,111,60
656,171,64.225728,269,130,138,60
655,172,47.470357,370,154,130,60
650,177,39.683300,370,207,130,60
645,180,34.134771,370,225,128,60
640,185,29.046018,370,249,125,60
632,192,27.192448,370,236,120,60
627,197,28.161030,370,255,118,60
619,205,22.886656,370,226,109,60
615,210,21.843656,370,269,109,60
608,218,22.355806,370,271,104,60
601,227,17.692527,370,281,100,60
597,232,16.468199,370,304,99,60
593,237,14.950495,370,311,93,60
590,243,13.448397,370,336,93,60
585,251,12.316997,370,288,86,60
582,256,10.222605,370,325,86,60
579,261,8.181123,370,370,87,60
576,270,9.383559,370,370,86,60
574,275,8.152543,370,370,86,60
572,281,7.944804,370,370,80,60
569,290,6.550510,370,370,79,60
567,296,5.216915,370,370,80,60
565,305,1.988869,370,370,79,60
564,310,1.099240,370,370,80,60
564,316,1.108980,370,370,82,60
563,322,0.321136,370,370,82,60
564,327,-0.122180,370,370,85,60
564,336,-0.409850,370,370,85,60
566,341,-1.277921,370,370,90,60
568,349,-1.960966,370,370,96,60
569,354,-2.746880,370,370,97,60
571,360,-3.414204,370,370,103,60
574,368,-5.215261,370,370,109,60
577,373,-5.722214,357,370,117,60
579,379,-7.927338,341,370,131,60
583,388,-7.897983,338,370,140,60
587,393,-9.804027,338,370,149,60
590,399,-10.147052,340,370,161,60
595,407,-14.652864,331,370,176,60
600,413,-14.529635,370,370,203,60
606,423,-12.676578,370,370,216,60
611,430,-14.623739,313,370,219,60
615,436,-14.793275,298,370,234,60
619,443,-13.892258,276,370,237,60
625,452,-12.596698,264,370,241,60
628,458,-11.610008,266,370,234,60
632,466,-7.865053,271,370,224,60
634,471,-5.263856,283,370,207,60
636,480,-3.248783,292,368,200,60
638,486,-2.071089,295,361,199,60
639,496,-1.524546,298,351,196,60
640,503,-0.502405,299,345,196,60
641,510,-0.397546,302,338,195,60
642,517,-0.249019,300,327,196,60
642,525,-0.094090,302,319,195,60
643,537,0.086248,302,311,195,60
642,544,0.046248,302,300,195,60
643,556,0.116034,300,292,196,60
642,563,0.003603,302,285,195,60
642,571,0.044531,302,273,195,60
641,582,0.505207,305,266,192,60
639,589,1.222817,309,259,189,60
638,596,1.359307,314,252,185,60
635,607,2.983075,324,241,176,60
633,614,3.473910,312,235,171,60
631,621,4.244897,295,224,165,60
628,628,4.509240,283,217,159,60
624,639,6.374520,272,210,155,60
619,651,6.213545,254,198,147,60
616,658,6.697310,237,188,138,60
612,669,6.662770,231,179,138,60
609,677,6.014680,219,170,133,60
606,684,5.408655,207,161,128,60
603,694,5.100424,199,154,125,60
601,700,3.609305,192,144,127,60
598,710,4.077799,182,138,123,60
595,719,2.948470,171,128,120,60
594,725,2.453910,164,122,118,60
593,731,1.645601,158,116,120,60
591,737,1.759658,147,107,118,60
590,746,0.875070,140,101,120,60
590,752,0.235858,131,94,120,60
590,762,0.248967,124,88,121,60
590,769,0.059981,106,75,106,60
590,775,0.000009,97,69,97,60
590,785,-0.112991,87,62,87,60
591,792,-0.207505,78,55,78,60
592,798,-0.851075,66,46,63,60
593,806,-1.682008,58,40,55,60
595,811,-3.207750,52,35,48,60
596,815,-6.787608,47,29,37,60
598,816,-12.101301,52,29,34,60
599,816,-20.478712,71,32,32,60
600,816,-44.546251,209,41,34,60
602,814,-75.273264,234,78,44,60
603,813,-95.009223,295,225,76,60
603,812,-112.166240,370,242,180,60
602,812,-135.214463,370,370,231,60
602,810,-147.835728,370,370,241,60
606,806,-150.001138,370,370,243,60
611,802,-150.000425,370,370,238,60
617,797,-149.248924,370,370,230,60
623,792,-148.508675,370,370,223,60
628,786,-148.123233,370,370,217,60
637,779,-148.114902,370,370,212,60
643,774,-146.717416,370,370,204,60
652,768,-142.889199,370,370,192,60
659,763,-140.583251,370,370,179,60
665,759,-137.234186,370,370,171,60
676,752,-136.481866,370,370,164,60
683,748,-136.950605,370,370,152,60
693,741,-135.304024,370,370,145,60
699,736,-137.684523,370,370,137,60
706,732,-138.057678,370,370,130,60
715,726,-137.685718,370,370,124,60
721,721,-141.117924,370,370,120,60
727,717,-141.475819,370,370,111,60
734,711,-148.143003,370,370,110,60
739,706,-151.825846,370,370,109,60
743,702,-154.092831,370,370,106,60
749,695,-157.088106,370,325,104,60
753,690,-158.191011,370,313,100,60
758,683,-160.654576,370,300,370,60
762,679,-163.851177,370,302,370,60
765,673,-163.965107,370,298,370,60
770,665,-167.190629,370,351,370,60
774,659,-161.443362,370,271,370,60
777,656,-154.534727,370,370,370,60
781,654,-145.797218,370,370,59,60
784,651,-138.440383,370,370,52,60
791,648,-124.964722,341,370,45,60
802,644,-121.181918,264,370,30,60
815,638,-127.135051,257,370,21,60
826,633,-124.478442,248,370,13,60
835,628,-135.441507,370,370,370,60
844,622,-138.139564,370,370,370,60
856,614,-141.745770,221,370,370,60
862,609,-148.356887,370,370,370,60
865,606,-144.107421,370,370,370,60
869,604,-135.396955,210,370,370,60
872,603,-126.347297,370,370,370,60
876,602,-116.889642,370,370,370,60
881,602,-106.611301,370,370,370,60
887,601,-90.071749,370,370,370,60
891,602,-79.165077,370,370,344,60
896,604,-65.860210,370,370,289,60
899,605,-57.263469,370,370,258,60
903,608,-46.609866,369,370,248,60
906,610,-39.331787,369,328,243,60
908,612,-32.620578,370,282,158,60
914,618,-29.701142,370,271,140,60
920,623,-29.633766,370,259,164,60
928,631,-28.501701,368,248,169,60
934,636,-28.811163,362,243,188,60
939,641,-29.297952,353,237,214,60
946,647,-32.117802,343,239,209,60
951,651,-33.213205,333,236,202,60
959,657,-35.115198,324,238,197,60
965,661,-35.758386,314,232,190,60
974,668,-34.675133,309,225,186,60
981,673,-33.776429,302,212,179,60
986,677,-34.752400,295,209,175,60
995,684,-36.119051,288,207,171,60
1001,688,-37.499660,279,206,165,60
1009,693,-41.385185,268,210,159,60
1015,697,-43.726912,258,214,155,60
1021,700,-45.145546,251,216,152,60
1027,704,-47.690422,244,222,149,60
1037,709,-50.338269,237,227,148,60
1046,713,-52.410970,228,231,145,60
1052,715,-54.023732,223,240,144,60
1061,719,-57.653393,214,252,142,60
1070,722,-60.972632,210,237,144,60
1075,723,-68.397135,203,219,144,60
1082,725,-65.451619,200,207,147,60
1089,726,-68.081581,192,191,148,60
1098,728,-69.338155,186,184,147,60
1105,730,-72.649606,182,175,149,60
1111,730,-76.630888,179,163,155,60
1118,731,-79.446108,178,149,166,60
1128,731,-83.247875,178,141,176,60
1134,732,-88.481304,179,133,190,60
1141,731,-94.285577,188,123,162,60
1150,730,-98.043916,183,118,151,60
1160,729,-99.562883,183,109,133,60
1167,728,-102.007406,189,103,118,60
1174,727,-104.000099,175,94,106,60
1180,726,-105.011257,168,88,99,60
1190,724,-106.241606,147,80,92,60
1198,722,-110.777772,164,75,79,60
1203,720,-113.978106,175,69,68,60
1208,719,-121.040752,244,70,62,60
1215,715,-126.837093,302,68,58,60
1218,713,-135.737309,370,74,55,60
1219,711,-149.611550,370,115,62,60
1217,711,-162.492297,370,152,66,60
1216,711,-173.110870,370,370,89,60
1215,711,-175.382797,370,370,99,60
1214,711,174.584556,370,370,141,60
1212,706,173.952363,370,370,128,60
1210,701,170.678284,370,370,155,60
1206,695,170.593779,370,370,159,60
1203,689,167.889860,370,370,197,60
1200,683,165.193452,370,370,209,60
1194,676,160.825748,370,370,240,60
1191,670,162.136646,370,370,275,60
1186,665,160.038949,370,370,275,60
1182,659,159.616710,370,370,295,60
1175,650,159.748997,370,370,307,60
1170,643,163.346864,370,370,278,60
1165,637,162.498954,370,370,299,60
1159,627,159.401935,370,370,324,60
1155,621,160.775513,370,370,302,60
1149,612,160.927852,370,370,313,60
1146,606,161.246102,370,370,361,60
1143,600,164.512247,370,370,272,60
1141,593,172.908008,312,370,255,60
1137,584,175.070828,324,370,282,60
1135,574,167.977210,299,370,272,60
1133,567,172.081040,296,370,274,60
1132,559,170.328238,289,370,288,60
1130,552,169.142266,281,370,302,60
1128,540,170.338877,281,370,300,60
1127,533,168.374150,275,370,312,60
1126,521,167.584848,276,370,310,60
1125,514,166.950586,278,370,303,60
1124,507,170.808771,281,370,299,60
1123,496,168.854742,274,370,313,60
1123,489,169.551466,326,370,243,60
1123,482,-165.863894,370,213,149,60
1124,472,-170.673172,370,366,200,60
1125,465,-169.207222,370,357,206,60
1126,457,-168.356427,370,352,199,60
1127,450,-169.890990,370,341,197,60
1129,443,-166.085338,370,338,185,60
1131,431,-166.657803,370,325,193,60
1132,420,-176.645580,370,314,190,60
1133,412,-170.369865,355,310,182,60
1134,405,-173.412275,368,292,197,60
1134,397,-171.162573,348,286,192,60
1135,390,-179.120239,351,275,220,60
1135,379,-142.389435,319,269,245,60
1135,371,169.064347,323,261,243,60
1135,364,171.616085,299,252,271,60
1135,352,-175.225500,250,234,142,60
1135,344,176.032438,228,291,237,60
1135,332,137.292224,292,222,207,60
1135,320,-168.938662,285,213,210,60
1135,312,-178.265918,254,203,195,60
1135,304,167.405476,223,275,197,60
1136,296,168.224166,285,186,217,60
1136,284,-144.019835,290,175,214,60
1135,276,170.024392,250,165,219,60
1135,268,171.939507,251,155,193,60
1134,256,169.857356,276,150,171,60
1133,249,172.087597,235,139,168,60
1132,241,168.974036,224,129,152,60
1131,233,178.911087,172,118,161,60
1130,222,178.690359,175,111,141,60
1129,215,178.349190,169,104,130,60
1128,205,178.600980,134,93,128,60
1126,198,177.798788,125,86,117,60
1125,191,177.330968,113,76,103,60
1123,185,176.847349,104,70,94,60
1120,175,175.249644,96,63,83,60
1118,169,174.583589,89,57,75,60
1115,163,173.256062,78,49,61,60
1112,155,170.355353,73,44,54,60
1109,150,167.785201,66,38,45,60
1106,146,164.106200,65,33,37,60
1102,144,147.983095,96,35,34,60
1101,144,130.522280,188,60,39,60
1098,145,104.133034,200,156,56,60
1097,146,84.814310,269,177,96,60
1097,147,60.608095,370,204,188,60
1098,148,39.709925,370,265,186,60
1096,150,32.929517,370,370,190,60
1091,155,26.500629,370,370,197,60
1087,160,24.001424,370,370,199,60
1083,165,23.310195,370,370,193,60
1079,170,22.092199,370,370,192,60
1072,179,20.612016,370,370,189,60
1067,185,19.423633,370,370,183,60
1061,194,16.604636,370,370,182,60
1057,200,14.981988,370,370,182,60
1053,206,14.618429,370,370,179,60
1048,215,14.264851,370,370,176,60
1044,220,14.084214,370,370,169,60
1038,229,13.661049,370,370,164,60
1035,236,13.270062,370,370,161,60
1031,242,12.372538,370,370,158,60
1026,251,10.306036,370,370,159,60
1022,260,8.155168,370,370,370,60
1020,267,7.385218,370,370,370,60
1018,273,6.357877,370,370,370,60
1015,280,5.700405,370,370,370,60
1012,288,6.398312,370,370,370,60
1009,294,8.565726,370,370,370,60
1006,301,11.344038,370,370,370,60
1002,306,13.342013,370,370,370,60
999,310,17.209633,370,338,370,60
994,315,25.414078,370,296,370,60
988,319,37.215858,370,370,80,60
984,321,44.769469,370,370,72,60
981,323,55.072792,370,370,66,60
974,324,68.707317,370,64,62,60
964,326,74.370050,370,46,51,60
951,329,72.593337,370,33,35,60
940,331,71.763444,370,24,27,60
935,333,64.751972,370,19,20,60
933,334,52.761787,370,21,18,60
933,336,31.880704,370,370,24,60
934,336,19.083441,370,370,370,60
935,336,9.047129,370,253,370,60
936,336,1.807931,370,370,370,60
936,339,0.745309,370,370,370,60
935,345,0.708665,370,370,370,60
933,353,2.079199,370,370,370,60
932,358,3.233564,370,370,370,60
929,366,5.764608,370,370,370,60
925,373,8.145461,370,249,370,60
923,378,10.249562,370,211,370,60
920,382,12.723794,370,209,370,60
917,386,17.074926,370,370,370,60
912,390,26.372848,370,370,370,60
909,392,35.538832,370,370,370,60
904,394,48.917611,199,370,370,60
901,396,59.065157,370,370,370,60
894,396,73.301189,370,370,370,60
890,396,85.187749,370,366,370,60
885,395,99.340757,370,358,370,60
881,393,116.104864,370,370,334,60
877,391,127.957829,351,370,289,60
872,387,142.546693,350,370,21,60
870,385,143.849931,350,352,25,60
868,382,158.732231,0,0,0,60
860,371,162.391982,370,283,10,60
855,365,161.370094,370,265,24,60
852,360,161.159859,370,261,31,60
849,355,166.724311,357,267,49,60
844,345,162.031796,370,247,42,60
840,338,167.024006,370,233,38,60
832,326,165.043493,370,223,58,60
827,319,161.788534,355,219,78,60
817,307,157.414684,336,211,111,60
811,302,151.066045,314,212,162,60
806,298,144.127574,288,232,190,60
799,294,134.695589,276,255,188,60
794,291,129.075626,268,295,188,60
785,288,121.409313,264,310,192,60
779,285,116.750833,262,284,196,60
772,283,114.258746,257,264,197,60
765,281,112.891397,251,254,199,60
755,278,109.861774,248,241,202,60
747,277,107.830090,247,228,209,60
740,275,107.071976,234,217,204,60
728,272,105.454516,228,207,206,60
720,271,105.285309,214,194,204,60
709,269,103.432301,207,186,203,60
698,267,105.110264,185,186,185,60
690,265,101.064920,188,165,203,60
682,264,103.210532,175,153,202,60
675,263,103.043819,166,146,202,60
663,260,101.786835,155,138,195,60
656,259,103.279449,144,126,196,60
644,257,98.250845,137,112,185,60
637,257,98.446145,128,104,173,60
626,255,97.359063,127,96,147,60
618,255,90.431179,117,88,133,60
610,254,94.428185,100,76,117,60
599,253,93.206185,92,69,104,60
592,253,90.251279,80,58,83,60
586,253,88.872308,75,52,72,60
580,253,85.522934,71,46,61,60
571,254,79.412829,68,41,51,60
567,255,74.735540,68,37,42,60
565,256,62.221747,111,39,37,60
566,257,37.743969,370,54,39,60
566,258,23.344572,370,125,54,60
569,257,9.301306,370,239,66,60
570,257,1.776600,370,370,82,60
571,255,-0.060508,370,370,94,60
572,253,-2.938128,370,370,102,60
573,257,-5.108514,370,370,106,60
575,260,-4.544567,370,370,113,60
577,264,-8.594153,370,370,130,60
580,270,-12.539608,370,370,135,60
584,275,-15.072043,370,370,166,60
587,279,-15.254640,370,370,188,60
593,286,-22.493272,370,370,233,60
597,291,-23.763613,370,370,286,60
604,298,-25.457295,370,370,319,60
609,303,-26.133526,370,370,355,60
615,309,-27.171884,370,370,370,60
623,317,-24.292486,370,370,370,60
628,322,-22.717701,370,370,347,60
632,328,-19.435372,370,370,320,60
636,334,-15.667603,370,370,288,60
641,341,-13.591261,370,370,276,60
644,347,-11.461009,370,370,269,60
649,356,-10.123158,370,370,262,60
654,365,-10.619187,370,370,268,60
657,372,-9.731902,370,370,265,60
660,379,-8.546740,370,370,272,60
663,386,-7.114125,370,370,264,60
667,397,-5.526991,370,370,265,60
669,404,-5.122608,370,370,261,60
671,411,-3.955049,265,370,257,60
675,422,-2.710230,251,370,258,60
677,430,-2.341046,241,370,257,60
679,437,-2.189573,240,370,258,60
681,449,-2.172317,238,370,259,60
683,457,-2.324889,235,370,262,60
685,464,-2.620540,228,370,269,60
688,476,-2.521931,227,370,271,60
689,484,-2.440138,224,364,274,60
691,492,-2.143730,224,356,275,60
693,503,-1.456409,223,345,275,60
695,511,-1.014924,223,333,275,60
695,519,-0.709245,224,325,274,60
697,530,-0.139762,224,318,274,60
697,537,-0.109062,224,311,274,60
697,545,0.005520,224,299,272,60
697,556,0.083912,224,291,272,60
696,564,0.136879,226,280,269,60
695,575,0.152690,227,273,269,60
695,586,0.174634,228,262,268,60
694,594,0.310903,231,254,265,60
693,602,0.834804,234,242,262,60
691,613,1.147024,237,235,258,60
689,625,1.284147,241,227,255,60
687,633,1.398117,244,215,252,60
685,641,1.857394,251,203,247,60
684,649,1.910643,252,195,244,60
681,660,2.397825,255,187,241,60
678,672,2.695721,237,176,233,60
676,679,3.137119,221,165,228,60
674,687,2.304519,213,157,228,60
672,694,2.319348,203,150,221,60
670,705,1.825718,195,143,209,60
668,712,1.321648,188,136,197,60
667,719,1.772557,171,125,182,60
664,730,1.790385,161,117,171,60
663,737,1.508367,147,107,155,60
662,744,0.808036,140,100,144,60
661,751,0.828675,130,93,133,60
660,757,0.713652,121,87,124,60
660,767,0.203325,113,80,113,60
660,775,0.005375,100,71,100,60
660,782,-0.017956,93,66,93,60
661,787,-0.262521,83,59,83,60
661,793,-0.322116,72,51,72,60
663,801,-0.860557,66,46,63,60
664,806,-1.760114,59,41,56,60
666,811,-6.463461,52,36,49,60
667,812,-13.236797,61,34,38,60
668,812,-23.582594,90,37,37,60
670,811,-43.262075,172,46,39,60
670,810,-58.518669,164,68,44,60
671,809,-85.547160,173,165,61,60
672,808,-107.780957,370,156,118,60
671,807,-128.075534,370,202,162,60
671,806,-147.366303,370,370,171,60
674,802,-152.870135,370,370,175,60
677,798,-160.901896,370,370,188,60
681,791,-165.770728,370,370,192,60
684,786,-167.965971,343,370,197,60
689,777,-168.983468,336,370,196,60
692,771,-169.991123,336,370,195,60
696,761,-169.676629,334,370,192,60
699,755,-171.204936,338,370,189,60
702,748,-171.064193,343,370,370,60
704,742,-170.709167,350,370,370,60
707,735,-174.477076,324,370,370,60
710,726,-175.727075,320,370,370,60
712,719,-174.648917,330,370,370,60
714,713,-173.423463,353,370,370,60
718,706,-163.337236,367,370,370,60
723,698,-167.826600,370,370,370,60
726,692,-165.042258,370,370,370,60
733,684,-161.543415,370,370,370,60
737,679,-159.260280,370,325,370,60
744,671,-155.038751,370,299,370,60
749,666,-151.944301,370,370,370,60
754,661,-149.943094,370,370,370,60
763,655,-143.253435,370,370,80,60
771,648,-143.434937,370,370,370,60
777,644,-139.514222,370,370,59,60
783,640,-138.562635,370,370,370,60
788,637,-140.874970,370,370,370,60
800,628,-139.461223,370,370,370,60
811,620,-146.256324,370,370,370,60
816,615,-143.810334,370,370,370,60
822,612,-140.376290,370,370,370,60
831,606,-134.968515,370,370,370,60
837,603,-130.623474,212,370,370,60
847,599,-125.964003,370,370,370,60
853,596,-122.936334,370,370,370,60
859,594,-121.833227,370,370,370,60
866,591,-120.542812,370,370,370,60
875,588,-118.340164,370,370,370,60
885,585,-112.729057,370,370,370,60
892,584,-107.883202,370,370,370,60
899,583,-103.187844,370,370,370,60
906,583,-98.511081,370,362,370,60
913,582,-95.290690,370,353,370,60
923,582,-90.512141,370,344,370,60
930,582,-87.793850,370,337,370,60
940,583,-79.308600,370,332,357,60
947,584,-75.080662,367,329,326,60
953,585,-70.158937,345,332,307,60
963,588,-66.623535,331,330,299,60
969,590,-64.541586,320,331,292,60
976,592,-63.208055,306,326,282,60
986,595,-59.486618,296,327,275,60
993,598,-57.195768,285,327,269,60
1001,601,-55.669761,272,324,261,60
1012,605,-54.235450,265,319,257,60
1020,609,-55.125265,257,315,251,60
1028,612,-53.608116,244,300,247,60
1039,617,-53.362882,237,290,244,60
1047,620,-52.937690,224,280,238,60
1054,623,-53.312303,217,269,235,60
1065,628,-53.397964,210,263,231,60
1076,632,-55.394321,203,246,230,60
1083,635,-55.240608,193,231,227,60
1090,638,-57.211308,188,216,226,60
1097,641,-56.880721,175,205,221,60
1107,645,-56.669587,165,194,217,60
1118,649,-57.072334,158,185,214,60
1125,651,-58.373613,151,175,213,60
1132,654,-59.356940,141,158,212,60
1143,657,-61.225746,133,152,207,60
1150,660,-61.738803,127,138,210,60
1160,663,-63.952419,117,122,210,60
1167,664,-65.793861,109,115,209,60
1175,666,-67.454486,99,99,212,60
1182,668,-68.835257,92,90,207,60
1193,670,-71.390529,85,81,175,60
1203,672,-75.103086,76,69,135,60
1210,673,-76.389264,69,61,113,60
1217,674,-79.130469,58,48,85,60
1226,674,-83.322770,52,42,68,60
1233,674,-88.054385,48,35,51,60
1241,674,-94.725522,39,26,35,60
1246,673,-101.766543,34,19,23,60
1247,671,-117.232045,62,22,21,60
1248,670,-134.504184,370,33,24,60
1247,669,-156.747241,370,59,31,60
1246,667,-171.272209,370,199,49,60
1246,667,-176.410316,370,354,56,60
1244,666,174.952509,370,370,83,60
1243,665,173.969582,370,370,85,60
1240,658,169.461220,370,370,103,60
1232,643,165.827691,370,370,124,60
1229,639,160.023160,370,370,183,60
1225,635,156.117699,370,370,183,60
1221,631,153.202503,370,370,272,60
1217,628,147.706664,370,370,370,60
1212,624,137.930190,370,370,370,60
1204,619,132.860577,370,370,370,60
1198,615,135.639536,370,370,370,60
1190,608,136.573050,370,370,370,60
1184,604,140.551828,370,370,370,60
1179,599,143.109871,370,370,370,60
1175,595,154.363659,370,370,370,60
1170,590,153.015113,370,370,370,60
1166,584,161.762462,370,370,305,60
1160,576,162.912335,370,370,345,60
1157,570,159.785150,370,370,306,60
1152,561,164.454305,317,370,288,60
1148,555,168.617346,303,370,269,60
1145,548,163.454848,370,370,370,60
1141,542,163.116658,300,370,344,60
1138,535,165.816207,276,370,323,60
1132,524,161.233388,268,370,344,60
1129,517,167.733761,261,370,370,60
1125,506,164.599094,266,370,336,60
1123,499,163.337632,254,370,370,60
1120,488,166.527964,302,370,265,60
1118,481,168.541624,264,370,331,60
1117,474,177.677348,266,370,324,60
1116,463,167.407460,285,354,288,60
1115,456,169.318127,264,347,326,60
1114,445,169.970917,268,338,316,60
1113,433,168.082865,261,328,331,60
1112,425,167.213437,252,319,353,60
1112,417,169.618123,261,308,330,60
1112,405,167.131707,261,299,329,60
1113,397,-143.043457,252,294,337,60
1113,390,-169.905667,350,281,223,60
1114,382,-171.238670,317,271,251,60
1115,371,-177.770413,310,265,207,60
1117,363,-168.149201,296,254,203,60
1118,351,-168.438825,289,245,204,60
1120,341,-162.632625,282,232,207,60
1121,333,-178.254664,293,218,231,60
1122,326,-168.585989,257,215,202,60
1122,318,-176.256307,269,204,226,60
1123,308,-172.946998,237,200,200,60
1123,296,-178.814740,223,189,197,60
1124,289,141.593637,210,182,195,60
1124,281,167.045360,213,232,173,60
1124,274,-179.183666,210,159,223,60
1124,262,143.434743,210,151,216,60
1124,255,171.203456,238,146,180,60
1123,248,179.015418,195,133,182,60
1122,237,168.524539,207,127,158,60
1121,230,179.337357,179,119,158,60
1121,222,175.605913,166,108,140,60
1120,212,170.874860,142,100,140,60
1119,205,178.846729,130,90,124,60
1117,199,178.212505,123,84,116,60
1115,190,177.011398,116,78,106,60
1113,184,175.159349,107,69,90,60
1110,176,172.745293,103,65,82,60
1107,171,170.573500,100,60,73,60
1104,166,167.792208,96,55,65,60
1100,159,163.841084,93,49,54,60
1097,155,160.092157,97,44,47,60
1094,154,143.638037,166,50,45,60
1093,154,126.840614,180,68,48,60
1092,155,108.271033,183,124,59,60
1092,157,74.509476,255,171,110,60
1093,158,53.899464,370,197,182,60
1093,159,43.770229,370,261,180,60
1093,162,17.346181,370,370,210,60
1091,166,12.348775,370,370,224,60
1088,171,9.554571,370,370,233,60
1086,179,6.024536,338,370,245,60
1084,185,4.995677,330,370,370,60
1082,192,3.766987,324,370,370,60
1079,202,2.988389,321,370,370,60
1077,209,2.609588,323,370,370,60
1075,216,2.792698,327,370,370,60
1072,226,4.299670,337,370,370,60
1070,232,6.065251,360,370,370,60
1065,241,8.932104,370,370,370,60
1062,247,11.433513,370,370,370,60
1059,252,13.979656,370,370,370,60
1053,260,18.511451,370,370,175,60
1049,266,21.350889,370,370,165,60
1044,271,23.847639,370,350,151,60
1037,278,24.871046,370,345,144,60
1033,283,23.893636,370,333,138,60
1027,291,18.720642,370,354,370,60
1024,296,15.959081,370,370,370,60
1021,301,12.680198,370,370,370,60
1018,306,10.036395,370,370,370,60
1014,315,9.823771,370,370,370,60
1011,320,11.592620,370,370,370,60
1007,326,13.855215,370,370,370,60
1001,334,17.110982,370,370,370,60
997,339,19.985019,370,299,370,60
992,344,22.924821,370,264,370,60
988,349,27.488873,370,370,370,60
983,353,31.047106,370,370,370,60
975,360,37.308495,370,370,370,60
970,363,36.715560,370,370,370,60
963,368,37.490033,370,370,370,60
958,372,38.221513,370,370,370,60
953,375,40.208289,370,370,370,60
944,381,41.800668,370,370,370,60
939,384,44.394775,370,370,370,60
929,388,51.684952,252,370,370,60
923,391,55.763063,209,370,370,60
916,393,58.041169,370,370,370,60
909,395,65.422671,370,370,370,60
903,397,68.556404,370,370,370,60
892,399,73.343722,370,370,370,60
885,400,76.604840,370,362,370,60
878,401,82.170116,370,348,370,60
868,401,82.407947,370,339,370,60
861,401,89.963101,370,327,370,60
851,401,93.598715,370,322,370,60
845,400,94.730545,370,315,370,60
836,399,100.693605,365,312,368,60
829,397,108.563796,337,313,343,60
822,395,112.794226,313,314,321,60
813,392,118.951066,299,321,307,60
806,390,121.058012,288,325,299,60
799,386,124.965101,279,328,292,60
789,382,126.038670,268,328,283,60
782,379,128.620015,261,320,279,60
771,373,131.819336,248,328,271,60
764,369,129.220701,241,321,266,60
756,365,129.375118,230,296,262,60
745,359,127.612006,223,288,258,60
738,355,128.289763,214,262,257,60
731,351,128.917307,204,262,248,60
724,347,131.404008,197,263,243,60
713,341,134.932307,190,263,237,60
706,337,136.042510,180,260,230,60
696,330,136.223604,173,247,226,60
690,326,134.209808,168,245,221,60
683,322,133.010530,157,215,216,60
676,318,134.146364,151,209,212,60
669,314,134.122905,144,198,207,60
659,308,128.383865,135,187,204,60
652,304,130.562672,130,173,202,60
642,299,129.119012,120,152,197,60
636,295,124.265950,111,137,196,60
629,292,120.038755,103,115,197,60
620,288,120.058350,96,109,195,60
614,285,119.209920,90,98,196,60
604,281,118.770698,80,86,193,60
598,279,118.473464,73,82,186,60
591,276,117.167430,66,71,188,60
584,274,116.497549,56,59,165,60
578,271,116.041135,49,52,142,60
571,269,109.279882,42,41,89,60
561,267,107.770184,35,33,69,60
551,265,103.942717,21,18,34,60
545,264,99.787609,14,12,20,60
537,263,94.184954,7,5,8,60
534,264,81.388979,1,1,1,60
532,265,61.513449,0,0,0,60
533,266,39.415562,162,9,7,60
533,266,23.256212,370,40,18,60
535,267,14.701181,370,87,27,60
536,267,3.047701,370,316,38,60
537,266,-0.393238,370,370,45,60
538,265,-6.431837,370,370,54,60
541,266,-16.170423,370,370,78,60
546,274,-14.642866,370,370,96,60
554,282,-17.714933,370,370,118,60
557,286,-24.030571,370,370,168,60
561,290,-31.885469,370,370,305,60
567,293,-39.883973,276,370,370,60
570,295,-49.255470,269,370,370,60
575,296,-56.476725,261,370,370,60
583,299,-59.741361,259,370,370,60
589,302,-56.583858,247,370,370,60
599,306,-50.590990,237,370,370,60
605,309,-45.917173,231,370,370,60
614,315,-43.125507,226,370,370,60
620,318,-42.008007,216,370,370,60
626,322,-40.555597,210,356,370,60
632,326,-39.810872,204,347,370,60
640,332,-35.772992,370,336,370,60
645,337,-32.547545,370,355,370,60
650,342,-28.671901,370,370,370,60
657,349,-24.314475,370,370,370,60
662,355,-22.020706,370,370,370,60
666,360,-19.836321,370,370,370,60
672,368,-16.194467,370,370,370,60
676,374,-13.213866,370,370,340,60
681,383,-10.995582,370,370,324,60
684,390,-9.194910,370,370,316,60
688,399,-7.915978,370,370,312,60
692,408,-6.936666,370,370,310,60
694,415,-6.171184,370,370,307,60
697,421,-5.322911,370,370,306,60
699,429,-4.482483,240,370,303,60
702,440,-3.460909,224,370,299,60
704,448,-2.986678,204,370,300,60
707,459,-2.346982,202,370,300,60
710,471,-1.971239,199,370,300,60
711,479,-1.397397,199,368,302,60
713,491,-1.090716,197,358,302,60
715,498,-1.113548,196,349,302,60
717,510,-1.080626,193,338,305,60
718,518,-0.884074,192,330,306,60
719,529,-0.803735,190,322,309,60
720,537,-0.481285,189,311,309,60
720,544,-0.234956,190,300,306,60
721,556,-0.069624,190,292,306,60
721,564,-0.010949,190,283,306,60
721,576,0.038208,190,272,306,60
721,584,0.051148,190,264,306,60
721,592,0.031181,190,252,306,60
721,605,0.073563,190,244,306,60
720,613,0.256936,192,235,305,60
720,622,0.164886,192,222,303,60
719,634,0.087820,193,214,302,60
719,642,0.033584,193,206,292,60
718,650,0.065011,195,194,274,60
718,658,0.082887,195,186,262,60
717,670,0.382547,197,178,252,60
716,678,0.519769,200,166,237,60
715,690,0.578539,200,158,224,60
714,697,0.345965,202,147,209,60
713,705,0.139031,196,139,196,60
713,716,0.077453,186,132,186,60
713,727,0.149398,175,124,175,60
712,734,-0.004594,161,114,161,60
712,741,-0.002047,145,103,145,60
713,751,-0.142357,137,97,137,60
714,757,-0.601588,124,87,121,60
715,765,-1.766797,117,81,111,60
717,770,-3.275510,113,76,103,60
718,775,-4.426116,106,69,90,60
720,780,-5.132436,100,64,83,60
723,787,-7.734248,96,60,75,60
726,791,-9.929232,94,56,68,60
730,798,-14.947218,94,51,58,60
733,801,-19.904831,99,49,52,60
735,803,-26.635207,114,49,47,60
737,803,-39.230665,102,61,48,60
739,803,-61.785388,94,92,55,60
739,802,-82.473676,109,88,85,60
740,800,-112.931941,157,89,106,60
739,799,-134.125971,370,109,94,60
739,797,-152.148061,370,370,107,60
739,796,-163.789639,370,370,123,60
741,791,-168.692403,370,370,131,60
743,785,-172.460095,370,370,134,60
744,780,-175.116428,370,370,137,60
745,776,-177.657687,357,370,148,60
745,768,-176.598124,357,370,149,60
745,763,140.045404,347,370,154,60
744,758,176.408831,314,370,370,60
743,752,175.825557,312,370,370,60
741,744,173.971850,302,370,370,60
739,739,172.356384,289,370,370,60
737,732,172.789135,289,370,370,60
734,722,175.574024,298,370,370,60
733,715,176.169028,299,370,370,60
731,704,175.682221,289,370,370,60
729,697,176.173177,296,370,370,60
728,686,176.394016,295,370,370,60
728,679,174.268062,285,370,370,60
727,671,178.366012,305,370,370,60
727,664,176.777945,296,370,370,60
727,652,-179.362462,355,370,370,60
727,644,-174.779412,314,370,370,60
727,637,-176.792788,338,370,370,60
728,626,-176.393003,347,370,370,60
728,618,-173.771718,358,370,370,60
729,607,-176.817502,347,370,370,60
730,599,-178.360286,336,370,370,60
731,592,-177.308019,338,370,370,60
733,581,-175.334749,350,370,370,60
735,574,-175.416776,358,370,370,60
737,567,-173.732182,370,370,370,60
740,556,-174.085635,370,370,370,60
743,549,-173.114864,370,370,370,60
747,539,-171.368129,370,370,370,60
750,532,-169.608856,370,370,370,60
754,525,-169.861490,370,370,370,60
757,519,-169.940862,370,370,370,60
762,509,-167.267637,370,370,370,60
766,502,-166.986057,370,370,370,60
770,495,-165.858890,370,321,370,60
776,486,-163.673415,370,267,370,60
780,480,-162.618144,370,242,370,60
785,474,-160.799257,370,186,370,60
792,465,-159.436085,370,155,370,60
795,461,-161.621879,370,160,370,60
799,455,-165.430254,370,151,370,60
800,451,-165.483650,370,191,370,60
802,447,-164.180168,370,167,370,60
804,441,-168.098460,370,222,76,60
804,437,-169.492494,370,205,72,60
805,433,-171.262829,370,303,58,60
805,426,-171.251110,370,314,71,60
805,418,171.604858,282,370,310,60
803,407,172.831894,370,296,75,60
802,397,168.713618,351,288,106,60
800,387,169.336367,351,277,109,60
797,375,175.182250,340,271,120,60
794,369,166.739246,333,262,130,60
792,364,172.654710,355,252,111,60
789,356,163.161221,345,248,121,60
786,352,168.710482,330,243,137,60
783,347,166.400683,319,239,152,60
778,340,163.758120,307,236,169,60
774,335,159.198264,298,234,189,60
771,331,152.083173,265,247,230,60
765,326,144.060952,252,259,223,60
757,321,139.988074,240,270,214,60
752,317,137.070197,230,287,212,60
746,314,133.958881,220,299,207,60
737,309,131.721950,214,293,204,60
730,305,130.478580,206,274,202,60
724,302,128.911162,197,253,199,60
715,298,124.157748,192,236,197,60
709,295,121.297606,188,214,200,60
703,293,118.333058,179,196,202,60
693,289,114.036267,175,182,203,60
687,287,109.505709,171,164,212,60
677,285,105.802284,166,154,219,60
670,284,102.192985,164,144,226,60
663,283,98.294333,161,131,216,60
653,282,97.722848,152,123,203,60
646,281,97.177936,145,116,189,60
638,281,91.974738,142,108,166,60
628,280,91.657931,137,97,137,60
622,281,88.013271,131,91,125,60
612,281,85.438374,127,81,106,60
605,281,80.905916,117,75,97,60
599,282,79.223533,116,67,79,60
590,283,75.028287,120,62,69,60
585,284,72.160771,113,55,59,60
580,286,65.537946,137,53,52,60
573,288,56.239299,192,53,47,60
571,291,42.132761,370,64,47,60
570,293,25.526390,370,97,52,60
570,294,14.970980,370,219,66,60
571,295,5.616555,370,370,82,60
571,296,0.492442,370,370,93,60
572,297,-1.659301,370,370,97,60
574,301,-4.598823,370,370,106,60
576,304,-7.925825,370,370,124,60
578,308,-8.943428,370,370,133,60
582,313,-19.306927,370,370,175,60
586,316,-23.595884,370,370,230,60
589,319,-28.075081,370,370,327,60
596,324,-32.060994,370,370,370,60
601,328,-35.356721,370,370,370,60
609,334,-36.980392,370,370,370,60
615,338,-38.280583,370,359,370,60
621,342,-38.594674,370,347,370,60
631,349,-38.010041,370,337,370,60
637,353,-36.953186,370,334,370,60
645,360,-35.203935,370,338,370,60
651,365,-33.202479,370,341,370,60
656,370,-30.657901,370,360,370,60
664,378,-26.731385,370,370,370,60
669,383,-24.292558,370,370,370,60
677,392,-22.110754,370,370,370,60
682,397,-19.615345,370,370,370,60
689,406,-18.493298,370,370,370,60
693,413,-17.937794,370,370,370,60
700,422,-17.356022,370,370,370,60
705,428,-17.066318,370,370,370,60
711,437,-17.500824,370,370,370,60
716,443,-16.998972,370,370,370,60
720,449,-15.984105,370,370,370,60
725,459,-13.443026,370,370,370,60
729,465,-12.646229,370,370,370,60
733,472,-10.844790,370,370,370,60
736,478,-8.678165,180,370,370,60
739,485,-7.137033,162,362,370,60
743,495,-5.302052,147,354,370,60
746,506,-3.846305,142,343,370,60
748,513,-3.544427,142,335,369,60
750,520,-3.294415,140,325,370,60
753,531,-3.764743,135,317,370,60
757,543,-3.239741,131,306,370,60
759,551,-2.813994,130,298,370,60
760,558,-2.337898,128,286,370,60
762,566,-1.797776,127,278,370,60
764,578,-1.524933,125,269,368,60
766,587,-1.222090,124,262,360,60
767,594,-1.002098,123,254,351,60
769,606,-0.509658,121,242,337,60
769,614,-0.161207,123,230,323,60
770,623,-0.132094,121,221,310,60
770,635,-0.118050,121,213,300,60
771,643,-0.158509,121,205,289,60
771,651,-0.114175,120,193,272,60
772,662,-0.430944,117,186,261,60
773,670,-0.284508,117,178,250,60
773,678,-0.336399,116,166,233,60
774,689,-0.361240,114,158,221,60
776,700,-0.456479,113,147,206,60
776,707,-0.863746,111,140,195,60
777,713,-1.064895,109,134,186,60
778,720,-1.466400,106,124,171,60
781,729,-2.322738,102,118,161,60
783,736,-2.088382,99,112,152,60
784,742,-2.543593,96,102,138,60
787,751,-3.340834,90,93,124,60
789,756,-4.853133,85,88,116,60
792,764,-6.658136,79,83,104,60
795,769,-10.017135,71,79,97,60
798,773,-12.387070,62,73,85,60
802,779,-19.443105,52,72,78,60
805,781,-26.620128,39,74,69,60
808,784,-33.030760,32,59,66,60
811,786,-38.711576,27,42,65,60
815,787,-48.548959,18,25,68,60
818,787,-69.078076,11,11,25,60
819,786,-100.210111,10,7,10,60
819,784,-121.552857,21,10,10,60
819,783,-142.188602,370,29,18,60
819,781,-161.816290,370,59,25,60
819,781,-172.735490,370,370,41,60
817,781,-179.168835,370,370,47,60
816,782,142.227266,370,370,48,60
815,782,173.516611,370,370,72,60
812,768,171.143507,370,370,79,60
809,759,171.471985,370,370,80,60
804,743,170.771671,357,370,100,60
801,735,168.669431,350,370,109,60
798,731,165.464260,340,370,370,60
795,727,162.755319,319,370,370,60
791,723,157.525628,298,370,370,60
786,718,151.074579,283,370,337,60
781,714,147.439028,268,370,370,60
773,707,143.998054,257,370,370,60
767,702,144.027745,248,370,370,60
761,696,146.886086,245,370,370,60
755,691,145.422941,237,370,370,60
746,683,146.454538,233,370,370,60
740,677,149.802712,230,370,370,60
732,668,151.585440,221,370,370,60
726,663,150.124673,220,370,370,60
720,657,151.942253,210,370,370,60
715,651,155.379025,212,370,370,60
707,641,154.628307,207,370,370,60
701,634,150.592096,197,370,370,60
697,629,153.078932,189,370,370,60
689,620,153.690856,182,370,370,60
684,614,154.009018,176,370,370,60
676,604,158.470863,172,370,370,60
669,594,160.480417,166,370,370,60
664,588,160.752488,162,370,370,60
659,581,157.751037,154,359,370,60
655,574,158.995085,152,370,370,60
648,564,160.350077,151,370,370,60
643,557,161.509257,148,370,370,60
639,550,160.699893,138,370,370,60
634,540,161.909856,137,370,370,60
630,532,159.475836,128,332,370,60
626,526,162.663477,127,370,370,60
622,519,162.421399,123,361,370,60
618,512,162.145480,117,341,370,60
612,500,164.647833,114,370,370,60
606,489,163.124344,107,322,370,60
603,482,163.898632,103,325,370,60
599,474,162.956012,97,292,370,60
596,466,164.512134,96,313,370,60
591,455,165.296401,92,294,370,60
588,447,165.104492,92,335,370,60
585,440,164.964701,85,283,370,60
580,431,164.211161,79,243,364,60
578,428,161.203214,72,201,350,60
575,425,158.377125,65,163,340,60
571,421,148.472356,54,94,317,60
567,417,140.515123,48,78,313,60
563,413,147.355517,44,78,309,60
557,406,154.376939,42,85,309,60
555,402,160.871403,45,110,316,60
555,399,165.433431,51,170,330,60
555,396,171.950088,66,283,370,60
556,393,-176.447988,82,280,370,60
557,392,-175.753624,85,278,370,60
561,383,-167.910633,93,274,370,60
564,375,-173.872617,100,262,369,60
565,370,-172.276571,109,258,358,60
567,363,-167.628556,114,254,351,60
567,359,-173.024977,111,249,357,60
567,354,-175.285002,109,244,360,60
566,348,170.521082,65,232,275,60
565,344,168.819814,66,234,276,60
562,337,165.246259,65,229,274,60
557,327,164.605727,52,166,244,60
555,321,167.238013,52,197,244,60
552,309,168.602762,51,192,235,60
551,303,175.757348,56,192,245,60
551,294,167.588262,48,184,213,60
551,284,-175.895248,85,171,281,60
553,275,-178.939315,72,160,233,60
555,267,-167.812620,78,155,233,60
557,261,-170.902294,97,148,248,60
561,249,-174.329814,94,135,212,60
565,238,-172.468671,100,128,200,60
567,231,-169.416706,123,119,207,60
570,221,-174.864337,125,114,224,60
571,214,-175.423793,107,99,152,60
572,208,-165.647788,110,97,179,60
573,198,-168.453964,106,88,147,60
573,192,-173.074950,97,82,140,60
573,183,-164.857234,78,90,272,60
573,177,168.515402,47,58,78,60
572,171,164.532178,69,59,66,60
572,165,164.617857,69,53,59,60
570,156,161.770777,63,48,51,60
569,151,160.389903,62,42,44,60
567,149,156.713926,55,40,39,60
567,149,154.206524,54,41,39,60
566,150,140.850038,49,45,41,60
566,152,125.456039,38,47,49,60
567,153,102.409354,38,38,62,60
567,155,81.238977,49,33,45,60
567,156,56.851280,161,44,38,60
568,157,34.164394,370,76,47,60
568,158,17.362849,370,174,61,60
569,160,5.054668,370,370,75,60
570,160,0.282731,370,370,92,60
571,160,-1.585829,370,370,94,60
572,164,-3.032061,370,370,99,60
574,168,-5.869753,370,370,116,60
576,171,-9.604779,370,370,131,60
580,176,-13.827574,314,370,159,60
584,181,-18.645579,295,370,193,60
585,182,-20.719355,285,370,221,60
595,191,-30.810983,258,370,370,60
600,194,-35.384022,251,370,370,60
605,197,-42.054975,231,370,370,60
614,202,-48.216274,223,370,370,60
620,205,-50.253649,213,370,370,60
630,210,-50.572069,206,370,370,60
637,213,-49.260758,199,370,370,60
645,217,-48.754862,189,370,370,60
655,223,-47.993625,182,370,370,60
663,227,-46.999840,175,370,370,60
674,234,-44.824618,165,370,370,60
680,238,-43.759690,155,370,370,60
687,242,-42.890160,148,370,370,60
694,246,-41.560861,142,370,370,60
705,253,-39.801148,135,370,370,60
715,260,-39.919343,125,370,370,60
722,264,-39.561371,116,370,370,60
728,269,-39.618467,109,370,370,60
738,276,-37.964876,103,370,370,60
744,280,-36.590610,97,370,370,60
754,288,-35.126957,90,370,370,60
760,293,-33.972994,80,370,370,60
766,298,-32.856832,75,370,370,60
775,306,-32.110530,69,370,370,60
782,311,-31.079496,63,370,370,60
791,319,-30.336571,55,370,370,60
801,328,-28.712012,48,370,370,60
815,341,-29.200852,32,370,370,60
825,351,-28.651793,370,370,370,60
834,359,-28.384900,370,370,370,60
848,373,-27.286687,370,370,370,60
856,381,-27.071350,370,370,370,60
866,391,-24.841743,370,370,370,60
872,397,-23.839060,370,370,370,60
878,404,-21.921328,370,370,370,60
886,413,-20.903855,370,370,370,60
891,420,-20.989139,370,370,370,60
899,429,-20.785824,370,370,370,60
906,438,-21.220757,370,370,370,60
911,444,-20.012859,370,370,370,60
918,453,-17.262810,370,370,370,60
922,460,-16.426972,370,370,147,60
927,467,-15.352709,370,370,137,60
934,477,-14.389413,370,370,130,60
937,484,-11.706426,370,370,121,60
937,483,-11.440676,370,368,121,60
937,483,-11.444318,370,369,123,60
937,483,-11.325509,370,369,123,60
937,483,-11.568276,370,369,123,60
937,483,-11.522135,370,369,123,60
937,483,-11.423987,370,369,123,60
937,483,-11.304716,370,369,123,60
937,483,-11.337141,370,369,123,60
937,483,-11.343682,370,369,123,60
937,483,-11.333010,370,369,123,60
937,483,-11.419186,370,369,123,60
937,483,-11.291791,370,369,123,60
937,483,-11.094240,370,369,123,60
937,483,-11.472729,370,369,123,60
937,483,-11.308504,370,369,123,60
937,483,-11.228400,370,368,121,60
937,483,-11.447547,370,369,123,60
937,483,-11.341842,370,369,123,60
937,483,-11.496155,370,369,123,60
937,483,-11.475110,370,369,123,60
937,483,-11.332306,370,369,123,60
937,483,-11.313646,370,369,123,60
937,483,-11.443891,370,369,123,60
937,483,-11.374675,370,369,123,60
937,483,-11.491022,370,369,123,60
937,483,-11.357119,370,369,123,60
937,483,-11.243011,370,369,123,60
937,483,-11.579042,370,369,123,60
937,483,-11.460606,370,369,123,60
937,483,-11.322051,370,369,123,60
937,483,-11.462189,370,369,123,60
937,483,-11.434121,370,369,123,60
937,483,-11.365380,370,369,123,60
937,483,-11.401133,370,369,123,60
937,483,-11.612028,370,369,123,60
937,483,-11.322634,370,369,123,60
937,483,-11.569965,370,369,123,60
937,483,-11.241289,370,369,123,60
937,483,-11.284482,370,369,123,60
937,483,-11.206520,370,369,123,60
937,483,-11.325771,370,369,123,60
937,483,-11.465435,370,369,123,60
937,483,-11.386886,370,369,123,60
937,483,-11.446008,370,369,123,60
937,483,-11.529361,370,369,123,60
937,483,-11.430748,370,368,124,60
937,483,-11.459310,370,369,123,60
937,483,-11.210632,370,369,123,60
937,483,-11.283021,370,369,123,60
937,483,-11.338920,370,369,123,60
937,483,-11.345513,370,369,123,60
937,483,-11.472587,370,369,123,60
937,483,-11.367081,370,369,123,60
937,483,-11.264858,370,369,123,60
937,484,-11.393391,370,369,123,60
937,483,-11.657428,370,369,123,60
937,483,-11.283599,370,369,123,60
937,483,-11.334650,370,369,123,60
937,483,-11.390428,370,369,123,60
937,483,-11.328732,370,369,123,60
937,483,-11.563513,370,369,123,60
937,483,-11.473789,370,369,123,60
937,483,-11.475087,370,369,123,60
937,483,-11.392666,370,369,123,60
937,483,-11.487052,370,369,123,60
937,483,-11.116573,370,369,123,60
937,483,-11.342602,370,369,123,60
937,483,-11.266503,370,369,123,60
937,483,-11.338808,370,369,123,60
937,483,-11.446275,370,369,123,60
937,483,-11.081638,370,368,123,60
937,483,-11.484832,370,369,123,60
937,483,-11.434868,370,369,123,60
937,483,-11.473720,370,369,123,60
937,483,-11.589015,370,369,123,60
937,483,-11.442017,370,369,123,60
937,483,-11.531746,370,369,123,60
