639,786,-178.000717,212,370,370,60
640,783,-179.192359,206,370,370,60
641,769,-177.915918,217,370,370,60
642,746,-173.841880,204,370,370,60
644,729,-179.048261,203,370,370,60
646,702,-174.320927,221,370,370,60
648,684,-173.773277,231,370,370,60
652,656,-174.128487,248,370,370,60
655,637,-176.345232,238,370,370,60
658,618,-173.077177,254,370,370,60
663,590,-175.196294,265,370,370,60
669,563,-172.299329,271,370,276,60
673,545,-169.125869,271,370,243,60
677,526,-173.485620,282,370,224,60
684,498,-173.457651,285,370,220,60
689,480,-170.857768,321,370,200,60
694,462,-173.866356,309,349,203,60
702,435,-171.189470,370,340,175,60
711,408,-174.451994,330,295,183,60
716,390,-172.632512,345,278,171,60
725,364,-163.481321,303,266,149,60
734,341,-161.572112,293,235,152,60
740,326,-173.226752,265,213,141,60
751,299,-167.900307,217,200,113,60
756,285,-169.401272,196,191,100,60
765,267,-161.657893,183,164,100,60
770,256,-170.086144,162,157,87,60
775,246,-162.823224,151,138,82,60
781,234,-169.699131,141,128,79,60
784,226,-167.454182,133,121,75,60
788,220,-171.841337,124,114,69,60
790,213,-170.183341,120,100,73,60
794,203,-174.966484,117,92,78,60
796,196,-174.996724,103,86,68,60
798,191,-173.434893,100,79,72,60
800,187,-172.026480,90,73,65,60
803,179,-164.934814,78,69,54,60
803,177,-166.785208,73,66,52,60
802,176,-178.604464,83,61,72,60
801,176,167.190005,127,65,71,60
800,177,160.698243,127,65,72,60
799,178,153.643698,152,68,71,60
799,178,140.578562,278,89,71,60
797,179,114.972830,274,133,78,60
797,180,96.675226,302,274,99,60
797,181,75.302235,370,264,151,60
797,182,54.688986,370,321,274,60
789,186,45.276726,370,351,266,60
784,190,45.866093,370,360,258,60
775,195,48.937750,370,344,251,60
770,196,58.458560,370,313,245,60
764,197,69.595724,370,255,251,60
761,197,78.780044,370,235,228,60
758,197,89.431517,324,224,164,60
752,196,101.920691,278,222,137,60
748,195,111.022796,248,226,117,60
745,193,120.981890,221,182,96,60
738,189,127.070623,214,151,90,60
732,187,128.009926,206,135,85,60
726,183,129.504282,199,124,79,60
716,178,127.547793,193,127,78,60
709,175,126.205567,186,124,75,60
700,171,123.897662,176,124,72,60
694,169,120.386937,169,135,71,60
687,166,120.447769,162,129,68,60
676,162,115.494721,157,142,69,60
666,159,114.208745,147,143,66,60
658,157,112.251409,137,137,65,60
651,155,109.709023,131,126,66,60
639,152,109.097891,123,117,65,60
628,150,106.107148,116,102,68,60
620,148,104.971127,100,90,63,60
609,146,102.236611,93,82,65,60
599,145,106.032182,82,70,65,60
594,143,115.794166,66,69,48,60
591,141,121.421421,63,72,42,60
587,138,131.651453,61,50,34,60
582,134,145.302634,61,34,27,60
580,131,149.317609,62,23,21,60
580,129,161.876978,34,16,17,60
580,128,169.891671,24,14,17,60
581,127,-176.370021,18,21,97,60
583,127,-172.912077,16,12,18,60
584,127,-165.725624,16,13,21,60
586,127,-148.009028,16,16,39,60
588,127,-129.689074,23,33,245,60
589,128,-108.416468,37,97,264,60
592,130,-77.491867,63,235,370,60
593,132,-57.261190,157,258,370,60
594,133,-38.798950,244,370,370,60
594,136,-19.138721,265,370,298,60
597,141,-11.692162,300,370,182,60
598,145,-7.832697,317,370,162,60
599,151,-2.655220,370,370,147,60
599,154,-0.777741,370,370,138,60
599,161,-0.020271,370,370,134,60
598,166,0.136319,370,370,133,60
598,173,0.322878,370,370,131,60
597,181,0.642989,370,370,130,60
596,192,1.028794,370,370,128,60
595,201,0.805198,370,370,125,60
594,209,1.209774,370,370,124,60
592,221,1.699511,370,370,120,60
590,229,1.629337,370,370,116,60
588,241,1.646186,370,370,114,60
586,250,3.478585,370,370,110,60
585,258,2.975151,370,370,107,60
583,266,2.659420,370,370,104,60
581,278,1.196493,370,370,106,60
579,285,1.504116,370,370,102,60
578,296,1.312610,370,370,102,60
577,300,1.189582,370,370,100,60
576,311,1.052956,370,370,100,60
575,318,1.302270,370,370,97,60
574,326,1.287782,370,370,96,60
573,336,0.619354,370,370,96,60
572,344,0.301744,370,370,94,60
571,354,0.170934,370,370,93,60
571,361,0.451389,370,370,93,60
570,372,0.129448,370,370,94,60
570,379,0.188380,370,370,92,60
570,386,0.004105,370,370,93,60
571,397,-0.092320,370,370,93,60
571,404,-0.185175,370,370,94,60
571,411,-0.204837,370,370,94,60
573,421,-0.743195,370,370,97,60
574,427,-0.603689,370,370,99,60
575,437,-0.691651,370,370,103,60
576,444,-0.841402,370,370,104,60
578,454,-0.885296,370,370,104,60
579,461,-1.100286,370,370,109,60
581,468,-1.137900,370,370,111,60
582,475,-1.301628,370,369,114,60
586,489,-2.460667,367,358,120,60
588,496,-1.913943,362,351,124,60
590,504,-2.711645,360,344,127,60
592,511,-2.319467,357,333,131,60
594,519,-1.889906,357,325,133,60
597,531,-2.242887,351,317,137,60
600,543,-3.032247,343,305,144,60
602,550,-2.716516,345,298,144,60
603,558,-2.266205,343,290,145,60
606,570,-1.915823,344,278,147,60
607,578,-1.512761,341,266,151,60
609,590,-0.716521,341,258,152,60
610,598,-1.042965,340,246,152,60
611,606,-0.326481,337,238,152,60
612,618,-0.048230,324,230,152,60
612,625,-0.000968,309,219,152,60
612,637,-0.002070,298,211,152,60
612,645,-0.002596,286,203,152,60
613,652,-0.002896,276,196,152,60
612,663,0.008263,259,184,154,60
612,671,0.012647,250,177,152,60
611,678,0.590057,231,166,149,60
609,689,0.945608,220,159,147,60
608,696,1.653788,210,152,144,60
605,707,2.287914,193,141,138,60
603,714,2.300734,179,133,133,60
600,725,3.251870,165,122,131,60
598,733,3.119725,155,115,125,60
596,741,3.653055,141,107,118,60
593,749,3.749738,125,95,116,60
589,760,3.490634,117,88,113,60
587,768,4.185404,104,80,107,60
583,779,2.654269,92,68,102,60
581,787,2.598701,78,57,85,60
579,794,3.708402,66,50,75,60
575,805,3.734982,56,43,65,60
573,811,3.219762,48,36,55,60
571,818,2.687549,35,26,38,60
570,824,2.459482,27,20,30,60
571,825,0.023770,27,19,27,60
572,824,-1.858079,30,20,27,60
573,822,-12.302542,37,22,27,60
573,821,-22.085161,56,26,27,60
572,819,-37.398989,121,33,30,60
572,818,-59.804308,262,60,38,60
571,817,-77.437952,300,215,59,60
571,815,-98.262372,370,257,103,60
571,814,-120.144575,370,296,268,60
571,812,-143.634703,370,370,266,60
576,808,-150.301519,370,370,274,60
582,802,-152.337325,282,370,276,60
585,799,-148.086229,341,370,266,60
590,797,-130.680003,370,370,248,60
594,796,-126.254034,370,370,241,60
597,795,-114.948599,370,257,245,60
603,795,-100.403242,370,234,173,60
607,795,-90.045107,370,222,124,60
611,796,-78.069036,258,220,86,60
616,798,-61.250321,231,179,72,60
622,800,-56.577919,217,113,61,60
628,803,-50.410429,209,88,55,60
641,808,-49.997287,196,73,48,60
649,811,-51.722146,185,71,45,60
659,816,-55.522079,178,74,44,60
664,817,-63.657746,172,73,41,60
666,816,-82.531663,192,164,62,60
668,815,-97.824027,370,159,102,60
669,814,-125.757035,370,180,169,60
670,812,-134.281949,370,222,165,60
675,808,-141.990791,370,370,164,60
682,802,-149.011102,370,370,164,60
687,797,-149.488607,370,370,158,60
695,790,-148.409797,370,370,151,60
701,786,-145.413683,370,370,145,60
709,779,-139.293476,370,370,134,60
715,775,-138.256949,370,370,125,60
722,771,-135.400644,370,161,113,60
732,766,-131.475966,370,144,106,60
739,762,-132.621642,370,129,94,60
750,756,-132.198426,370,114,87,60
756,752,-130.326650,370,108,80,60
764,748,-129.934016,370,90,69,60
773,742,-133.676193,370,86,63,60
779,739,-136.716400,370,82,56,60
785,735,-138.508776,370,77,51,60
787,732,-154.320345,370,103,55,60
787,729,-172.690297,370,336,75,60
786,729,-177.373063,370,370,92,60
785,729,173.225386,264,370,370,60
784,729,172.371278,348,370,370,60
781,723,167.137589,321,370,370,60
779,718,169.253975,324,370,370,60
777,711,174.577984,336,370,370,60
777,708,176.299717,351,370,370,60
777,702,-143.128601,364,370,370,60
777,699,-177.797102,370,370,370,60
779,695,-177.362570,370,370,370,60
781,690,-173.807296,370,370,370,60
783,687,-169.955390,370,370,370,60
787,682,-161.991202,370,292,72,60
790,679,-155.487137,370,370,62,60
793,677,-146.021205,370,370,54,60
803,669,-144.015254,370,370,39,60
810,664,-143.039260,370,370,32,60
820,656,-143.562647,370,370,18,60
828,650,-147.236260,370,370,13,60
841,638,-145.241335,370,370,4,60
847,631,-155.846237,370,370,370,60
854,623,-155.927295,370,370,370,60
861,612,-160.664736,370,370,370,60
864,607,-167.292166,370,370,370,60
867,603,-163.867199,370,370,370,60
870,600,-158.101526,370,370,370,60
875,597,-147.256037,370,370,370,60
878,595,-139.278234,202,370,370,60
882,593,-130.075537,370,370,370,60
888,592,-115.964326,370,370,370,60
892,592,-105.546638,370,370,370,60
896,592,-93.236287,370,370,370,60
911,596,-54.225196,368,370,268,60
913,598,-46.039069,358,370,255,60
917,601,-36.534790,360,326,251,60
919,604,-30.408737,367,296,214,60
922,608,-21.667576,370,265,121,60
925,612,-14.502694,370,241,83,60
926,616,-9.577057,370,232,69,60
928,621,-4.907299,357,226,62,60
929,627,-4.161591,337,221,61,60
932,636,-4.154845,326,215,65,60
937,649,-4.721819,309,201,72,60
940,658,-4.925687,295,191,76,60
943,666,-5.719841,285,183,85,60
947,675,-6.450240,271,170,94,60
950,683,-7.981054,266,163,104,60
955,692,-11.081563,269,158,118,60
959,698,-13.597016,276,153,134,60
962,703,-15.341396,285,149,154,60
969,712,-16.862364,283,142,155,60
973,718,-16.841719,269,133,144,60
980,728,-15.765389,251,125,137,60
984,735,-14.345904,224,117,131,60
988,741,-13.105069,204,110,125,60
994,752,-11.364542,175,99,116,60
998,759,-11.254252,161,91,107,60
1002,766,-10.812420,148,84,99,60
1008,777,-10.455329,124,73,87,60
1011,784,-10.532534,111,64,78,60
1015,791,-11.449053,96,55,65,60
1021,800,-12.692946,86,49,56,60
1024,806,-15.036736,80,43,49,60
1027,810,-18.993042,80,38,39,60
1030,811,-34.468702,127,42,38,60
1031,811,-50.443936,243,55,41,60
1032,810,-69.385686,244,98,51,60
1032,809,-88.682390,314,232,86,60
1032,808,-112.686302,370,240,142,60
1032,807,-129.783384,370,279,243,60
1032,806,-142.279882,370,370,245,60
1037,801,-146.758893,370,370,250,60
1045,795,-144.020701,370,370,238,60
1049,792,-140.273754,370,363,228,60
1052,790,-130.969700,370,293,220,60
1058,788,-120.025879,370,261,216,60
1062,788,-109.757295,370,217,224,60
1065,787,-97.523281,331,201,152,60
1071,788,-83.275116,266,195,117,60
1075,789,-72.318124,214,199,86,60
1078,791,-63.102188,199,156,73,60
1087,794,-56.867992,190,126,68,60
1093,797,-56.172437,182,114,63,60
1101,800,-55.144218,175,105,61,60
1108,803,-56.584816,164,98,55,60
1120,807,-56.184439,155,92,52,60
1124,808,-63.498241,149,96,52,60
1126,808,-79.195633,166,141,72,60
1126,807,-100.361400,235,140,121,60
1125,806,-121.293776,365,152,151,60
1125,805,-132.077953,370,196,147,60
1128,803,-138.275752,370,205,147,60
1137,797,-139.885347,370,219,141,60
1144,793,-137.978685,370,192,130,60
1150,789,-137.264761,370,181,124,60
1157,785,-133.625257,370,159,116,60
1167,778,-136.040615,370,155,110,60
1174,774,-134.162391,370,148,103,60
1180,770,-136.068163,370,133,93,60
1190,764,-135.893505,370,124,86,60
1197,760,-134.774613,370,113,79,60
1204,756,-137.420025,370,103,69,60
1213,751,-139.060301,370,92,63,60
1218,746,-139.701452,370,89,59,60
1225,742,-139.428868,370,76,49,60
1231,737,-147.709388,370,77,47,60
1231,736,-155.519589,370,108,52,60
1230,735,-167.628509,370,258,68,60
1229,735,-172.134943,370,370,76,60
1228,734,139.109163,370,370,87,60
1227,734,173.036030,370,370,111,60
1225,728,172.277411,370,370,113,60
1221,720,170.325638,370,370,133,60
1218,714,163.044066,370,370,137,60
1215,708,170.426898,370,370,140,60
1212,701,170.247884,370,370,145,60
1208,694,170.919118,370,370,154,60
1203,683,171.390715,370,370,171,60
1200,676,172.147507,370,370,168,60
1196,668,172.513073,370,370,169,60
1192,657,168.502359,370,370,171,60
1189,650,173.120811,370,370,175,60
1186,640,173.489285,370,370,190,60
1184,634,175.413196,370,370,173,60
1182,624,177.086465,370,370,171,60
1181,617,178.265983,370,370,168,60
1180,611,178.838061,370,370,165,60
1180,604,179.433019,370,370,164,60
1180,594,-171.592860,370,139,93,60
1181,588,-178.948643,370,370,155,60
1182,581,-175.494609,370,370,142,60
1184,570,-172.214329,370,370,134,60
1185,563,-170.039091,370,370,124,60
1187,556,-169.219608,370,370,120,60
1189,545,-169.208078,370,370,134,60
1191,537,-175.044316,370,370,128,60
1193,525,-168.620587,370,370,117,60
1195,517,-166.139461,370,370,107,60
1198,505,-165.105363,370,370,110,60
1200,497,-167.199377,370,370,109,60
1202,489,-166.055143,370,347,99,60
1204,481,-168.121084,370,370,100,60
1207,470,-166.670639,370,368,97,60
1209,463,-165.586572,370,361,94,60
1212,452,-170.006948,370,346,94,60
1214,445,-167.823923,370,340,90,60
1215,437,-166.788385,370,327,86,60
1218,426,-171.689297,370,303,82,60
1219,419,-167.151265,370,314,85,60
1219,412,-168.037195,355,302,80,60
1220,402,133.425197,370,291,94,60
1220,395,-144.109278,369,294,164,60
1220,384,163.736085,310,367,281,60
1220,378,170.056430,370,268,138,60
1219,371,165.082291,370,265,162,60
1219,361,-143.697984,370,251,130,60
1220,356,-173.452125,279,250,78,60
1221,350,-170.295501,288,239,83,60
1223,339,-167.505174,272,234,79,60
1225,332,-169.994928,259,226,75,60
1226,324,-166.766846,247,216,72,60
1228,317,-172.335968,255,204,79,60
1229,310,-166.508369,230,201,68,60
1230,301,-169.338306,227,189,72,60
1232,287,-178.151983,245,177,87,60
1232,277,-178.700644,227,167,83,60
1232,264,165.046382,320,219,161,60
1232,256,179.155546,206,145,89,60
1232,249,179.180079,195,134,92,60
1231,242,169.585651,219,129,117,60
1230,235,169.403399,209,122,120,60
1229,224,178.319365,168,113,97,60
1228,217,179.237911,149,105,93,60
1227,205,178.092366,134,94,94,60
1226,197,177.804183,123,86,96,60
1225,189,178.147254,107,74,102,60
1224,177,171.121733,97,66,90,60
1222,170,178.333048,87,59,79,60
1221,162,176.299641,71,47,62,60
1219,152,175.637678,61,40,54,60
1217,145,174.701409,51,33,44,60
1213,137,172.417573,37,23,30,60
1212,135,166.148046,37,21,25,60
1210,135,138.909408,68,25,24,60
1209,136,131.250637,300,35,27,60
1208,137,111.013274,313,108,44,60
1208,138,86.519513,370,287,79,60
1208,140,59.117446,370,313,168,60
1208,140,43.909948,370,370,295,60
1210,141,25.258293,365,370,314,60
1207,143,23.856970,258,370,329,60
1203,148,24.017778,264,370,326,60
1200,151,30.475856,370,370,303,60
1197,153,39.162662,370,370,289,60
1193,155,48.553965,370,370,279,60
1189,156,56.248162,370,370,278,60
1185,157,69.227677,370,308,279,60
1181,157,77.420599,370,273,162,60
1178,157,82.932882,370,259,124,60
1172,156,98.284860,333,254,90,60
1169,155,107.605463,281,206,69,60
1161,153,113.666563,265,151,62,60
1154,151,115.166311,251,127,56,60
1145,149,115.536072,240,118,54,60
1132,146,112.564515,237,137,55,60
1124,144,104.977403,227,131,54,60
1113,141,110.406030,213,129,49,60
1105,140,107.357343,209,150,52,60
1098,138,105.423576,203,164,51,60
1087,137,102.140673,197,172,51,60
1080,136,98.868560,199,165,58,60
1068,136,94.450645,199,152,65,60
1056,136,86.016247,199,139,73,60
1047,136,87.414428,186,126,78,60
1035,137,81.670865,195,119,92,60
1027,138,81.239459,185,112,96,60
1019,139,77.841759,179,101,109,60
1013,140,76.777931,175,95,109,60
1003,142,72.527133,185,90,97,60
996,144,69.759343,173,83,89,60
985,147,70.952459,158,74,78,60
977,149,70.011922,158,67,68,60
966,152,67.782407,147,57,55,60
955,156,62.267465,135,46,44,60
950,158,55.510703,147,41,37,60
947,160,44.145249,370,44,34,60
947,162,29.477547,370,81,42,60
947,163,14.725489,370,179,55,60
948,165,2.587284,370,370,71,60
949,166,0.029275,370,370,79,60
951,167,-4.118916,370,370,90,60
954,175,-5.486751,370,370,99,60
958,184,-7.032270,370,370,109,60
961,191,-8.620350,370,370,125,60
966,201,-11.257142,370,370,138,60
970,207,-13.124686,370,370,154,60
974,213,-15.044308,360,370,370,60
980,222,-17.019314,350,370,370,60
985,229,-16.589751,343,370,370,60
989,237,-14.174076,341,370,370,60
992,244,-5.240902,370,370,370,60
993,248,-2.090016,370,370,370,60
993,252,-0.351125,370,370,370,60
992,258,0.465462,370,370,370,60
990,262,2.702431,370,370,370,60
989,266,6.170016,370,370,121,60
987,269,11.172858,370,370,109,60
983,273,17.495287,370,328,96,60
981,275,25.032849,370,370,86,60
975,281,27.788706,370,370,76,60
970,286,27.184474,370,370,71,60
965,290,26.437556,370,370,69,60
958,298,24.898292,370,370,61,60
949,307,26.326623,370,370,47,60
941,315,25.288553,370,370,39,60
927,329,23.342819,370,370,31,60
921,337,23.491710,370,370,24,60
908,352,21.352864,370,370,370,60
902,359,18.616257,370,370,370,60
892,374,16.231067,370,370,370,60
887,381,14.143323,370,370,370,60
885,385,18.594089,370,370,370,60
882,387,23.987550,370,370,370,60
877,390,35.953294,370,370,365,60
873,391,46.137712,370,370,347,60
868,393,62.495580,370,370,347,60
864,393,72.585314,370,348,370,60
858,393,92.132042,370,327,370,60
854,392,101.826477,370,325,370,60
850,391,111.407034,370,327,353,60
846,388,125.642760,321,370,289,60
843,386,134.085167,317,370,279,60
838,382,143.341085,323,335,195,60
836,379,151.172300,337,299,100,60
834,374,158.252799,340,289,93,60
833,371,164.441226,360,271,69,60
832,367,166.982101,370,259,58,60
831,363,170.239856,370,252,52,60
828,350,166.890771,370,247,65,60
825,340,166.715763,370,237,69,60
822,329,166.960823,365,227,76,60
819,320,165.376125,357,213,87,60
815,310,162.173525,340,206,107,60
810,298,165.723680,354,193,96,60
807,291,168.486794,296,181,85,60
804,284,165.043218,316,188,154,60
798,274,161.892396,307,168,117,60
795,268,165.371772,317,166,151,60
791,262,162.647207,305,157,142,60
785,253,163.239223,307,149,159,60
780,247,156.006004,283,146,144,60
774,237,164.831673,282,137,138,60
770,230,160.894870,230,123,138,60
766,223,160.051653,258,117,121,60
761,212,160.608986,265,113,111,60
757,205,169.022407,235,103,104,60
752,196,153.009047,186,89,94,60
748,186,161.274925,171,81,86,60
743,175,159.730779,127,67,76,60
740,168,168.942803,128,61,65,60
736,161,168.378047,92,51,59,60
733,155,166.009773,78,43,49,60
729,149,161.265694,80,38,39,60
727,147,150.560403,106,39,37,60
725,147,135.092823,204,49,39,60
724,148,116.765541,202,105,52,60
723,150,84.432757,247,191,80,60
723,150,64.749595,370,210,204,60
723,151,49.199990,370,255,196,60
724,151,38.417502,370,321,202,60
724,152,31.009153,370,370,210,60
718,157,36.695353,370,370,206,60
714,159,40.335943,370,293,192,60
707,162,51.609037,370,259,183,60
703,164,54.897373,370,222,179,60
699,165,63.225403,370,189,176,60
693,166,69.483137,365,172,180,60
687,166,76.591275,306,162,172,60
682,167,78.495060,275,155,161,60
672,167,86.584720,219,142,131,60
666,166,93.961790,188,135,114,60
659,165,97.789329,166,130,100,60
652,165,101.710081,142,121,89,60
641,162,105.208404,130,115,82,60
633,161,105.011745,116,104,79,60
622,159,104.376330,107,96,78,60
616,158,101.031111,102,88,79,60
609,158,99.333495,96,80,82,60
603,158,93.919537,92,69,93,60
594,158,85.413417,90,63,87,60
588,158,78.647242,106,59,69,60
583,159,72.388945,107,53,56,60
574,162,66.602096,120,49,49,60
569,163,58.785614,158,46,41,60
566,165,38.585109,370,54,41,60
566,167,25.349146,370,103,51,60
567,168,12.366092,370,172,61,60
568,170,0.931494,370,370,83,60
569,171,-0.645696,370,370,90,60
571,172,-6.498622,370,370,109,60
573,176,-11.304072,370,370,124,60
577,181,-14.562697,370,370,148,60
582,188,-17.895170,305,370,175,60
586,194,-19.886648,295,370,195,60
591,199,-21.188100,278,370,240,60
598,207,-23.311914,265,370,285,60
604,213,-24.092470,257,370,321,60
611,221,-24.571844,248,370,351,60
616,227,-21.983985,248,370,317,60
620,234,-14.646158,370,370,278,60
622,238,-10.048102,370,370,226,60
623,242,-5.471717,370,370,192,60
624,248,-1.092564,370,370,176,60
623,252,-0.019398,370,370,169,60
623,256,0.640963,370,370,166,60
621,262,5.074373,370,370,155,60
619,268,6.193272,370,370,144,60
615,279,6.626993,370,370,140,60
612,286,7.629960,370,370,133,60
609,293,5.353076,370,370,133,60
607,300,4.953024,370,370,131,60
603,311,5.581000,370,370,124,60
601,318,4.496746,370,370,124,60
597,329,4.048571,370,370,120,60
595,336,3.207089,370,370,117,60
593,343,4.085061,370,370,117,60
591,353,3.381523,370,370,114,60
589,360,3.056797,370,370,113,60
588,366,1.860629,370,370,113,60
586,377,1.945698,370,370,111,60
585,384,1.565439,370,370,113,60
584,391,1.481727,370,370,109,60
583,401,1.503791,370,370,107,60
582,407,0.500070,370,370,107,60
581,414,0.283985,370,370,109,60
581,424,0.058206,370,370,109,60
581,431,-0.006222,370,370,109,60
581,437,-0.040701,370,370,109,60
582,443,-0.128734,370,370,110,60
582,450,-0.425065,370,370,111,60
584,460,-0.496783,370,370,113,60
585,467,-0.647528,370,370,114,60
586,477,-1.167377,369,370,120,60
588,483,-1.559427,369,364,121,60
589,490,-1.758708,364,354,125,60
591,496,-2.371105,358,348,130,60
594,505,-3.763859,353,342,134,60
596,512,-2.873464,347,337,138,60
599,518,-4.357807,336,327,148,60
601,525,-3.217060,338,320,148,60
605,536,-4.048238,330,313,155,60
607,543,-5.324701,319,302,165,60
610,550,-5.637354,313,296,172,60
615,562,-7.085362,303,288,182,60
618,569,-6.481446,302,281,183,60
621,576,-7.907956,288,275,202,60
626,587,-6.828530,288,262,202,60
629,595,-5.683195,286,255,204,60
631,603,-4.198759,293,242,197,60
634,610,-4.359267,289,235,203,60
635,617,-2.958496,295,227,197,60
638,628,-2.261426,295,216,199,60
640,639,-1.452782,295,209,199,60
642,646,-1.400967,286,198,200,60
643,658,-1.262531,272,190,200,60
645,665,-0.881942,262,183,202,60
646,676,-1.237069,245,172,203,60
647,683,-0.672728,235,164,206,60
648,695,-0.404456,219,153,206,60
648,702,-0.236104,206,146,204,60
648,709,-0.006319,195,138,195,60
648,720,0.000111,179,127,179,60
649,725,-0.044467,168,119,168,60
649,729,-0.868810,165,115,159,60
650,733,-2.314969,164,111,151,60
652,736,-4.611849,166,108,142,60
654,740,-9.530564,176,107,133,60
657,745,-11.374316,178,104,125,60
660,750,-11.432825,173,98,116,60
666,760,-11.971133,161,90,104,60
670,767,-11.056567,149,83,97,60
675,776,-12.968428,131,73,86,60
679,782,-15.367196,128,68,76,60
683,787,-16.728281,121,62,69,60
687,793,-18.646849,117,55,59,60
693,799,-24.589527,127,53,54,60
697,802,-29.693498,128,49,48,60
699,803,-40.826828,138,63,48,60
701,803,-60.745464,134,111,58,60
702,801,-90.780222,152,126,82,60
703,800,-114.667128,370,137,134,60
703,798,-141.175682,370,174,131,60
704,796,-150.184507,370,370,141,60
707,792,-154.301776,370,370,144,60
713,785,-158.286685,370,370,145,60
718,779,-159.320243,370,370,141,60
725,771,-161.325392,370,370,137,60
729,765,-162.127907,370,370,134,60
733,759,-163.312327,370,370,130,60
738,752,-164.148648,370,370,125,60
744,743,-164.289196,370,370,121,60
750,734,-164.496441,370,367,114,60
754,728,-164.104556,370,346,107,60
758,722,-164.896690,370,343,104,60
764,713,-165.795265,370,334,93,60
767,707,-166.217120,370,324,92,60
770,701,-167.275646,370,370,96,60
773,695,-165.454647,370,304,87,60
777,686,-170.335655,370,370,370,60
780,680,-172.951684,370,370,370,60
783,671,-171.568826,370,370,370,60
785,665,-173.635634,370,370,370,60
787,660,-171.541463,370,370,370,60
789,657,-167.409931,370,281,370,60
793,653,-159.959799,370,267,370,60
796,651,-152.898439,370,370,370,60
800,648,-141.621786,370,370,41,60
804,647,-131.880077,370,370,30,60
810,645,-118.570357,370,28,24,60
821,642,-115.158372,370,9,8,60
832,638,-118.000281,0,0,0,60
838,636,-119.314492,0,0,0,60
841,634,-125.664935,0,0,0,60
843,633,-138.368845,370,370,370,60
842,631,-157.937491,370,370,370,60
841,631,-169.465580,370,370,370,60
841,630,-172.874446,370,231,370,60
842,627,-174.160923,370,227,370,60
844,624,-170.794591,370,225,370,60
848,619,-163.105967,370,370,370,60
851,616,-156.238550,370,370,370,60
854,614,-147.416004,370,370,370,60
859,611,-135.192667,217,370,370,60
862,610,-127.641099,370,370,370,60
865,609,-118.849144,370,370,370,60
870,609,-108.539949,370,370,370,60
873,609,-99.005931,370,370,370,60
877,609,-91.139086,370,370,370,60
882,610,-77.452058,370,370,327,60
885,611,-68.274616,370,370,288,60
890,613,-54.955436,370,370,255,60
893,615,-46.584136,370,370,241,60
896,618,-38.223296,370,297,209,60
900,622,-28.196101,370,266,97,60
903,625,-20.865167,370,244,61,60
906,631,-11.641953,370,223,42,60
907,635,-7.637477,357,214,34,60
911,643,-6.462456,330,207,35,60
917,656,-8.165167,317,195,47,60
921,664,-9.776670,312,183,61,60
927,674,-14.063244,326,178,73,60
931,681,-16.137049,334,173,92,60
939,690,-19.431827,354,167,121,60
944,697,-20.156758,353,158,149,60
951,706,-22.288394,361,154,155,60
958,713,-25.218382,353,150,149,60
963,717,-26.303652,338,146,140,60
968,723,-27.922381,330,142,134,60
977,731,-28.641714,317,136,124,60
983,736,-28.213957,312,131,120,60
989,741,-28.538534,306,123,113,60
994,747,-30.217077,295,117,104,60
1003,754,-32.215441,286,113,99,60
1009,758,-34.343432,278,110,94,60
1014,763,-37.507784,266,109,90,60
1020,766,-40.975998,255,112,86,60
1026,770,-43.063942,247,112,82,60
1037,776,-47.912662,241,115,80,60
1042,779,-50.458873,233,119,78,60
1051,782,-55.687691,224,128,76,60
1056,785,-59.535585,220,138,76,60
1063,786,-64.223122,216,170,79,60
1072,788,-69.760165,213,197,80,60
1077,789,-74.064603,213,203,83,60
1083,790,-78.722542,217,185,93,60
1092,790,-86.665251,230,176,107,60
1098,790,-92.014652,238,169,118,60
1104,790,-96.455582,255,161,140,60
1113,788,-103.545770,286,159,171,60
1119,786,-105.516258,283,153,175,60
1126,785,-106.629216,292,145,158,60
1134,783,-106.706598,276,137,148,60
1142,781,-113.945994,305,135,140,60
1147,779,-119.012705,370,137,130,60
1156,776,-122.708765,370,133,116,60
1167,771,-125.364524,370,131,109,60
1173,768,-126.857328,370,127,102,60
1183,762,-134.223587,370,121,92,60
1190,759,-136.007994,370,119,86,60
1195,755,-135.972825,370,112,78,60
1204,750,-138.316583,370,112,73,60
1209,746,-141.024375,370,110,69,60
1214,742,-143.683755,370,104,63,60
1222,735,-145.281553,370,96,56,60
1225,732,-153.179772,370,120,58,60
1226,731,-158.631685,370,155,62,60
1224,730,-171.632722,370,370,82,60
1223,731,142.420528,370,370,89,60
1222,731,172.549650,370,370,117,60
1221,727,176.830609,370,370,113,60
1219,720,173.032605,370,370,120,60
1217,714,174.531754,370,370,130,60
1215,708,174.393277,370,370,130,60
1211,699,170.992251,370,370,135,60
1208,692,169.612499,370,370,145,60
1204,683,169.218654,370,370,158,60
1200,676,170.430969,370,370,164,60
1197,669,170.569747,370,370,189,60
1194,662,166.855569,370,370,200,60
1188,651,163.918869,370,370,188,60
1185,644,166.118835,370,370,195,60
1181,637,170.350748,370,370,203,60
1178,630,170.700879,370,370,207,60
1174,619,169.585426,370,370,216,60
1171,612,171.782670,370,370,238,60
1169,605,173.160770,345,370,209,60
1165,594,171.075100,353,370,241,60
1164,587,173.565977,330,370,230,60
1163,580,177.854730,361,370,199,60
1162,573,171.178479,330,370,228,60
1161,567,172.160270,336,370,223,60
1161,556,-176.895381,370,370,173,60
1162,550,-179.606272,370,370,185,60
1163,540,-171.174571,370,370,158,60
1164,529,-173.713257,370,370,152,60
1165,522,-174.252814,370,370,162,60
1167,510,-170.379271,370,370,149,60
1169,503,-169.797172,370,370,162,60
1171,495,-167.988050,370,370,145,60
1173,483,-175.082346,370,370,140,60
1175,474,-173.496955,370,370,138,60
1176,467,-171.617819,370,356,141,60
1179,455,-167.449317,370,345,148,60
1181,447,-170.744448,370,344,128,60
1182,439,-169.713832,370,329,130,60
1184,427,-173.237229,370,321,128,60
1185,420,-173.119120,370,314,124,60
1187,412,-168.209881,354,304,120,60
1188,401,-168.904314,364,293,128,60
1189,394,-171.490748,345,283,124,60
1191,383,-178.700554,353,273,131,60
1191,371,-169.435181,324,263,123,60
1192,364,-177.893806,317,254,124,60
1192,356,-169.047589,292,246,117,60
1192,349,-178.911282,324,234,141,60
1193,338,-179.326889,316,227,140,60
1193,331,-179.202022,300,216,140,60
1193,320,-178.350271,289,209,140,60
1193,312,171.136958,336,210,221,60
1192,304,172.783580,313,191,176,60
1192,296,166.525608,344,187,207,60
1192,285,168.191066,278,175,168,60
1191,278,170.777448,316,172,197,60
1191,271,172.991907,250,157,171,60
1192,259,167.193363,258,151,180,60
1192,250,-144.939867,244,143,171,60
1192,242,-179.620673,175,127,140,60
1192,232,135.198811,165,121,137,60
1192,228,178.870675,164,115,145,60
1190,221,177.059638,157,108,148,60
1189,216,176.259772,157,104,138,60
1187,210,174.216851,149,96,123,60
1184,203,175.193254,137,88,116,60
1182,196,163.939345,168,85,94,60
1178,184,175.482759,113,73,96,60
1176,177,174.569793,102,66,86,60
1173,170,174.459596,92,59,78,60
1170,160,173.379045,79,50,62,60
1167,154,170.864863,69,43,54,60
1164,149,169.311019,63,37,44,60
1161,144,166.197546,56,31,35,60
1157,140,154.506876,69,30,31,60
1154,140,133.520502,247,40,32,60
1153,141,113.916744,243,72,39,60
1152,142,92.089965,278,238,59,60
1152,143,64.974164,370,256,195,60
1152,144,47.249629,370,370,238,60
1152,145,26.127823,370,370,248,60
1151,147,21.553891,370,370,271,60
1145,155,20.183154,368,370,271,60
1141,161,21.482563,370,370,261,60
1137,165,22.187036,370,370,254,60
1130,172,25.502008,370,370,241,60
1126,176,27.102975,370,370,228,60
1120,180,32.390782,370,370,221,60
1116,183,42.264550,370,370,207,60
1111,185,50.067421,370,370,200,60
1103,187,61.049360,370,224,195,60
1097,189,66.144477,370,196,190,60
1087,192,70.605659,370,183,189,60
1080,193,73.305250,370,171,186,60
1073,194,76.974142,370,157,179,60
1061,196,74.716564,370,147,173,60
1054,197,81.496241,370,138,169,60
1046,198,78.917960,370,128,151,60
1039,199,79.282137,370,121,144,60
1032,201,65.367472,370,121,127,60
1028,202,58.803275,370,129,114,60
1023,205,52.856574,370,135,109,60
1014,209,49.557754,370,132,103,60
1008,213,47.680389,370,131,97,60
1002,216,46.009493,370,124,89,60
993,222,42.204599,370,123,85,60
987,226,39.994239,370,119,78,60
982,230,37.393579,370,119,73,60
977,234,35.552340,370,117,69,60
969,240,32.854181,370,118,66,60
961,247,30.277767,370,370,61,60
956,252,28.648294,370,370,56,60
951,257,27.029184,370,370,52,60
944,265,25.199757,370,370,45,60
935,274,25.740911,370,370,39,60
929,282,21.978881,370,69,30,60
918,295,20.357448,370,55,23,60
912,303,17.216971,370,44,17,60
907,310,15.000491,370,30,10,60
904,317,8.660469,370,370,8,60
904,320,3.072870,370,267,13,60
905,321,0.013814,370,370,20,60
907,323,-4.104887,370,370,24,60
909,330,-6.269549,370,370,370,60
912,336,-9.231209,370,370,370,60
920,351,-11.755243,370,370,370,60
925,358,-14.257240,370,370,370,60
929,366,-11.091840,370,370,370,60
930,370,-6.666058,370,370,370,60
932,374,-3.197543,370,370,370,60
932,381,-0.407920,370,370,370,60
931,385,0.040351,370,370,370,60
930,392,2.039620,370,370,370,60
928,396,5.213655,370,370,370,60
926,399,9.440764,370,189,370,60
924,403,13.945931,370,188,370,60
920,407,22.422117,370,370,370,60
916,410,30.802919,370,370,370,60
912,412,40.158638,370,370,370,60
909,414,47.786238,180,370,370,60
903,415,60.631967,370,370,370,60
899,416,72.706000,370,370,370,60
895,416,80.313088,370,367,370,60
888,415,93.762638,370,356,370,60
884,413,106.336415,370,358,370,60
880,412,115.146644,370,370,334,60
874,408,130.494383,351,370,310,60
871,405,145.338408,350,370,32,60
867,400,152.137893,370,322,3,60
864,396,154.238804,367,319,10,60
859,388,166.415524,370,283,8,60
853,379,163.741568,370,276,23,60
844,366,160.498966,361,279,48,60
838,360,155.542562,348,273,73,60
830,352,153.199400,329,269,125,60
821,344,145.689571,312,278,216,60
812,337,143.578160,299,284,234,60
805,333,138.366308,281,300,226,60
796,327,133.447941,274,313,223,60
786,322,131.288648,264,337,220,60
779,318,130.956990,252,325,213,60
771,314,130.592577,244,322,210,60
760,308,128.631255,237,305,207,60
753,305,127.547258,230,289,204,60
745,301,125.097160,219,265,202,60
734,296,122.801387,213,251,200,60
727,293,123.217685,206,240,197,60
720,290,122.856092,195,227,193,60
710,285,125.259240,188,222,188,60
702,282,124.701610,176,211,182,60
692,277,122.974972,169,199,180,60
685,274,119.565752,164,182,180,60
678,271,119.238148,154,169,178,60
667,267,117.664972,147,157,179,60
660,265,115.964834,140,153,173,60
649,261,114.257954,131,132,178,60
642,259,112.464504,124,122,179,60
635,257,109.202676,117,112,179,60
628,255,103.090588,111,98,180,60
621,254,104.337920,102,91,171,60
611,252,102.159147,97,82,142,60
600,250,101.204919,87,71,118,60
593,249,100.548785,76,63,109,60
585,248,99.263938,66,57,99,60
578,248,98.490543,55,45,75,60
572,247,92.447661,51,38,56,60
562,247,86.636680,47,32,44,60
557,248,82.061509,44,27,32,60
552,249,76.128618,35,19,23,60
550,250,54.442917,59,21,20,60
550,251,39.401321,370,36,25,60
551,252,20.888540,370,64,32,60
552,253,5.667741,370,326,55,60
553,252,0.599165,370,370,66,60
555,252,-1.780330,370,370,75,60
556,250,-9.531190,370,370,97,60
560,258,-14.100879,370,370,107,60
565,265,-16.130265,370,370,141,60
570,270,-15.839342,370,370,152,60
576,276,-25.997366,370,370,216,60
580,280,-28.373529,370,370,310,60
587,286,-32.401097,370,370,370,60
592,290,-33.196704,257,370,370,60
598,295,-34.714257,244,370,370,60
603,300,-32.785302,370,370,370,60
611,307,-27.221470,370,370,370,60
615,312,-22.337064,370,370,351,60
620,320,-16.020094,370,370,276,60
623,325,-10.083124,370,370,238,60
626,330,-9.515573,370,370,219,60
629,338,-6.946005,370,370,210,60
631,344,-5.950424,370,370,206,60
635,355,-4.929395,370,370,207,60
638,362,-4.903040,370,370,209,60
640,370,-5.057054,370,370,216,60
643,377,-4.830679,370,370,219,60
645,384,-4.852519,310,370,221,60
649,395,-4.105565,295,370,223,60
652,403,-5.138208,283,370,227,60
655,410,-4.939984,271,370,238,60
659,421,-5.211371,264,370,244,60
662,429,-5.386674,251,370,247,60
665,436,-5.530956,247,370,252,60
669,448,-5.806125,241,370,259,60
672,455,-6.012282,235,370,268,60
674,463,-5.950640,231,370,272,60
679,474,-4.850221,228,370,275,60
681,481,-4.727163,226,364,276,60
684,493,-4.323856,226,356,275,60
688,504,-3.032806,224,344,275,60
689,512,-2.648563,223,336,276,60
691,520,-1.379292,226,324,272,60
693,527,-1.334972,224,317,274,60
694,539,-0.736536,224,309,274,60
695,546,-0.610245,224,298,272,60
697,558,-0.328619,224,290,272,60
697,566,-0.461438,223,282,275,60
698,573,-0.211951,221,271,275,60
698,580,-0.071205,223,264,274,60
698,588,-0.018588,223,256,274,60
698,599,0.053735,223,249,274,60
698,611,0.111009,223,237,274,60
697,619,0.210277,226,229,271,60
696,626,0.554903,228,220,268,60
695,638,0.749897,230,210,266,60
694,645,0.788190,233,203,264,60
693,651,0.447513,233,196,264,60
693,658,0.032253,230,189,266,60
694,662,-0.311702,230,184,259,60
695,666,-1.036737,226,180,251,60
696,669,-3.206773,213,175,234,60
698,675,-8.862324,190,171,210,60
702,679,-17.652845,171,172,193,60
705,682,-24.437783,148,180,176,60
710,686,-27.794115,138,182,169,60
718,692,-30.017867,131,181,164,60
723,697,-33.182247,121,183,157,60
729,701,-36.370763,110,184,151,60
738,707,-40.412852,103,164,147,60
744,711,-43.317454,92,134,141,60
749,714,-45.854157,86,120,138,60
759,718,-51.005123,78,102,138,60
765,721,-53.502303,71,88,137,60
774,725,-56.012701,58,69,134,60
782,727,-60.567613,52,58,135,60
789,730,-63.280739,45,49,137,60
795,731,-64.414644,37,38,100,60
803,733,-71.173010,30,29,63,60
810,734,-73.425206,24,22,45,60
816,735,-76.742487,17,15,28,60
821,735,-82.766851,7,5,8,60
823,734,-105.209855,6,3,4,60
823,733,-121.247436,17,7,7,60
821,732,-144.921837,370,20,14,60
819,733,-159.961603,370,73,30,60
818,733,-171.420188,370,336,41,60
817,733,-177.000927,370,370,49,60
815,734,173.399554,293,370,370,60
814,734,169.532070,370,370,78,60
811,725,168.053835,358,370,93,60
807,717,167.016856,348,370,370,60
803,708,167.972286,347,370,370,60
799,701,167.084239,350,370,370,60
796,696,165.218483,338,370,370,60
794,691,167.567727,324,370,370,60
790,684,169.979197,331,370,370,60
788,678,173.956635,361,370,370,60
786,669,174.409430,364,370,370,60
785,662,174.651368,365,370,370,60
784,657,177.221574,370,370,370,60
784,650,176.954120,370,370,370,60
784,642,177.124177,361,370,370,60
784,636,-174.572419,370,370,370,60
785,628,-177.274019,370,370,370,60
787,622,-177.836897,370,370,370,60
788,617,-174.983768,370,370,370,60
791,610,-172.384818,370,370,370,60
794,605,-168.388159,370,282,370,60
799,599,-161.340770,370,208,370,60
802,596,-154.623615,370,370,370,60
806,593,-148.193217,370,370,370,60
813,588,-142.486672,370,370,370,60
817,585,-144.421491,370,370,370,60
821,582,-143.025159,370,370,370,60
828,578,-138.120370,370,370,370,60
832,575,-134.096463,370,370,370,60
837,573,-128.986793,182,370,370,60
844,571,-115.908524,370,370,370,60
849,570,-106.587033,370,370,370,60
854,570,-96.832114,370,370,370,60
861,571,-85.705122,370,370,370,60
866,572,-78.931252,370,370,370,60
872,573,-73.525500,370,370,333,60
880,575,-64.242508,370,370,312,60
885,577,-57.811007,370,370,293,60
893,580,-51.241448,370,370,278,60
899,583,-48.376100,370,370,271,60
908,588,-46.678107,368,370,266,60
914,592,-45.900626,361,370,264,60
921,595,-46.375182,351,370,258,60
931,601,-46.157772,344,367,254,60
937,605,-46.082057,338,357,250,60
944,609,-44.287769,329,340,243,60
954,615,-41.496276,323,324,238,60
961,620,-40.325590,314,303,231,60
972,627,-38.934955,307,295,227,60
978,631,-36.787251,300,274,221,60
985,636,-35.103892,296,261,216,60
995,644,-34.534335,289,252,212,60
1002,649,-34.770480,279,244,203,60
1011,656,-36.496061,268,241,196,60
1021,663,-39.508013,258,242,190,60
1028,667,-40.615381,251,246,186,60
1034,671,-43.222560,243,248,183,60
1041,675,-44.169619,231,247,178,60
1051,681,-44.202033,226,241,173,60
1057,685,-44.875860,219,238,169,60
1063,688,-45.866240,209,236,165,60
1070,692,-46.846911,202,236,161,60
1079,697,-48.302827,196,235,158,60
1085,700,-48.914117,189,239,157,60
1095,704,-50.336490,180,235,152,60
1101,707,-51.539960,171,217,149,60
1111,711,-53.806776,165,204,147,60
1117,714,-57.146051,158,187,148,60
1127,717,-61.395015,149,166,148,60
1133,719,-65.629400,144,153,149,60
1140,720,-70.021281,138,134,158,60
1149,722,-75.044005,135,125,162,60
1159,723,-81.905830,134,111,179,60
1165,723,-85.476876,131,103,162,60
1172,724,-82.858646,117,93,149,60
1182,724,-87.522216,118,86,125,60
1188,724,-87.467244,110,79,113,60
1198,723,-90.497873,96,69,99,60
1205,723,-92.957072,89,62,86,60
1211,723,-97.154077,90,57,72,60
1217,722,-102.440511,87,49,56,60
1222,721,-107.191507,92,45,49,60
1228,718,-117.835785,106,43,42,60
1229,717,-129.970376,192,48,41,60
1228,716,-151.383507,370,85,49,60
1227,716,-162.192018,370,132,58,60
1226,715,-170.167675,370,242,69,60
1225,715,-176.168159,370,370,89,60
1224,715,176.388348,370,370,120,60
1220,704,172.370450,370,370,116,60
1218,698,170.697105,370,370,128,60
1216,693,172.196269,370,370,137,60
1212,685,167.725890,370,370,161,60
1209,680,167.660028,370,370,159,60
1204,673,162.197120,370,370,193,60
1200,668,161.449606,370,370,228,60
1196,663,154.715391,370,370,321,60
1189,656,152.085741,370,370,370,60
1184,650,154.680406,370,370,331,60
1176,642,155.800569,370,370,370,60
1171,636,155.415389,370,370,361,60
1167,632,159.313793,370,370,343,60
1164,627,160.204473,370,370,327,60
1159,619,166.256079,370,370,289,60
1157,614,164.070824,370,370,286,60
1154,608,169.285656,353,370,241,60
1151,599,170.961638,326,370,235,60
1149,593,170.758337,327,370,250,60
1147,586,173.699143,321,370,241,60
1145,578,170.621289,306,370,262,60
1141,567,169.429969,323,370,300,60
1138,554,170.132881,300,370,307,60
1136,546,171.917748,303,370,265,60
1134,538,167.918312,278,370,329,60
1133,530,166.963755,276,370,316,60
1130,519,167.246204,272,370,327,60
1129,512,167.912253,275,370,317,60
1128,505,168.924481,292,370,281,60
1127,498,170.151732,281,370,299,60
1127,488,174.587195,285,370,293,60
1127,481,-169.227515,370,370,196,60
1128,474,-178.630642,370,370,195,60
1130,463,-167.856707,370,357,197,60
1131,456,-170.741988,370,349,199,60
1132,448,-167.215753,370,342,183,60
1134,437,-169.817545,370,334,185,60
1135,429,-172.984274,370,324,186,60
1136,418,-173.455052,370,310,196,60
1136,411,-178.420499,360,299,214,60
1136,403,164.466196,370,310,296,60
1136,392,146.363925,289,241,142,60
1136,384,168.828819,285,280,299,60
1136,377,169.910544,290,267,285,60
1136,365,170.750654,281,261,299,60
1136,358,-143.294290,340,246,227,60
1136,347,-176.003081,245,251,144,60
1136,339,-178.183886,279,232,186,60
1137,328,-177.083156,269,220,189,60
1138,320,-171.103408,254,208,188,60
1139,308,-177.645434,241,200,183,60
1140,301,-178.151537,233,192,183,60
1140,293,-168.361723,228,184,189,60
1140,286,169.747184,230,237,179,60
1140,274,178.965776,230,163,216,60
1140,267,174.687773,220,155,217,60
1139,259,165.652525,234,149,190,60
1139,252,173.037641,224,138,173,60
1138,240,178.335471,245,133,152,60
1137,232,178.954606,168,117,162,60
1136,224,170.600698,183,111,135,60
1135,213,169.448388,147,102,141,60
1134,206,178.981954,131,91,125,60
1132,195,178.366039,121,84,116,60
1131,188,177.692113,113,77,106,60
1130,182,177.035287,103,70,96,60
1128,175,176.334139,90,60,80,60
1125,166,174.824011,83,54,71,60
1121,157,171.836904,73,46,58,60
1118,152,169.876962,69,41,49,60
1115,148,165.756644,65,36,42,60
1112,145,151.443340,82,35,35,60
1110,144,137.773697,195,42,35,60
1108,145,109.043175,197,90,47,60
1106,146,90.395672,226,190,68,60
1105,147,66.625461,370,201,186,60
1106,148,45.148609,370,236,193,60
1106,149,33.104104,370,370,199,60
1102,154,27.317687,370,370,204,60
1098,158,25.746558,370,370,207,60
1094,163,23.654121,370,370,204,60
1089,168,22.767301,370,370,200,60
1082,177,20.972453,370,370,200,60
1078,183,18.990073,370,370,197,60
1071,192,15.677573,370,370,196,60
1067,198,15.783372,370,370,193,60
1063,205,16.235103,370,370,186,60
1057,214,15.522953,370,370,182,60
1053,220,15.657498,370,370,178,60
1047,229,15.228241,370,370,172,60
1042,236,13.998416,370,370,168,60
1037,245,12.271149,370,370,166,60
1034,252,11.665264,370,370,164,60
1029,261,10.296551,370,370,370,60
1026,268,9.252972,370,370,370,60
1023,274,8.328010,370,370,370,60
1020,281,7.625856,370,370,370,60
1017,287,7.953777,370,370,370,60
1015,292,9.327867,370,370,370,60
1011,299,12.887153,370,370,370,60
1006,305,18.957624,370,370,370,60
1003,308,24.102841,370,306,370,60
997,313,31.830510,370,370,99,60
992,316,36.334641,370,370,87,60
987,319,43.529043,370,370,79,60
982,322,48.263256,370,370,69,60
975,325,47.390713,370,370,63,60
971,328,43.615219,370,370,61,60
962,334,40.952913,370,370,56,60
949,344,36.236977,370,370,44,60
939,352,35.051173,370,370,370,60
931,358,29.951620,370,370,370,60
918,371,26.469839,370,370,370,60
912,377,23.627692,370,370,370,60
908,382,24.816608,370,370,370,60
900,389,29.111238,370,370,370,60
895,394,31.634020,370,370,370,60
887,400,36.514859,370,370,370,60
881,404,39.214403,190,370,364,60
876,407,41.815002,186,370,353,60
870,411,44.408903,370,370,344,60
864,414,47.395723,370,370,337,60
854,419,53.341375,370,370,331,60
847,422,56.227223,370,370,323,60
837,425,57.367129,370,366,314,60
829,428,58.474778,370,351,307,60
819,432,58.900795,370,340,300,60
812,434,61.690094,370,324,296,60
805,436,63.619253,370,306,289,60
793,439,68.082566,370,291,283,60
786,441,68.885130,370,277,279,60
778,442,71.929904,370,264,276,60
770,443,73.384490,370,247,269,60
758,445,76.431798,370,237,264,60
749,447,76.906824,370,228,254,60
741,448,75.684275,370,214,241,60
728,449,78.213408,361,203,237,60
719,450,77.716029,347,195,227,60
707,452,72.207594,361,185,204,60
699,453,70.890972,370,179,192,60
691,455,68.459447,370,172,180,60
680,457,68.076082,370,165,165,60
673,458,68.010826,367,156,158,60
666,460,67.221039,353,146,145,60
656,462,65.395970,364,140,135,60
650,464,64.023540,367,135,130,60
641,467,59.462461,370,130,118,60
635,469,55.339569,370,129,111,60
630,471,51.079122,370,132,103,60
625,474,46.362800,370,136,99,60
617,479,40.707020,370,140,96,60
612,482,39.719095,369,138,89,60
605,487,33.396720,369,151,87,60
601,490,30.960491,368,157,85,60
597,494,25.152412,370,186,85,60
594,498,21.732745,370,209,86,60
589,504,16.416694,370,236,86,60
587,509,13.304643,370,280,87,60
584,516,8.009380,370,336,93,60
582,520,4.341111,370,328,99,60
582,524,2.261036,370,320,104,60
581,529,0.343205,370,317,106,60
581,533,0.009448,370,313,109,60
582,540,-0.137043,370,304,110,60
583,545,-0.908769,370,299,114,60
584,550,-2.794099,365,294,120,60
587,556,-6.262423,340,290,137,60
590,561,-13.662500,320,290,155,60
593,565,-17.417597,286,294,209,60
597,569,-22.824261,266,301,274,60
603,574,-28.370595,259,300,292,60
607,578,-31.081093,248,306,283,60
612,582,-32.442870,233,316,272,60
621,590,-32.365652,227,311,268,60
627,595,-30.564974,220,294,261,60
634,600,-31.308288,212,291,255,60
643,608,-28.904081,212,274,251,60
649,614,-30.142635,203,271,245,60
655,619,-26.173222,196,266,238,60
665,628,-29.942763,182,253,227,60
671,633,-29.708226,176,247,223,60
680,641,-31.545851,168,244,216,60
686,646,-31.819246,161,243,209,60
692,651,-35.177056,149,242,202,60
701,657,-35.715942,142,239,197,60
707,662,-36.252532,133,222,190,60
716,669,-34.430465,125,208,185,60
722,673,-37.310600,117,191,179,60
731,679,-38.312095,110,175,175,60
737,683,-41.825431,103,158,171,60
743,686,-44.275454,94,137,168,60
752,691,-47.862661,85,117,164,60
758,694,-49.874222,79,104,162,60
764,697,-51.724204,72,94,161,60
774,700,-54.059675,62,75,159,60
780,703,-58.883100,55,64,159,60
787,705,-63.002281,45,48,137,60
796,707,-68.243018,38,39,102,60
802,708,-73.414445,32,30,65,60
808,709,-77.731683,25,23,42,60
814,709,-83.423816,16,12,20,60
821,709,-92.295956,10,7,10,60
823,708,-108.086054,8,5,6,60
823,707,-128.575721,71,12,10,60
822,706,-152.373103,370,26,16,60
822,705,-165.857923,370,66,25,60
821,704,-173.192597,370,307,37,60
819,703,-175.776476,370,370,45,60
819,702,174.183810,370,370,62,60
816,699,167.178334,370,370,370,60
811,690,162.841907,344,370,370,60
807,683,161.358983,334,370,370,60
801,676,156.298474,320,370,370,60
797,671,154.154237,302,370,292,60
793,666,156.228480,296,370,285,60
787,658,158.136328,293,370,279,60
783,652,159.262734,293,370,278,60
778,645,162.371881,296,370,370,60
772,635,162.323217,295,370,268,60
767,628,161.411695,281,370,255,60
763,621,163.471855,278,370,248,60
757,611,164.143033,276,370,240,60
754,604,166.390009,282,370,237,60
748,593,163.846071,271,370,234,60
744,586,164.400644,268,370,238,60
739,575,166.395189,266,370,238,60
734,565,162.873527,254,370,268,60
730,558,162.743628,244,370,289,60
726,552,161.635205,238,370,303,60
720,542,160.209078,224,370,365,60
714,531,161.104384,227,370,330,60
710,524,158.864525,219,370,358,60
706,516,164.113340,221,370,326,60
702,509,160.982683,210,370,369,60
698,499,165.097596,216,370,330,60
695,492,166.412235,217,370,314,60
693,485,168.695396,219,370,305,60
690,474,167.461107,219,370,303,60
688,467,169.781868,217,362,303,60
687,460,169.021606,216,355,303,60
685,452,169.838436,213,343,309,60
683,445,169.473888,210,336,314,60
681,433,170.360446,219,325,293,60
680,425,169.961205,210,319,309,60
678,412,170.154081,200,309,333,60
676,404,168.940338,202,299,330,60
675,396,167.474401,195,288,333,60
674,388,167.287980,193,280,323,60
673,375,174.138183,196,270,317,60
672,367,170.621845,200,260,314,60
671,354,168.550850,193,244,288,60
670,341,168.861053,189,237,275,60
669,333,167.545276,188,224,259,60
668,321,168.998519,197,213,261,60
667,313,169.694375,195,205,250,60
666,300,167.376962,183,194,224,60
665,292,166.572250,179,187,213,60
664,284,167.582064,182,178,206,60
662,273,167.463495,179,166,190,60
661,265,167.693113,175,160,180,60
660,258,167.202356,176,147,169,60
659,251,165.849566,172,141,159,60
656,241,165.867425,173,133,154,60
655,234,165.722461,168,124,140,60
652,225,167.510049,168,116,134,60
650,219,164.628876,161,112,125,60
648,213,164.212565,168,103,123,60
645,208,159.220857,144,101,104,60
642,203,159.186290,140,96,99,60
638,196,161.848799,142,88,96,60
635,192,156.922326,128,86,86,60
629,186,150.382989,120,85,80,60
626,183,141.305391,107,90,76,60
622,181,129.634480,96,118,76,60
618,179,124.608249,90,109,78,60
612,178,112.401273,87,95,82,60
609,177,103.890251,87,78,99,60
603,177,89.412600,93,71,110,60
599,178,79.285400,113,68,83,60
596,179,68.621043,155,68,71,60
592,180,59.316563,241,72,65,60
588,183,47.678898,370,77,62,60
586,185,40.430221,370,94,63,60
585,186,25.056095,370,128,68,60
586,187,13.713619,370,229,80,60
587,187,5.515561,370,370,103,60
588,187,0.766402,370,370,116,60
589,189,0.198537,370,370,120,60
590,196,-0.350735,370,370,121,60
591,201,-1.663815,370,370,125,60
593,205,-5.539860,370,370,137,60
597,212,-8.590227,370,370,159,60
599,216,-16.128508,370,370,212,60
603,219,-22.559286,262,370,283,60
608,223,-32.899195,243,370,370,60
612,226,-37.430029,227,370,370,60
619,230,-42.626137,220,370,370,60
625,234,-44.298503,213,370,370,60
632,238,-43.835731,207,370,370,60
638,242,-42.027172,197,370,370,60
644,247,-40.815042,193,370,370,60
654,254,-36.282445,188,370,370,60
663,261,-33.839464,182,370,370,60
669,266,-32.269200,178,370,370,60
675,271,-29.526486,172,366,370,60
683,279,-27.078401,166,356,370,60
689,285,-24.656325,166,370,370,60
696,293,-22.707868,370,370,370,60
701,299,-23.295166,370,369,370,60
706,304,-22.302765,370,365,370,60
713,313,-20.278196,370,370,370,60
717,319,-18.768199,370,370,370,60
723,328,-16.611702,370,370,370,60
728,335,-15.540246,370,370,370,60
732,341,-14.018736,370,370,370,60
736,348,-11.750219,370,370,370,60
741,358,-11.111811,370,370,370,60
745,364,-9.833139,370,370,370,60
750,375,-8.693875,370,370,370,60
753,382,-8.068732,370,370,370,60
756,389,-7.473098,370,370,370,60
759,395,-7.385717,370,370,370,60
763,405,-6.831518,370,370,370,60
765,412,-5.414907,370,370,370,60
768,422,-4.261143,370,370,370,60
770,430,-3.294451,370,370,370,60
772,437,-2.898838,370,370,370,60
773,444,-2.099772,370,370,370,60
775,452,-1.693862,370,370,370,60
777,463,-1.436378,370,370,370,60
779,474,-0.527448,370,370,370,60
779,482,-0.286770,152,366,370,60
780,489,-0.170764,135,355,370,60
781,501,-0.176583,124,347,370,60
781,508,-0.044202,113,339,370,60
781,516,-0.088262,106,328,370,60
782,527,-0.003197,106,321,370,60
781,534,0.018709,106,314,370,60
780,541,0.152705,107,303,370,60
780,549,0.500011,109,295,370,60
778,560,0.992069,111,288,370,60
776,570,1.236606,116,277,370,60
776,575,0.715725,116,271,370,60
776,580,0.033072,113,264,370,60
776,584,-0.325830,111,260,365,60
778,589,-2.700894,109,256,353,60
779,592,-5.461546,100,254,334,60
781,595,-8.922798,92,253,317,60
783,597,-13.875522,78,255,289,60
786,600,-22.088819,69,200,276,60
789,602,-29.618330,59,127,259,60
792,604,-36.583503,47,78,248,60
798,608,-41.343691,38,58,244,60
805,613,-32.972710,37,62,241,60
810,618,-28.934437,35,65,238,60
812,622,-17.347943,37,89,245,60
813,624,-8.291506,48,223,272,60
812,625,-2.168044,58,219,296,60
811,626,0.422292,63,218,307,60
809,627,3.402513,69,217,316,60
807,632,5.340696,80,213,331,60
803,640,11.138264,99,209,355,60
798,647,12.951190,116,207,341,60
795,653,11.155907,120,195,343,60
792,660,6.403802,110,189,309,60
791,665,2.383820,102,181,274,60
791,668,0.721711,96,177,257,60
791,671,0.047667,92,173,244,60
792,679,-0.119738,92,168,237,60
792,686,-0.320016,90,161,226,60
794,697,-0.406077,87,151,212,60
794,704,-0.396539,86,144,202,60
795,712,-0.492914,85,136,190,60
796,719,-0.833813,83,125,173,60
797,726,-1.262987,80,118,164,60
800,736,-2.408750,76,111,151,60
801,742,-3.740334,72,105,141,60
804,751,-5.675337,65,97,124,60
807,757,-6.495112,61,91,116,60
809,763,-6.099962,56,85,107,60
810,768,-2.778910,59,76,102,60
809,772,0.016053,65,73,103,60
808,773,2.055518,68,71,102,60
806,774,12.537030,87,71,116,60
805,775,26.444366,78,75,165,60
803,774,45.420286,79,110,278,60
801,774,76.297905,93,210,288,60
799,773,97.433341,166,267,370,60
799,771,127.017365,281,303,370,60
798,769,139.687158,275,370,370,60
793,765,145.180235,275,370,370,60
787,761,139.436737,266,370,370,60
783,759,132.261101,257,349,370,60
774,755,129.463933,251,329,370,60
769,751,131.663218,244,320,370,60
762,747,133.618699,240,327,370,60
757,743,137.989506,233,346,370,60
748,737,139.285690,228,362,370,60
742,732,141.797138,223,370,370,60
733,725,144.205575,216,361,370,60
728,721,146.811676,213,364,370,60
722,715,147.069222,206,370,370,60
717,710,149.903454,204,370,370,60
708,701,152.342515,200,370,370,60
703,696,152.496192,193,370,370,60
696,687,152.745866,188,370,370,60
691,682,153.934932,183,370,370,60
686,676,154.420590,179,370,370,60
681,670,157.868091,179,370,370,60
675,661,158.704168,173,370,370,60
671,655,158.681521,179,370,370,60
667,648,163.021029,171,370,370,60
662,639,165.532589,171,370,370,60
658,632,166.817684,180,370,364,60
655,625,167.445734,175,370,370,60
652,618,167.856840,169,370,370,60
648,609,162.824320,168,370,370,60
645,600,167.788992,161,370,370,60
641,589,169.262512,158,370,370,60
638,582,169.280595,155,370,370,60
636,574,170.356941,155,370,370,60
633,567,170.026111,151,370,370,60
632,559,174.210141,159,370,361,60
629,548,170.748608,151,370,370,60
628,541,170.730157,147,370,370,60
626,529,174.099900,147,370,370,60
625,522,172.069716,151,370,370,60
625,514,-167.660068,370,307,370,60
625,506,-176.302015,188,370,302,60
625,495,-178.468523,173,370,320,60
626,484,-173.260586,206,370,283,60
625,478,170.715822,138,370,370,60
625,471,171.408040,144,360,370,60
624,463,169.302867,140,354,370,60
623,451,173.055795,138,347,370,60
623,443,172.157690,144,331,370,60
622,431,170.612960,133,328,370,60
622,422,176.881122,154,308,357,60
622,414,-167.394992,257,312,258,60
622,406,-171.009726,209,295,282,60
622,394,-174.179493,171,283,323,60
623,381,-175.060022,217,275,276,60
624,374,-169.867742,195,265,295,60
624,366,-170.296745,206,258,283,60
624,358,-175.678944,190,244,299,60
624,347,-170.359887,207,239,283,60
624,339,136.073021,227,233,271,60
624,327,167.187711,144,219,269,60
624,320,-167.592541,213,291,212,60
623,312,166.427385,125,206,226,60
623,300,166.687966,135,193,227,60
622,293,168.616305,131,187,213,60
621,282,166.846308,134,175,204,60
620,276,167.877159,138,167,202,60
619,269,167.145985,128,159,182,60
617,259,165.560657,127,151,175,60
616,252,165.842138,124,145,165,60
614,246,164.949492,118,137,152,60
612,237,164.372870,116,131,144,60
609,231,162.381105,110,122,133,60
607,225,164.334558,109,115,127,60
603,218,159.842136,97,112,116,60
599,210,157.492192,97,105,111,60
595,206,155.859466,92,101,104,60
592,203,149.890357,79,104,97,60
588,199,145.506447,68,108,90,60
584,196,140.301625,61,96,89,60
578,192,134.440817,55,78,86,60
574,189,129.926849,49,64,87,60
567,186,122.036874,41,48,87,60
563,185,119.552460,37,41,87,60
558,183,112.257003,31,32,89,60
553,182,109.914188,23,22,49,60
549,181,105.336067,18,17,32,60
542,181,97.884828,13,11,18,60
537,181,85.698149,7,5,7,60
537,182,71.397377,7,4,4,60
537,182,52.773312,25,8,7,60
538,183,38.028954,370,24,16,60
539,185,11.339731,370,75,28,60
540,185,4.968029,370,228,39,60
541,186,0.370444,370,370,51,60
543,186,-5.220692,370,370,58,60
544,186,-14.170453,370,370,83,60
552,195,-21.833133,329,370,127,60
558,202,-25.979827,310,370,169,60
563,205,-34.017002,289,370,293,60
570,209,-45.070238,272,370,370,60
575,211,-52.246597,261,370,370,60
583,214,-59.858879,257,370,370,60
590,216,-63.254929,254,275,370,60
597,218,-64.250026,245,258,370,60
608,222,-61.921807,231,251,370,60
619,227,-58.838082,221,248,370,60
627,230,-56.279857,207,370,370,60
635,233,-54.565449,199,370,370,60
646,238,-52.776391,192,370,370,60
653,242,-51.671840,183,370,370,60
661,245,-49.915864,172,370,370,60
673,251,-47.774201,165,370,370,60
680,255,-47.825399,154,370,370,60
687,259,-48.844035,147,370,370,60
699,265,-49.966558,138,370,370,60
706,268,-50.017187,127,370,370,60
717,274,-48.923126,120,370,370,60
724,278,-46.708491,110,370,370,60
731,282,-45.138322,103,370,370,60
741,289,-42.369410,97,370,370,60
748,293,-41.085040,90,370,370,60
755,298,-40.105350,82,370,370,60
765,305,-37.587437,76,370,370,60
772,310,-37.910388,66,370,370,60
783,317,-37.907194,59,370,370,60
794,325,-38.027166,48,370,370,60
805,333,-38.165126,32,370,370,60
815,340,-36.280329,24,370,370,60
830,353,-34.766947,370,370,370,60
839,360,-34.143773,370,370,370,60
856,373,-33.523226,370,370,370,60
865,380,-33.549233,370,370,370,60
872,386,-33.770959,370,370,370,60
883,394,-34.530762,370,370,203,60
889,399,-35.362677,370,370,197,60
896,404,-36.240710,370,370,189,60
905,411,-37.261165,370,370,199,60
911,415,-39.185083,369,370,281,60
917,419,-40.776157,361,370,370,60
922,422,-43.674824,351,370,370,60
928,425,-46.208646,344,370,370,60
939,431,-45.366647,334,370,370,60
947,435,-46.635838,329,370,370,60
953,439,-45.759514,319,370,370,60
960,442,-44.473326,312,370,370,60
971,449,-43.277641,306,370,370,60
982,455,-42.453525,292,370,370,60
988,459,-42.262977,286,370,370,60
999,466,-43.926907,278,370,370,60
1009,472,-43.737030,271,370,370,60
1016,476,-44.225286,259,370,370,60
1023,480,-43.129657,254,368,370,60
1033,487,-40.653028,245,366,368,60
1043,493,-37.600697,237,370,361,60
1049,498,-35.183032,233,370,357,60
1055,503,-35.499545,224,370,351,60
1062,508,-34.116367,219,370,347,60
1072,515,-33.293230,214,370,343,60
1081,523,-33.222509,203,365,334,60
1088,528,-33.029951,196,351,329,60
1095,533,-34.255598,185,323,321,60
1105,541,-36.316064,178,299,314,60
1111,546,-35.980973,168,281,307,60
1121,553,-35.471360,159,265,302,60
1127,558,-34.478068,155,270,299,60
1134,563,-33.544432,147,258,290,60
1140,567,-33.856106,140,246,286,60
1149,574,-34.169765,133,232,282,60
1155,579,-33.123597,128,229,278,60
1161,583,-34.066678,121,209,272,60
1167,588,-34.656224,116,201,268,60
1173,593,-35.243731,106,179,259,60
1183,599,-37.247686,99,163,255,60
1189,603,-40.131178,86,133,248,60
1195,607,-42.840866,79,116,244,60
1205,613,-45.993929,71,99,241,60
1214,617,-50.490555,61,79,238,60
1220,620,-52.187080,55,71,235,60
1227,624,-50.049965,44,57,231,60
1231,626,-37.678248,45,71,226,60
1233,630,-20.130083,51,112,231,60
1233,632,-10.304298,63,220,250,60
1233,634,-2.250316,80,210,283,60
1231,637,0.640895,87,208,293,60
1230,638,3.369480,96,207,305,60
1227,646,4.476695,106,201,307,60
1225,655,4.370981,109,194,299,60
1222,665,3.607612,109,182,272,60
1220,672,2.991028,111,175,262,60
1218,679,2.584582,114,165,244,60
1215,690,2.451665,117,157,231,60
1214,697,2.210761,118,150,221,60
1212,704,2.338287,121,143,210,60
1211,711,1.823016,123,135,196,60
1209,722,1.460821,123,126,183,60
1208,728,1.118477,124,119,172,60
1208,735,0.576863,123,109,155,60
1207,741,0.280186,124,103,147,60
1207,750,0.003929,123,97,137,60
1207,756,-0.075781,123,88,124,60
1208,764,-0.291213,116,82,116,60
1209,770,-0.752533,110,77,107,60
1211,776,-1.271713,102,71,99,60
1213,784,-2.193158,90,62,85,60
1214,789,-2.982206,85,57,78,60
1216,794,-4.548249,80,53,71,60
1219,801,-6.929902,73,46,59,60
1221,805,-9.335252,68,42,52,60
1223,808,-13.415841,66,38,45,60
1225,809,-25.359027,61,41,41,60
1227,809,-44.335392,51,51,41,60
1227,808,-58.973742,42,49,52,60
1228,807,-86.019812,42,38,69,60
1229,806,-102.079441,63,36,42,60
1229,805,-123.789705,185,47,41,60
1229,805,-138.608751,370,67,45,60
1227,804,-159.164168,370,149,61,60
1226,803,-170.772524,370,370,78,60
1225,803,-177.424973,370,370,92,60
1224,803,172.975482,370,370,137,60
1223,799,174.091861,370,370,117,60
1221,793,174.239874,370,370,121,60
1219,790,170.677410,370,370,131,60
1217,786,164.846267,370,370,172,60
1213,783,159.513857,370,370,204,60
1211,781,147.243866,312,370,370,60
1208,779,142.532568,302,370,370,60
1203,777,136.234338,295,370,370,60
1198,774,134.069471,288,370,370,60
1189,769,132.618492,278,370,370,60
1183,765,131.136611,274,370,370,60
1176,761,131.745767,266,370,370,60
1166,754,135.027490,255,370,370,60
1159,749,138.091300,251,370,370,60
1149,742,136.968377,240,370,370,60
1143,738,138.729961,234,370,370,60
1136,733,137.972729,228,370,370,60
1130,728,136.225306,217,370,370,60
1120,721,136.855167,212,370,370,60
1113,716,141.219963,206,370,370,60
1107,711,140.845525,197,370,370,60
1097,703,141.740041,192,370,370,60
1091,698,142.527003,186,370,370,60
1085,692,144.907071,182,370,370,60
1079,687,148.197183,176,342,370,60
1070,679,152.926281,370,341,370,60
1064,673,152.114207,370,370,370,60
1059,667,151.252729,370,323,370,60
1053,661,149.306494,370,315,370,60
1049,658,142.836318,370,317,370,60
1044,655,141.022038,137,370,370,60
1039,652,135.307811,127,370,370,60
1032,649,126.002820,120,370,370,60
1025,647,117.400872,116,370,370,60
1018,645,114.279970,106,370,279,60
1011,643,113.049920,100,370,278,60
1000,639,114.024885,92,370,275,60
992,637,114.769925,83,370,272,60
981,633,117.355304,72,370,268,60
974,631,116.389774,59,370,259,60
967,629,112.870567,52,370,370,60
946,622,119.594407,34,370,370,60
939,618,125.071364,55,370,235,60
927,612,126.902012,370,370,224,60
910,603,125.031958,370,370,370,60
897,596,126.410190,370,370,370,60
884,589,125.911511,362,370,370,60
877,586,124.474882,353,370,370,60
869,582,125.971036,344,370,370,60
859,577,125.870164,337,370,370,60
852,574,126.281971,331,370,370,60
841,568,130.871567,319,370,370,60
834,564,130.826145,312,370,370,60
827,560,131.634455,300,370,370,60
817,553,130.306606,293,370,370,60
806,547,130.009733,283,369,370,60
799,543,130.340782,275,362,370,60
792,539,132.226872,268,355,370,60
785,534,133.477537,258,356,370,60
778,530,138.932638,254,370,370,60
767,523,134.046083,245,350,370,60
761,518,141.596878,243,370,370,60
751,511,144.338164,234,370,370,60
744,506,139.248694,224,347,370,60
739,501,144.785422,219,346,370,60
738,501,149.915333,226,370,370,60
738,501,149.837080,226,370,370,60
738,501,149.818163,226,370,370,60
738,501,149.870079,227,370,370,60
738,501,149.863060,226,370,370,60
738,501,150.159113,227,370,370,60
738,501,149.880818,226,370,370,60
738,501,149.880709,226,370,370,60
738,501,149.929599,226,370,370,60
738,501,149.886233,226,370,370,60
738,501,149.887475,226,370,370,60
738,501,149.994789,226,370,370,60
738,501,149.874508,226,370,370,60
738,501,149.848869,226,370,370,60
738,501,150.590892,226,370,370,60
738,501,149.696076,226,370,370,60
738,501,149.872558,226,370,370,60
738,501,147.082558,226,370,370,60
738,501,149.755286,226,370,370,60
738,501,149.592883,226,370,370,60
738,501,149.802190,226,370,370,60
738,501,149.742741,226,370,370,60
738,501,149.854257,226,370,370,60
738,501,149.773088,226,370,370,60
738,501,149.831142,226,370,370,60
738,501,149.872164,226,370,370,60
738,501,149.643447,226,370,370,60
738,501,149.762991,226,370,370,60
738,501,149.790217,226,370,370,60
738,501,149.547432,226,370,370,60
738,501,149.769189,226,370,370,60
738,501,149.639232,224,370,370,60
738,501,149.635366,226,370,370,60
738,501,149.838206,226,370,370,60
738,501,149.803680,226,370,370,60
738,501,149.855549,227,370,370,60
738,501,149.850820,227,370,370,60
738,501,149.873645,226,370,370,60
738,501,149.591962,226,370,370,60
738,501,147.927777,226,370,370,60
738,501,149.706830,226,370,370,60
738,501,149.815974,226,370,370,60
738,501,149.966099,226,370,370,60
738,501,149.697705,226,370,370,60
738,501,149.526253,226,370,370,60
738,501,147.988050,226,370,370,60
738,501,147.071222,226,370,370,60
738,501,149.392290,220,370,370,60
738,501,147.191166,226,370,370,60
738,501,150.433703,226,370,370,60
738,501,147.904156,226,370,370,60
738,501,149.758649,226,370,370,60
738,501,149.722744,226,370,370,60
738,501,149.761901,226,370,370,60
738,501,149.747850,226,370,370,60
738,501,147.798923,223,370,370,60
738,501,147.758301,226,370,370,60
738,501,146.477166,226,370,370,60
738,501,147.691285,223,370,370,60
738,501,149.473057,226,370,370,60
738,501,149.769119,226,370,370,60
738,501,149.598417,226,370,370,60
738,501,146.889312,223,370,370,60
738,501,149.572759,224,370,370,60
738,501,149.779478,226,370,370,60
738,501,149.740535,226,370,370,60
738,501,147.927868,226,370,370,60
738,501,148.635267,226,370,370,60
738,501,149.789667,226,370,370,60
738,501,149.780339,226,370,370,60
738,501,149.793954,226,370,370,60
738,501,147.968553,227,370,370,60
738,501,149.531135,221,370,370,60
738,501,149.767417,226,370,370,60
738,501,149.659705,226,370,370,60
738,501,149.369044,221,370,370,60
738,501,146.496934,226,370,370,60
738,501,149.733925,226,370,370,60
738,501,149.762295,226,370,370,60
738,501,149.793898,226,370,370,60
738,501,147.204385,226,370,370,60
738,501,146.361301,226,370,370,60
738,501,149.396780,221,370,370,60
738,501,149.777742,226,370,370,60
738,501,146.673561,223,370,370,60
738,501,149.221384,219,368,370,60
738,501,150.030423,226,370,370,60
738,501,147.059534,223,370,370,60
738,501,149.689527,226,370,370,60
738,501,149.762666,226,370,370,60
738,501,145.921072,220,370,370,60
738,501,149.781746,226,370,370,60
738,501,147.058017,223,370,370,60
738,501,149.527295,223,370,370,60
738,501,149.407901,223,370,370,60
738,501,149.558220,223,370,370,60
738,501,148.180730,224,370,370,60
738,501,149.883343,226,370,370,60
738,501,147.696258,223,370,370,60
738,501,149.674377,226,370,370,60
738,501,149.762693,226,370,370,60
738,501,145.787242,224,370,370,60
738,501,149.524152,226,370,370,60
739,501,145.627634,221,370,370,60
738,501,147.765041,223,370,370,60
738,501,149.571999,224,370,370,60
738,501,149.774225,226,370,370,60
738,501,149.710586,226,370,370,60
738,501,147.776112,223,370,370,60
738,501,147.881797,221,370,370,60
738,501,149.437074,221,370,370,60
738,501,149.831150,226,370,370,60
738,501,149.801214,226,370,370,60
738,501,148.649231,226,370,370,60
738,501,149.774421,226,370,370,60
738,501,149.725852,224,370,370,60
738,501,149.509419,221,370,370,60
739,501,146.367763,226,370,370,60
738,501,149.138716,226,370,370,60
738,501,147.219087,226,370,370,60
738,501,149.652443,224,370,370,60
738,501,149.643686,226,370,370,60
738,501,149.959836,226,370,370,60
739,501,146.019389,226,370,370,60
738,501,149.598224,226,370,370,60
738,501,149.319247,224,370,370,60
738,501,149.308636,220,370,370,60
738,501,148.406209,224,370,370,60
738,501,145.477656,220,370,370,60
738,501,146.532091,224,370,370,60
738,501,149.867265,226,370,370,60
738,501,149.004770,226,370,370,60
738,501,148.637433,226,370,370,60
738,501,148.651021,226,370,370,60
738,501,148.522621,224,370,370,60
738,501,146.336124,221,370,370,60
738,501,149.560689,224,370,370,60
738,501,145.478526,221,370,370,60
738,501,149.837069,226,370,370,60
738,501,147.059056,223,370,370,60
738,501,148.123595,223,370,370,60
738,501,149.651923,226,370,370,60
738,501,148.021582,221,370,370,60
738,501,149.828782,226,370,370,60
738,501,147.274792,224,370,370,60
738,501,145.735267,221,370,370,60
738,501,148.228134,224,370,370,60
738,501,147.960904,223,370,370,60
738,501,149.313933,221,370,370,60
738,501,147.719726,223,370,370,60
738,501,148.535880,224,370,370,60
738,501,149.821626,226,370,370,60
738,501,149.339897,223,370,370,60
738,501,149.437040,223,370,370,60
739,501,146.360554,221,370,370,60
738,501,147.686276,223,370,370,60
738,501,145.720565,224,370,370,60
738,501,147.232552,221,370,370,60
738,501,147.166006,223,370,370,60
738,501,149.825465,226,370,370,60
738,501,146.754391,221,370,370,60
738,501,146.775343,223,370,370,60
738,501,149.702982,223,370,370,60
738,501,148.636341,226,370,370,60
738,501,148.330209,223,370,370,60
738,501,147.940299,223,370,370,60
738,501,149.153810,226,370,370,60
738,501,148.377771,223,370,370,60
738,501,148.217855,224,370,370,60
738,501,150.114512,226,370,370,60
738,501,149.015140,223,370,370,60
738,501,149.502015,223,370,370,60
738,501,145.869768,226,370,370,60
738,501,148.537267,224,370,370,60
739,501,146.347932,223,370,370,60
738,501,145.211529,226,370,370,60
738,501,147.107115,223,370,370,60
738,501,149.807539,226,370,370,60
738,501,149.750914,226,370,370,60
738,501,145.438583,220,370,370,60
738,501,148.611476,224,370,370,60
738,501,148.341393,221,370,370,60
738,501,149.708947,224,370,370,60
738,501,148.644003,226,370,370,60
738,501,146.449729,221,370,370,60
738,501,150.141943,226,370,370,60
738,501,148.504840,224,370,370,60
738,501,148.559332,224,370,370,60
738,501,147.575882,221,370,370,60
738,501,149.559256,227,370,370,60
738,501,147.287909,226,370,370,60
738,501,148.524026,224,370,370,60
738,501,149.841376,224,370,370,60
738,501,149.776309,224,370,370,60
738,501,149.757658,223,370,370,60
739,501,148.180294,221,370,370,60
738,501,149.810988,221,370,370,60
738,501,148.541557,224,370,370,60
738,501,148.270383,224,370,370,60
738,501,147.191754,226,370,370,60
738,501,148.541874,221,370,370,60
739,501,147.921251,226,370,370,60
738,501,147.149678,223,370,370,60
739,501,148.175308,220,370,370,60
738,501,148.873852,221,370,370,60
738,501,145.924942,220,370,370,60
738,501,147.495015,224,370,370,60
738,501,149.260041,221,370,370,60
739,501,146.561352,221,370,370,60
738,501,145.475054,220,370,370,60
738,501,149.541732,226,370,370,60
738,501,146.248868,220,370,370,60
738,501,146.805142,224,370,370,60
738,501,149.796001,226,370,370,60
738,501,148.303074,221,370,370,60
738,501,147.885578,224,370,370,60
738,501,146.832810,221,370,370,60
738,501,148.736150,227,370,370,60
738,501,145.262450,223,370,370,60
738,501,149.085491,226,370,370,60
738,501,149.474751,223,370,370,60
738,501,147.031484,226,370,370,60
738,501,148.837041,221,370,370,60
738,501,148.226364,224,370,370,60
738,501,145.463286,220,370,370,60
738,501,149.848881,226,370,370,60
738,501,148.729646,226,370,370,60
738,501,149.269821,221,370,370,60
738,501,149.305174,220,370,370,60
739,501,146.431536,224,370,370,60
738,501,148.533670,224,370,370,60
738,501,149.676647,224,370,370,60
738,501,149.724323,226,370,370,60
738,501,145.420815,224,370,370,60
738,501,146.127475,221,370,370,60
738,501,149.181566,224,370,370,60
739,501,149.769338,224,370,370,60
738,501,145.070577,220,370,370,60
738,501,149.465633,221,370,370,60
738,501,146.915539,221,370,370,60
738,501,149.819259,226,370,370,60
738,501,148.543969,224,370,370,60
739,501,147.140653,221,370,370,60
738,501,149.541188,226,370,370,60
738,501,148.673326,221,370,370,60
738,501,149.037473,224,370,370,60
738,501,145.176729,221,370,370,60
739,501,145.422472,223,370,370,60
738,501,146.553292,221,370,370,60
738,501,149.722037,226,370,370,60
738,501,146.505886,224,370,370,60
738,501,148.495275,223,370,370,60
738,501,146.463668,223,370,370,60
738,501,146.015253,220,370,370,60
738,501,148.335327,220,370,370,60
738,501,148.567854,224,370,370,60
738,501,146.228477,223,370,370,60
738,501,149.631929,226,370,370,60
738,501,146.071132,221,370,370,60
738,501,145.101945,220,370,370,60
738,501,146.724598,226,370,370,60
738,501,146.021381,221,370,370,60
738,501,149.704076,224,370,370,60
738,501,149.083562,224,370,370,60
739,501,148.182172,224,370,370,60
738,501,146.891917,221,370,370,60
738,501,148.575311,224,370,370,60
738,501,149.001839,221,370,370,60
738,501,149.254686,226,370,370,60
738,501,149.766343,226,370,370,60
739,501,146.804401,223,370,370,60
738,501,148.433280,226,370,370,60
738,501,145.334615,220,370,370,60
738,501,147.741161,223,370,370,60
738,501,147.016682,221,370,370,60
738,501,145.698588,223,370,370,60
739,501,146.012812,220,370,370,60
738,501,149.116326,226,370,370,60
738,501,149.270809,221,370,370,60
738,501,150.074342,227,370,370,60
738,501,147.463813,226,370,370,60
738,501,149.776577,226,370,370,60
738,501,146.323627,221,370,370,60
738,501,149.803045,226,370,370,60
738,501,149.344781,223,370,370,60
738,501,147.379927,221,370,370,60
738,501,149.625752,224,370,370,60
738,501,146.082912,221,370,370,60
738,501,148.552997,223,370,370,60
738,501,149.697139,226,370,370,60
738,501,145.791041,220,370,370,60
738,501,146.392175,224,370,370,60
738,501,147.073722,223,370,370,60
738,501,145.689069,221,370,370,60
738,501,145.582047,221,370,370,60
738,501,149.678231,223,370,370,60
739,501,146.061198,223,370,370,60
738,501,149.569845,226,370,370,60
738,501,147.515081,223,370,370,60
738,501,147.899779,221,370,370,60
738,501,148.873507,221,370,370,60
738,501,146.394385,221,370,370,60
738,501,146.079216,221,370,370,60
738,501,149.141047,224,370,370,60
738,501,146.557338,221,370,370,60
738,501,149.629186,224,370,370,60
738,501,148.759540,220,370,370,60
738,501,149.781790,226,370,370,60
738,501,148.313850,224,370,370,60
739,501,145.175390,223,370,370,60
738,501,149.077340,226,370,370,60
738,501,148.929781,221,370,370,60
738,501,149.533791,226,370,370,60
738,501,148.653147,224,370,370,60
738,501,149.092644,224,370,370,60
738,501,146.136477,221,370,370,60
738,501,147.884843,223,370,370,60
739,501,146.558908,226,370,370,60
738,501,147.678761,223,370,370,60
738,501,149.671761,226,370,370,60
738,501,145.796836,220,370,370,60
738,501,149.639844,226,370,370,60
738,501,146.450945,221,370,370,60
738,501,149.390488,220,370,370,60
738,501,148.798129,220,370,370,60
738,501,146.361718,221,370,370,60
738,501,148.978710,224,370,370,60
738,501,148.388989,221,370,370,60
738,501,146.478838,226,370,370,60
738,501,146.135573,226,370,370,60
738,501,149.110819,221,370,370,60
738,501,145.533530,220,370,370,60
738,501,149.734255,226,370,370,60
738,501,148.538569,224,370,370,60
738,501,146.878011,221,370,370,60
738,501,149.170545,224,370,370,60
739,501,146.413848,226,370,370,60
738,501,147.695412,223,370,370,60
738,501,149.594863,223,370,370,60
738,501,148.668606,226,370,370,60
739,501,147.048654,223,370,370,60
738,501,148.647620,224,370,370,60
738,501,146.063969,220,370,370,60
738,501,149.184421,224,370,370,60
738,501,148.716597,226,370,370,60
738,501,149.615766,223,370,370,60
738,501,148.977826,224,370,370,60
738,501,145.665616,220,370,370,60
738,501,145.426545,224,370,370,60
738,501,149.152942,220,370,370,60
738,501,149.254277,220,370,370,60
738,501,147.198966,223,370,370,60
738,501,148.932647,224,370,370,60
738,501,149.618797,224,370,370,60
738,501,149.545161,224,370,370,60
739,501,149.456556,224,370,370,60
738,501,149.060593,224,370,370,60
738,501,148.803857,221,370,370,60
738,501,150.071236,226,370,370,60
739,501,147.438430,220,370,370,60
738,501,146.014146,221,370,370,60
738,501,149.006782,224,370,370,60
738,501,145.751189,221,370,370,60
738,501,149.629193,224,370,370,60
738,501,149.439842,223,370,370,60
739,501,145.897844,224,370,370,60
738,501,146.335439,221,370,370,60
738,501,147.320849,226,370,370,60
738,501,148.678938,226,370,370,60
738,501,146.824221,220,370,370,60
738,501,147.099765,224,370,370,60
739,501,149.676138,227,370,370,60
738,501,146.619677,223,370,370,60
738,501,146.218308,221,370,370,60
738,501,149.286671,220,370,370,60
738,501,149.173726,220,370,370,60
738,501,146.069017,221,370,370,60
738,501,148.690088,224,370,370,60
738,501,147.468442,223,370,370,60
738,501,145.634001,221,370,370,60
738,501,149.744425,226,370,370,60
738,501,149.333347,221,370,370,60
738,501,146.119529,221,370,370,60
738,501,148.787759,226,370,370,60
738,501,149.301861,223,370,370,60
738,501,148.742537,226,370,370,60
738,501,149.243898,221,370,370,60
738,501,147.147295,223,370,370,60
739,501,145.195181,221,370,370,60
738,501,149.287962,223,370,370,60
738,501,147.521074,226,370,370,60
738,501,149.313160,220,370,370,60
738,501,149.552868,226,370,370,60
738,501,148.695913,224,370,370,60
738,501,148.807615,226,370,370,60
738,501,147.007642,224,370,370,60
738,501,146.341965,224,370,370,60
738,501,149.071668,220,370,370,60
738,501,149.196673,223,370,370,60
738,501,147.750770,223,370,370,60
738,501,148.550547,223,370,370,60
738,501,148.991064,224,370,370,60
738,501,148.205839,223,370,370,60
738,501,147.235495,221,370,370,60
738,501,148.684810,224,370,370,60
738,501,148.731691,224,370,370,60
738,501,146.974593,221,370,370,60
738,501,149.218910,221,370,370,60
738,501,147.155921,223,370,370,60
738,501,146.829098,223,370,370,60
738,501,146.309051,224,370,370,60
738,501,145.807226,223,370,370,60
738,501,148.658347,226,370,370,60
738,501,147.943880,221,370,370,60
738,501,149.030157,226,370,370,60
738,501,148.348243,220,370,370,60
738,501,147.117942,220,370,370,60
738,501,146.083924,224,370,370,60
738,501,148.714088,221,370,370,60
738,501,148.167423,224,370,370,60
738,501,145.440592,224,370,370,60
738,501,149.030757,223,370,370,60
738,501,148.998870,224,370,370,60
739,501,149.538352,224,370,370,60
738,501,146.079148,220,370,370,60
738,501,148.866650,224,370,370,60
739,501,145.464824,221,370,370,60
738,501,146.127183,223,370,370,60
738,501,149.681424,226,370,370,60
738,501,149.602873,224,370,370,60
738,501,149.658401,226,370,370,60
738,501,147.173212,223,370,370,60
738,501,148.387621,224,370,370,60
738,501,149.730457,226,370,370,60
738,501,146.596243,221,370,370,60
738,501,149.336624,221,370,370,60
738,501,149.174570,221,370,370,60
738,501,149.496831,223,370,370,60
738,501,149.581833,221,370,370,60
738,501,149.413716,226,370,370,60
738,501,149.059171,221,370,370,60
738,501,149.582988,224,370,370,60
738,501,148.718785,224,370,370,60
738,501,148.986041,226,370,370,60
738,501,149.733944,226,370,370,60
738,501,149.491018,224,370,370,60
738,501,149.257886,226,370,370,60
738,501,149.387446,226,370,370,60
738,501,149.680743,226,370,370,60
738,501,149.419112,226,370,370,60
