630,798,-178.793833,190,370,370,60
630,798,-178.083748,186,370,370,60
630,798,-177.225334,183,370,370,60
630,791,-176.502240,192,370,370,60
632,771,-174.093702,199,370,370,60
634,754,-174.431316,190,370,370,60
636,735,-174.258362,212,370,370,60
640,707,-172.637521,223,370,370,60
643,689,-172.546280,233,370,370,60
648,662,-176.843654,237,370,370,60
652,642,-174.434073,243,370,370,60
658,615,-173.658032,251,370,370,60
664,587,-172.853131,262,370,370,60
668,570,-172.504189,264,370,281,60
673,551,-172.804237,281,370,243,60
681,524,-170.254601,292,370,219,60
686,506,-173.022380,338,370,207,60
694,479,-173.657813,309,366,203,60
699,461,-173.138255,320,349,195,60
709,434,-172.827441,338,331,183,60
715,417,-163.769921,358,323,157,60
721,399,-173.504584,336,306,148,60
727,382,-173.656047,341,269,161,60
737,358,-171.796230,299,258,137,60
744,343,-171.884811,295,237,138,60
751,328,-170.374732,261,216,123,60
761,307,-162.826992,244,202,114,60
767,294,-170.963013,212,196,94,60
773,282,-171.778378,209,169,99,60
778,272,-168.758759,190,160,87,60
784,259,-170.467087,183,151,85,60
788,252,-170.393598,172,144,79,60
791,246,-161.894837,149,139,63,60
794,239,-169.977604,151,127,68,60
799,229,-171.975922,145,120,66,60
802,221,-171.897815,138,111,65,60
805,214,-171.957420,124,100,58,60
810,202,-173.240515,109,94,49,60
812,195,-175.709435,109,84,55,60
814,188,-175.728505,100,76,54,60
817,181,-172.183876,86,69,47,60
820,177,-167.469854,75,64,35,60
824,173,-158.794513,68,64,27,60
828,170,-150.676261,62,39,18,60
831,167,-142.090951,59,11,7,60
837,165,-126.776761,0,0,0,60
840,164,-112.376251,0,0,0,60
843,165,-93.330536,0,0,0,60
846,167,-62.855418,0,0,0,60
848,169,-43.533815,0,0,0,60
849,171,-27.711108,0,0,0,60
849,173,-11.023911,0,0,0,60
848,174,-3.282793,6,38,370,60
847,174,-0.062664,13,370,370,60
845,173,3.208851,16,370,370,60
844,173,10.892783,25,370,370,60
843,173,24.171568,68,370,351,60
835,180,32.985915,134,370,329,60
827,185,40.763976,370,370,313,60
818,190,47.568659,370,370,292,60
805,196,60.238632,370,338,283,60
800,197,70.013457,370,296,289,60
796,197,79.720221,370,267,207,60
790,197,93.842860,351,258,151,60
787,196,101.850143,309,259,128,60
783,195,110.915947,279,268,110,60
777,192,124.201006,258,179,96,60
772,189,124.094328,250,158,90,60
762,184,127.766498,235,131,82,60
754,180,124.553260,228,136,79,60
744,175,127.941618,223,135,76,60
738,172,126.137226,214,112,71,60
729,168,124.530005,207,125,69,60
722,165,123.906706,200,118,66,60
712,161,122.290790,190,113,62,60
705,158,119.156877,183,120,62,60
698,156,119.226911,173,115,59,60
687,153,114.435219,169,131,59,60
680,151,111.696910,164,140,59,60
673,149,104.700681,161,145,65,60
662,147,102.440661,152,138,63,60
655,146,99.192840,149,129,66,60
647,145,95.125892,147,114,73,60
635,144,97.327966,133,106,69,60
627,144,94.267441,124,98,72,60
615,143,93.994816,111,85,73,60
608,143,89.920190,109,78,79,60
601,143,83.992736,106,68,86,60
598,144,63.388985,130,67,75,60
598,145,49.448412,293,80,71,60
599,145,31.506169,370,115,75,60
601,146,9.574095,370,308,100,60
602,145,2.068983,370,370,123,60
603,145,0.013700,370,370,138,60
604,144,-4.911817,370,370,158,60
607,150,-7.247833,313,370,169,60
610,157,-6.386028,370,370,175,60
614,167,-6.646216,370,370,182,60
617,174,-4.898460,370,370,179,60
619,182,-4.052369,370,370,179,60
621,192,-2.434812,370,370,178,60
623,199,-1.558981,370,370,173,60
624,206,-0.481473,370,370,171,60
624,216,-0.007625,370,370,169,60
624,223,0.170722,370,370,169,60
624,229,0.169031,370,370,169,60
623,236,0.288309,370,370,166,60
622,245,1.044092,370,370,166,60
621,252,1.323782,370,370,164,60
620,258,1.462590,370,370,158,60
618,268,3.329016,370,370,154,60
616,275,4.231478,370,370,147,60
612,285,5.883790,370,370,138,60
609,292,6.829736,370,370,128,60
605,302,9.216456,370,370,121,60
601,310,9.523836,370,370,113,60
596,320,11.654664,370,370,106,60
590,331,11.592775,370,370,100,60
586,338,11.643313,370,370,96,60
583,345,11.316398,370,370,87,60
578,356,7.552313,370,370,87,60
575,362,8.901352,370,370,82,60
571,371,8.863383,370,370,78,60
568,378,7.458897,370,370,76,60
565,384,8.055752,370,370,71,60
562,393,7.026236,370,370,71,60
559,400,5.796199,370,370,69,60
555,410,6.339528,370,370,61,60
551,426,5.798670,370,370,58,60
546,438,4.865522,370,370,51,60
544,449,4.010233,370,370,49,60
539,467,2.372071,370,370,47,60
537,477,2.432231,370,370,45,60
535,489,2.086236,370,355,41,60
533,506,1.218921,370,338,39,60
531,520,0.099588,370,324,38,60
531,534,0.087101,370,315,38,60
530,546,0.001207,370,298,37,60
530,560,-0.160933,370,289,37,60
531,572,-0.110904,370,278,37,60
532,581,-0.293670,370,263,39,60
533,597,-0.599758,357,252,41,60
535,605,-0.624654,341,239,45,60
537,616,-1.400530,330,228,49,60
539,625,-2.087808,321,219,54,60
544,639,-3.055495,313,210,59,60
547,647,-4.565165,303,198,69,60
551,657,-5.362707,292,188,78,60
556,669,-8.184644,286,180,87,60
560,678,-7.433970,286,173,97,60
564,685,-10.176320,278,162,114,60
568,691,-11.065725,275,156,124,60
573,700,-11.430069,257,150,125,60
577,706,-11.982186,254,142,145,60
583,716,-11.292713,250,136,157,60
587,723,-11.614236,233,129,149,60
592,729,-14.504924,226,120,134,60
596,736,-14.171558,212,112,127,60
603,746,-14.473915,203,106,117,60
607,753,-14.142491,182,99,113,60
611,759,-13.562897,172,92,103,60
617,770,-11.999878,147,81,93,60
621,777,-11.694684,131,72,83,60
625,784,-12.031606,111,62,72,60
630,794,-12.246756,99,56,65,60
633,800,-11.166236,85,49,59,60
636,804,-11.963363,75,42,48,60
638,805,-21.690830,102,44,45,60
639,804,-40.142750,173,50,45,60
639,803,-56.548175,195,76,51,60
637,801,-81.911896,216,197,73,60
636,801,-104.812907,370,197,155,60
635,800,-123.365262,370,232,200,60
633,800,-140.495892,370,370,203,60
638,796,-142.496585,370,370,202,60
646,791,-138.922647,370,370,195,60
651,788,-133.941474,370,370,186,60
657,785,-127.172672,370,221,176,60
665,782,-117.559632,370,195,173,60
671,781,-109.551167,370,167,173,60
681,779,-101.304429,370,153,175,60
688,778,-96.912334,370,144,172,60
694,778,-91.225849,192,132,141,60
705,778,-89.597227,178,125,137,60
711,778,-85.326658,151,115,123,60
721,779,-79.774153,135,111,111,60
728,780,-76.261332,120,104,104,60
736,781,-73.432003,110,98,99,60
748,783,-73.462686,94,87,94,60
756,785,-73.867869,85,79,92,60
767,786,-75.263543,72,66,92,60
775,787,-76.311922,61,53,93,60
786,789,-77.674667,52,45,82,60
794,789,-79.477084,44,37,66,60
804,790,-81.601638,31,26,42,60
811,790,-84.785643,24,18,28,60
818,790,-90.399842,11,8,11,60
820,789,-104.539456,13,7,8,60
822,787,-129.629023,42,11,10,60
822,786,-149.911109,370,36,20,60
821,784,-168.153300,370,79,28,60
820,784,-175.255058,370,370,44,60
819,784,-177.336085,370,370,48,60
818,786,175.163296,370,370,66,60
818,787,169.870398,370,370,75,60
815,779,168.980475,367,370,83,60
809,768,168.069586,361,370,90,60
806,762,167.803969,357,370,97,60
803,756,164.665547,344,370,111,60
797,747,162.958901,329,370,370,60
793,741,162.108786,317,370,370,60
790,735,160.874287,306,370,370,60
786,729,160.131034,300,370,370,60
783,724,164.827045,306,370,370,60
781,718,171.132232,330,370,370,60
780,714,174.008906,348,370,370,60
780,708,175.991430,355,370,370,60
781,704,-175.986575,370,370,93,60
781,700,-177.347810,370,370,370,60
783,697,-175.631985,370,370,370,60
785,691,-170.334802,370,370,370,60
788,687,-168.654324,370,342,78,60
791,683,-160.025801,370,296,65,60
794,680,-153.067449,370,370,51,60
797,678,-146.380278,370,370,44,60
807,671,-141.362376,370,370,35,60
813,667,-142.555577,370,370,28,60
823,659,-144.707583,370,370,21,60
836,648,-148.713015,370,370,8,60
845,639,-150.478075,0,0,0,60
852,632,-155.093181,370,370,370,60
864,619,-156.912556,370,370,370,60
868,614,-165.023674,370,370,370,60
869,610,-171.468130,370,370,370,60
870,607,-169.816082,370,370,370,60
872,604,-165.111854,370,370,370,60
875,601,-158.874792,370,370,370,60
879,598,-147.782922,370,370,370,60
882,596,-138.382318,202,370,370,60
885,595,-129.941500,370,370,370,60
890,594,-117.622227,370,370,370,60
895,593,-104.406705,370,370,370,60
898,593,-96.271904,370,370,370,60
901,594,-86.944080,370,363,370,60
907,595,-73.421170,370,369,320,60
910,596,-64.165374,370,370,289,60
913,598,-54.816473,361,370,262,60
918,601,-42.628051,354,370,254,60
921,603,-34.098449,361,299,250,60
925,608,-24.318213,370,272,155,60
927,611,-17.710100,370,252,109,60
929,615,-11.541410,370,239,86,60
930,619,-6.657491,364,227,69,60
931,622,-3.178978,333,222,62,60
933,631,-2.387298,320,217,62,60
935,640,-2.397890,307,209,65,60
939,653,-3.557571,293,196,71,60
942,663,-4.478010,283,187,78,60
945,671,-5.557255,271,174,89,60
949,681,-6.026870,258,164,97,60
952,688,-7.232259,254,157,106,60
957,699,-8.643096,247,151,113,60
960,705,-9.429406,241,144,121,60
963,711,-10.412313,238,139,131,60
968,721,-10.569093,224,129,142,60
972,728,-10.285262,213,123,145,60
976,735,-9.840738,197,115,138,60
980,743,-9.511183,180,107,130,60
985,754,-9.956873,164,96,116,60
989,761,-9.809207,144,85,102,60
995,772,-10.595022,134,78,93,60
998,779,-11.413627,123,71,85,60
1002,786,-11.974950,107,60,71,60
1008,796,-12.435527,94,53,62,60
1012,802,-12.908007,86,47,54,60
1015,806,-15.759366,75,41,47,60
1017,807,-33.093042,121,44,42,60
1017,806,-50.369416,254,74,49,60
1017,805,-75.147163,271,159,63,60
1016,803,-98.481799,345,248,97,60
1015,803,-115.694234,370,278,241,60
1015,802,-135.740647,370,363,257,60
1019,798,-143.244165,370,370,258,60
1024,794,-145.478351,370,370,257,60
1030,790,-135.134683,370,370,248,60
1034,789,-125.716422,370,308,240,60
1040,788,-108.484352,370,255,241,60
1044,787,-99.637071,370,227,178,60
1050,788,-85.277128,293,216,116,60
1054,789,-75.569276,259,216,99,60
1058,790,-64.521235,228,202,80,60
1065,793,-52.933419,210,112,66,60
1071,796,-49.709312,200,91,59,60
1080,801,-49.899450,195,84,55,60
1087,804,-51.477084,188,83,54,60
1093,806,-57.491145,179,95,54,60
1097,806,-79.739764,188,174,65,60
1098,805,-100.717837,285,169,127,60
1099,804,-121.087069,370,196,175,60
1100,802,-141.876127,370,259,175,60
1104,798,-147.093789,370,304,178,60
1109,793,-150.921235,370,350,176,60
1117,786,-146.233353,370,276,164,60
1122,781,-147.741429,370,284,161,60
1127,777,-147.603923,370,280,154,60
1135,771,-143.807063,370,250,145,60
1141,767,-142.990715,370,233,140,60
1150,761,-134.956387,370,194,127,60
1156,757,-135.500222,370,167,117,60
1167,751,-133.780867,370,143,109,60
1174,747,-132.203789,370,131,100,60
1181,743,-131.003626,370,117,93,60
1192,738,-129.492718,370,109,83,60
1199,734,-125.745716,370,87,72,60
1209,730,-125.015625,340,77,65,60
1215,726,-130.131007,370,73,56,60
1220,724,-134.831441,370,74,52,60
1222,721,-149.895736,370,92,56,60
1222,720,-163.377787,370,160,66,60
1221,718,-172.141341,370,370,85,60
1220,718,-178.413778,370,370,99,60
1219,718,168.048717,307,370,370,60
1219,714,172.980738,370,370,125,60
1217,705,177.033579,370,370,113,60
1216,699,176.538722,370,370,127,60
1215,695,176.805625,370,370,121,60
1215,689,178.795718,370,370,116,60
1213,678,177.813113,370,370,134,60
1212,671,178.460965,370,370,121,60
1211,663,174.139621,370,370,120,60
1210,652,178.332856,370,370,125,60
1209,644,170.049666,370,370,157,60
1209,635,176.255535,370,370,131,60
1208,627,179.140350,370,370,124,60
1208,615,174.019546,370,370,154,60
1207,607,169.859932,370,370,158,60
1207,595,-138.683617,370,370,148,60
1207,586,174.268970,370,370,190,60
1207,579,-174.729536,370,370,102,60
1208,567,-179.003225,370,370,113,60
1208,560,-178.594085,370,370,97,60
1208,553,-168.689851,370,370,97,60
1209,543,-170.737949,370,370,100,60
1210,536,-172.348779,370,370,100,60
1211,528,-169.668465,370,370,96,60
1212,517,-178.926119,370,370,114,60
1212,510,-172.054717,370,370,97,60
1213,502,-170.592014,370,370,93,60
1214,492,-168.413758,370,370,90,60
1214,484,-168.819841,370,370,89,60
1214,473,-174.214473,368,90,61,60
1214,465,169.969731,370,361,165,60
1213,454,166.227320,370,353,164,60
1213,447,178.701603,370,343,158,60
1213,440,168.406920,370,332,157,60
1212,429,167.529964,367,328,172,60
1212,423,177.283440,370,319,164,60
1213,412,-144.154711,370,308,158,60
1213,405,-169.883912,370,294,111,60
1214,398,-170.067538,353,291,93,60
1216,387,-170.284696,347,279,94,60
1219,377,-167.461272,314,278,82,60
1220,369,-165.536226,296,263,78,60
1223,358,-164.459322,281,239,73,60
1224,351,-168.454504,282,242,76,60
1225,344,-175.714726,299,230,86,60
1228,329,-169.595687,258,226,71,60
1229,320,-177.338600,274,205,85,60
1230,313,-168.221718,238,203,69,60
1231,304,-177.021913,254,189,82,60
1232,290,130.537441,217,183,69,60
1232,280,-139.532227,324,176,131,60
1232,271,159.604738,319,260,168,60
1232,262,164.761079,292,153,137,60
1233,248,166.270158,226,139,107,60
1233,240,166.747965,235,129,127,60
1233,232,-173.088775,124,69,42,60
1233,219,-177.020211,151,108,85,60
1233,211,169.252476,192,104,118,60
1234,199,-173.229439,94,69,42,60
1233,193,168.451433,165,85,94,60
1233,186,178.305951,137,77,90,60
1232,178,176.115623,96,65,87,60
1230,176,171.743886,102,62,76,60
1228,175,158.681766,130,65,71,60
1227,176,133.092961,262,76,68,60
1225,177,108.950899,323,167,80,60
1225,177,99.198070,350,314,96,60
1226,179,71.736445,370,310,175,60
1227,179,59.554461,370,370,316,60
1221,182,50.594665,370,370,313,60
1215,185,54.735240,370,370,305,60
1209,187,52.856865,370,370,299,60
1202,189,68.499528,370,330,298,60
1198,190,81.205660,370,295,250,60
1195,189,86.736510,370,275,159,60
1189,188,105.125058,370,274,123,60
1186,187,112.768243,299,284,104,60
1183,186,122.636124,279,186,92,60
1179,184,129.816950,265,126,80,60
1171,179,133.202800,261,113,76,60
1164,176,126.963102,251,119,73,60
1155,170,132.974077,245,94,66,60
1149,167,122.897582,238,94,63,60
1138,162,121.401449,231,116,65,60
1133,160,119.557468,223,117,62,60
1131,159,109.525168,233,186,71,60
1130,160,89.252058,252,213,83,60
1130,161,72.573791,370,220,179,60
1131,162,53.403230,370,267,219,60
1127,165,43.250174,370,370,217,60
1124,168,38.748767,370,370,216,60
1118,172,36.518374,370,370,213,60
1113,175,40.755451,370,370,206,60
1108,178,46.217492,370,370,197,60
1100,181,58.814340,370,233,189,60
1095,182,62.544204,370,209,188,60
1091,183,71.481349,370,181,190,60
1083,184,81.522097,370,168,179,60
1079,184,85.544838,370,161,155,60
1074,184,96.564508,204,155,128,60
1066,182,107.280590,173,154,106,60
1061,180,106.004506,159,154,94,60
1054,179,115.936472,144,151,86,60
1043,175,111.974942,135,145,82,60
1036,172,118.747614,125,141,76,60
1029,170,118.229795,117,127,73,60
1019,167,117.653456,109,118,72,60
1012,165,116.155165,103,108,72,60
1004,163,113.143505,94,100,69,60
995,159,125.883045,83,94,62,60
989,156,125.684793,78,90,58,60
985,153,135.964579,73,65,47,60
980,149,147.124948,75,52,42,60
978,146,148.636504,76,42,38,60
975,141,161.624013,75,32,32,60
974,138,164.153501,49,25,28,60
974,136,172.878293,48,24,27,60
974,133,174.717493,28,18,24,60
976,130,-175.958488,21,16,27,60
977,129,-169.424036,18,15,25,60
980,127,-149.773252,17,16,39,60
982,127,-132.390022,18,24,171,60
984,128,-99.140449,35,91,309,60
985,130,-75.504607,69,280,370,60
985,131,-51.374202,288,359,370,60
985,132,-27.224681,296,370,370,60
984,133,-16.069787,329,370,370,60
985,135,-10.986220,355,370,190,60
988,143,-5.695650,370,370,162,60
989,147,-2.449102,370,370,149,60
989,151,-0.515459,370,370,140,60
988,157,0.268467,370,370,137,60
987,161,2.044815,370,370,130,60
985,167,4.182687,370,370,121,60
981,177,6.203509,370,370,113,60
978,184,7.435794,370,370,109,60
974,192,7.942138,370,370,103,60
971,199,7.922862,370,370,94,60
966,210,7.013727,370,370,93,60
964,217,6.768246,370,370,90,60
961,224,6.179847,370,370,86,60
957,234,5.330355,370,370,82,60
955,241,4.907555,370,370,80,60
952,251,4.139765,370,370,79,60
950,257,3.700432,370,370,76,60
948,264,3.063349,370,370,75,60
947,271,2.370362,370,370,75,60
945,277,2.044277,370,370,72,60
944,286,1.313408,370,370,72,60
943,293,0.866152,370,370,370,60
940,311,0.960489,370,370,370,60
939,320,0.474983,370,370,370,60
939,328,0.171147,370,370,370,60
938,333,0.827552,370,370,370,60
937,337,2.885358,370,370,370,60
935,340,5.128116,370,370,370,60
934,343,7.925134,370,339,370,60
930,347,15.317474,370,246,370,60
928,350,21.152921,370,370,370,60
925,353,27.740375,370,370,370,60
920,356,36.478434,370,370,370,60
917,358,46.576041,370,370,370,60
911,359,60.948542,370,370,16,60
907,360,67.858226,0,0,0,60
899,361,84.851544,0,0,0,60
883,361,86.487755,0,0,0,60
877,362,71.537615,370,350,370,60
875,363,55.992263,370,370,362,60
874,365,37.693852,227,370,353,60
873,367,22.072065,370,370,370,60
872,369,24.662880,370,370,370,60
869,370,33.505437,370,370,355,60
865,373,44.786059,220,370,343,60
861,374,53.572796,370,370,337,60
857,375,63.008054,370,368,341,60
852,375,73.056835,370,348,350,60
849,375,82.656917,370,320,370,60
845,375,95.710305,370,313,370,60
842,374,106.135201,355,320,323,60
836,372,119.794447,334,327,303,60
833,370,130.016865,314,356,278,60
830,367,139.162777,306,347,259,60
826,363,150.871908,307,319,257,60
823,359,154.995328,317,285,165,60
821,355,161.706729,341,255,100,60
820,350,169.647021,364,244,80,60
819,346,171.461598,370,234,69,60
819,340,175.409663,347,226,61,60
818,328,169.880980,355,220,68,60
817,318,169.700938,360,214,86,60
816,309,170.268736,331,200,75,60
814,294,170.295308,323,188,82,60
813,286,170.737194,293,174,82,60
811,274,169.600290,269,165,79,60
810,268,171.137400,269,159,86,60
808,261,167.520234,271,150,100,60
805,251,170.300037,259,143,104,60
803,245,166.004318,254,138,111,60
801,238,165.601752,243,128,123,60
797,228,167.230762,223,120,124,60
794,220,165.722718,223,114,127,60
789,209,164.763505,182,101,117,60
786,202,164.180970,180,92,100,60
783,195,161.888159,176,85,92,60
780,187,163.555634,154,76,83,60
775,176,162.929768,135,69,76,60
771,169,165.251982,110,59,68,60
768,162,163.895891,109,54,58,60
763,151,164.985863,94,44,47,60
760,146,161.014347,82,37,38,60
758,145,146.993155,121,39,35,60
758,146,135.440728,237,45,37,60
757,147,115.687539,238,107,51,60
757,148,79.488721,370,226,111,60
759,150,48.846249,370,263,235,60
760,150,32.919640,370,350,234,60
761,151,17.286241,370,370,278,60
758,156,12.272488,189,370,296,60
755,160,15.270558,210,370,283,60
751,164,23.402686,370,370,258,60
749,166,32.982432,370,370,241,60
744,169,42.676302,370,357,224,60
741,170,50.605638,370,310,217,60
738,171,55.733693,370,253,213,60
732,172,73.178245,370,222,217,60
729,172,83.758277,314,197,145,60
723,171,95.250315,274,191,125,60
719,170,106.236750,214,196,89,60
716,169,119.344310,193,144,72,60
712,167,125.807925,186,111,65,60
702,161,130.191874,179,98,61,60
694,157,124.719912,168,96,56,60
683,152,122.172762,159,88,52,60
677,150,117.833581,154,95,52,60
674,150,100.294974,169,143,71,60
673,152,69.618611,216,140,106,60
673,153,52.282545,370,166,148,60
673,154,36.806350,370,213,148,60
670,157,26.087013,370,342,161,60
664,164,21.989283,370,355,159,60
660,170,17.328062,370,370,159,60
656,176,15.722374,370,370,159,60
651,183,17.684231,370,370,157,60
647,189,16.891839,370,370,152,60
640,199,16.014849,370,370,147,60
636,206,14.999244,370,370,144,60
629,217,16.971985,370,370,138,60
624,224,17.466376,370,370,130,60
620,230,16.272751,370,370,123,60
613,240,14.497456,370,365,117,60
609,247,17.020016,370,356,113,60
605,253,15.477878,370,346,107,60
601,260,15.114126,370,343,103,60
596,269,11.588408,370,370,106,60
591,278,9.121696,370,370,102,60
589,284,8.831033,370,370,104,60
585,293,6.831632,370,370,99,60
583,299,3.425105,370,370,100,60
581,309,3.238848,370,370,100,60
580,316,1.399460,370,370,102,60
579,323,1.595335,370,370,102,60
578,333,1.016284,370,370,102,60
577,340,0.346021,370,370,102,60
577,350,0.130336,370,370,103,60
577,356,-0.009601,370,370,103,60
577,366,-0.069265,370,370,103,60
577,372,-0.016448,370,370,103,60
579,382,-0.171454,370,370,104,60
580,389,-0.558304,370,370,107,60
581,399,-0.849492,370,370,110,60
582,405,-1.427314,370,370,113,60
584,412,-2.589026,368,370,118,60
587,421,-3.823313,358,370,125,60
590,428,-4.210331,350,370,131,60
593,437,-6.920055,340,370,141,60
596,443,-7.236556,320,370,158,60
600,449,-10.195795,309,370,171,60
603,456,-10.466478,300,370,183,60
608,465,-10.888769,292,370,195,60
612,472,-9.723678,292,370,196,60
616,479,-8.963978,290,370,199,60
621,490,-8.323855,288,362,202,60
624,497,-7.246459,288,350,202,60
627,505,-6.308862,288,341,202,60
629,512,-5.420053,289,334,200,60
633,523,-4.464300,292,326,199,60
636,530,-3.624289,289,318,203,60
638,537,-3.513533,288,308,204,60
641,548,-3.353820,286,300,207,60
643,556,-3.153740,283,292,209,60
644,563,-3.065307,282,285,212,60
646,569,-2.214077,283,275,210,60
648,580,-1.174361,286,267,209,60
649,587,-0.572611,288,260,207,60
649,598,-0.031634,290,250,206,60
649,605,-0.014849,292,239,204,60
649,616,0.291721,293,232,204,60
648,623,0.312528,295,225,202,60
647,630,0.646986,299,214,199,60
646,638,0.979473,286,206,196,60
645,645,0.989797,276,199,195,60
642,656,1.207812,265,192,192,60
641,663,1.466571,250,181,188,60
639,671,2.310407,235,173,182,60
636,682,2.525245,224,166,178,60
634,689,2.820865,213,158,175,60
631,697,3.131778,197,147,168,60
629,705,3.633824,185,139,164,60
625,716,3.582090,175,132,159,60
623,723,3.750502,166,124,159,60
621,730,3.911952,151,114,152,60
617,741,3.775399,140,106,147,60
615,748,4.256881,127,96,144,60
611,758,4.574071,117,89,135,60
609,765,2.708300,111,83,124,60
608,771,1.895125,100,73,107,60
605,781,1.418254,92,66,96,60
604,791,1.369985,78,56,80,60
603,797,0.692771,65,47,68,60
602,804,0.117910,56,40,56,60
602,812,-0.001990,48,34,48,60
602,816,-0.290885,41,29,41,60
603,817,-1.903871,39,27,37,60
604,817,-10.077015,42,27,35,60
605,816,-19.778244,59,30,34,60
605,814,-42.972839,214,43,35,60
605,813,-62.651779,230,74,44,60
605,812,-86.517184,259,228,65,60
605,811,-107.692802,370,232,149,60
605,809,-135.531631,370,282,228,60
606,808,-147.037133,370,370,235,60
610,804,-150.553974,370,370,240,60
616,798,-153.037794,370,370,240,60
621,792,-153.511891,370,370,237,60
626,787,-154.012471,370,370,228,60
631,782,-153.344331,370,370,223,60
639,774,-152.765419,370,370,214,60
645,769,-150.421677,370,370,209,60
651,764,-148.575307,370,370,195,60
660,756,-142.429522,370,370,185,60
667,751,-140.012472,370,370,176,60
673,747,-138.598056,370,370,164,60
683,739,-139.752245,370,370,157,60
690,735,-138.764787,370,370,149,60
697,730,-137.966106,370,370,140,60
707,723,-139.010559,370,370,133,60
714,719,-138.636675,370,370,123,60
723,712,-143.793206,370,370,118,60
730,705,-148.617106,370,370,114,60
735,701,-152.185523,370,370,111,60
740,696,-154.525656,370,370,109,60
744,691,-156.220779,370,319,107,60
750,684,-158.367408,370,310,104,60
754,679,-159.280895,370,298,370,60
759,672,-160.318807,370,290,370,60
765,664,-163.662289,370,289,370,60
770,657,-162.663625,370,278,370,60
775,652,-156.636079,370,271,370,60
779,649,-147.652449,370,370,370,60
783,646,-139.178730,370,370,370,60
789,644,-124.815991,370,370,47,60
792,643,-116.116858,265,370,41,60
796,642,-104.415520,370,32,35,60
805,641,-102.895714,370,22,25,60
817,639,-106.510544,370,14,16,60
823,637,-110.211875,370,8,8,60
828,635,-116.830814,3,1,1,60
830,634,-129.520782,244,370,3,60
831,632,-150.670305,370,370,370,60
830,631,-164.160454,370,370,370,60
830,629,-172.854606,370,229,370,60
831,623,-175.214296,370,225,370,60
832,619,-175.967425,370,324,370,60
833,615,-174.771030,370,253,370,60
836,610,-170.164560,370,212,370,60
838,608,-164.193787,370,213,370,60
842,604,-154.831448,370,370,370,60
845,602,-147.464194,370,370,370,60
848,600,-138.417085,370,370,370,60
852,599,-127.842131,370,370,370,60
856,598,-119.198024,370,370,370,60
859,597,-106.689731,370,370,370,60
866,597,-88.360495,370,370,370,60
869,598,-78.063044,370,370,350,60
873,599,-66.940817,370,370,285,60
878,601,-53.112573,370,370,262,60
881,604,-43.713590,370,346,248,60
885,607,-33.892130,370,304,65,60
887,610,-27.503748,370,268,32,60
891,614,-25.319423,370,258,38,60
901,625,-24.005737,370,247,48,60
907,631,-25.461137,370,243,79,60
918,641,-28.776377,370,233,120,60
924,646,-32.964140,368,237,180,60
928,649,-39.623596,348,261,203,60
936,653,-46.406125,340,278,200,60
941,656,-48.180492,333,296,200,60
948,659,-49.486182,323,300,196,60
958,664,-48.305833,316,298,193,60
965,668,-48.724466,309,287,189,60
972,671,-48.412604,302,277,185,60
980,675,-50.422634,292,281,180,60
990,680,-50.781753,285,275,178,60
998,684,-51.257283,274,273,172,60
1009,689,-53.043051,266,273,169,60
1016,692,-51.968822,258,263,166,60
1024,695,-51.106412,248,256,161,60
1035,700,-52.273424,241,254,158,60
1042,704,-52.164767,230,247,152,60
1053,708,-53.892015,223,248,151,60
1060,711,-54.658337,216,252,148,60
1067,714,-53.750123,204,240,144,60
1077,718,-53.804244,197,239,141,60
1084,721,-57.334086,192,229,140,60
1093,725,-60.060682,183,211,138,60
1100,727,-62.244191,178,195,138,60
1107,729,-65.250011,169,176,141,60
1117,731,-71.766139,168,163,147,60
1124,732,-73.380391,165,152,151,60
1131,733,-77.350561,159,143,154,60
1138,734,-80.214429,154,128,164,60
1149,735,-80.355577,145,121,164,60
1156,736,-81.840476,141,113,171,60
1167,737,-83.636033,130,101,157,60
1175,737,-82.629335,118,94,149,60
1182,737,-83.224390,104,83,131,60
1193,738,-86.518547,96,76,121,60
1201,738,-85.195476,87,67,104,60
1208,738,-87.654636,78,59,92,60
1215,738,-87.643202,66,49,72,60
1226,738,-94.393761,59,41,56,60
1233,736,-99.869741,54,32,38,60
1239,735,-116.023166,62,29,31,60
1240,734,-129.729135,296,39,31,60
1240,732,-153.336553,370,60,37,60
1240,730,-168.737964,370,221,56,60
1238,729,-175.226390,370,370,73,60
1238,729,176.364921,370,370,109,60
1237,730,171.282913,370,370,104,60
1230,718,166.149305,370,370,118,60
1226,710,163.084369,370,370,157,60
1220,702,158.402790,370,370,188,60
1216,696,155.029076,370,370,219,60
1212,692,158.622678,370,370,234,60
1207,686,152.710251,370,370,324,60
1202,681,153.382847,370,370,329,60
1195,672,149.702318,370,370,370,60
1189,666,152.133611,370,370,370,60
1183,659,159.112842,370,370,370,60
1180,654,161.676137,370,370,314,60
1178,650,163.969493,370,370,254,60
1177,643,176.010650,370,370,203,60
1177,637,179.244791,370,370,171,60
1177,633,-178.875379,370,370,151,60
1178,628,-177.586766,370,370,155,60
1181,619,-176.086977,370,370,149,60
1183,612,-168.981934,370,370,124,60
1184,605,-169.510276,370,370,127,60
1187,595,-176.822953,370,370,133,60
1188,588,-172.109646,370,370,125,60
1189,582,-171.658723,370,370,125,60
1190,575,-175.517828,370,370,133,60
1191,565,-171.286147,370,370,144,60
1191,558,-174.578188,370,370,120,60
1190,549,170.764583,370,370,175,60
1190,542,174.151618,370,370,157,60
1190,535,170.605456,361,370,186,60
1189,528,171.145017,361,370,186,60
1188,518,174.320099,369,370,179,60
1187,510,166.159229,351,370,199,60
1186,503,168.919081,347,370,203,60
1185,491,167.297066,337,370,219,60
1184,483,166.371601,334,370,224,60
1183,475,168.729385,343,368,210,60
1182,462,171.270438,358,355,193,60
1181,454,166.532730,343,350,210,60
1180,446,167.911695,330,346,231,60
1179,433,173.626210,340,328,214,60
1178,425,167.241829,336,321,220,60
1178,416,166.700785,323,316,244,60
1177,408,167.118951,329,301,231,60
1178,395,169.948043,331,291,228,60
1178,387,-177.317745,351,274,145,60
1178,375,-168.500150,312,266,131,60
1179,366,-178.768296,345,251,158,60
1180,355,-168.868958,299,247,134,60
1181,347,-172.351395,292,239,134,60
1182,337,135.257397,275,234,127,60
1182,330,-179.038571,285,219,142,60
1183,322,162.885672,269,324,217,60
1182,315,178.386618,296,200,168,60
1182,305,170.185658,337,198,219,60
1181,297,167.847414,336,190,213,60
1181,289,170.010505,302,177,204,60
1180,277,164.224900,312,171,196,60
1180,269,166.608659,293,159,182,60
1179,261,179.689139,212,146,168,60
1179,248,-145.977851,266,211,147,60
1179,240,164.562606,269,136,148,60
1180,231,166.326788,227,124,142,60
1180,223,170.530716,188,110,133,60
1180,212,137.712151,107,132,97,60
1179,204,170.544152,186,97,109,60
1178,194,168.570272,144,81,96,60
1176,183,167.270745,125,70,82,60
1173,174,175.508780,90,59,78,60
1170,164,174.896678,76,49,63,60
1167,155,172.620270,65,41,51,60
1164,147,171.453400,59,36,44,60
1161,143,167.807748,78,34,35,60
1160,143,161.628750,65,31,32,60
1159,143,149.178476,124,37,34,60
1159,144,127.417622,247,69,42,60
1159,145,108.795100,261,134,54,60
1160,147,80.669014,370,239,92,60
1162,147,61.479580,370,254,157,60
1163,148,45.572917,370,370,250,60
1162,149,42.060717,370,370,251,60
1156,153,37.774151,370,370,248,60
1152,156,35.713295,370,370,245,60
1145,163,35.956807,370,370,243,60
1139,167,34.102907,370,370,238,60
1133,172,37.910166,370,370,231,60
1127,176,38.667278,370,370,223,60
1117,182,40.780987,370,370,212,60
1108,187,47.302231,370,370,199,60
1101,190,51.109300,370,246,190,60
1094,194,51.521002,370,229,180,60
1082,199,54.151271,370,210,172,60
1075,202,55.663472,370,193,162,60
1068,205,53.277670,370,190,154,60
1057,211,53.086918,370,180,147,60
1050,214,48.362574,370,178,140,60
1043,218,47.880938,370,176,130,60
1034,224,42.741940,370,178,125,60
1028,227,43.724914,370,370,120,60
1022,231,41.717884,370,370,114,60
1013,237,40.469969,370,370,106,60
1008,241,38.829837,370,370,99,60
1001,246,35.924660,370,370,94,60
996,250,34.605792,370,370,92,60
992,254,32.128499,370,370,89,60
985,260,28.730815,370,370,83,60
981,265,25.650786,370,370,83,60
978,269,21.926865,370,370,82,60
973,276,18.292987,370,370,80,60
970,280,15.387664,370,318,82,60
966,287,11.638866,370,315,82,60
964,292,8.436568,370,370,85,60
961,299,5.224846,370,370,370,60
960,304,3.396559,370,370,370,60
959,310,1.292847,370,370,370,60
959,317,0.166063,370,370,370,60
959,322,0.096815,370,370,370,60
958,327,0.351779,370,370,370,60
957,333,2.166811,370,370,370,60
955,337,4.279239,370,370,370,60
953,341,6.856530,370,370,370,60
950,346,13.493226,370,278,370,60
948,349,18.855154,370,249,370,60
945,351,24.924724,370,370,370,60
942,354,30.919076,370,370,370,60
938,356,40.882502,370,370,370,60
933,358,51.486791,370,370,370,60
929,359,65.226376,370,370,16,60
925,359,75.614038,370,8,8,60
922,359,85.790305,1,1,1,60
908,359,88.060321,0,0,0,60
902,360,78.357881,0,0,0,60
900,361,60.692043,370,370,10,60
899,362,43.710178,231,370,370,60
899,364,22.157661,370,370,370,60
899,365,13.670150,370,370,370,60
898,369,9.532885,370,370,370,60
896,373,8.410709,370,215,370,60
892,380,10.608180,370,211,370,60
889,385,12.213335,370,370,370,60
886,390,13.933158,370,370,370,60
883,394,17.034696,370,370,370,60
879,398,20.971958,370,370,370,60
874,403,29.448820,370,370,370,60
870,405,38.771935,189,370,355,60
865,408,44.718782,370,370,340,60
861,409,56.734455,370,370,338,60
854,411,68.150548,370,358,345,60
849,411,77.518196,370,338,355,60
843,411,87.676714,370,309,370,60
835,411,100.795265,370,303,370,60
828,410,102.670126,370,300,370,60
822,409,103.526908,338,297,370,60
814,407,105.047317,316,299,348,60
808,405,113.651175,302,302,334,60
803,403,118.116328,285,307,319,60
795,399,122.298699,278,305,313,60
789,397,125.305647,268,317,302,60
784,393,135.547109,258,368,286,60
775,387,136.388650,251,343,283,60
769,382,143.899166,247,366,278,60
764,378,146.111503,243,364,272,60
758,373,151.198596,248,301,271,60
753,367,151.791590,245,290,266,60
745,359,152.654692,240,283,261,60
739,354,148.282245,231,281,254,60
732,345,148.802141,223,272,245,60
727,339,151.731405,212,280,235,60
719,330,152.019560,210,255,230,60
714,324,152.992634,206,238,223,60
709,318,153.896387,203,229,217,60
701,308,156.288062,195,224,209,60
696,301,157.525375,202,203,210,60
691,294,159.842100,193,193,199,60
684,284,155.825933,189,185,190,60
679,277,158.118416,178,177,178,60
672,267,158.472141,175,169,173,60
667,261,157.589317,166,164,164,60
662,255,157.013099,158,159,155,60
657,249,152.225611,155,152,149,60
650,241,150.826522,138,151,135,60
646,236,145.572374,127,152,128,60
639,229,147.140075,123,145,123,60
635,224,146.853824,120,138,120,60
627,218,144.771258,110,137,111,60
623,214,140.361650,103,140,109,60
618,210,138.954479,96,138,104,60
613,206,135.261363,87,124,100,60
605,201,131.465836,82,109,99,60
600,198,122.707778,72,84,99,60
595,196,118.502850,68,74,100,60
590,194,117.240447,62,67,100,60
582,191,117.148946,54,57,97,60
574,188,106.266402,49,45,92,60
568,187,100.696609,44,39,73,60
562,186,98.732395,35,29,48,60
556,186,94.003846,30,22,34,60
548,185,92.378103,18,14,21,60
546,186,71.741016,23,13,16,60
545,187,57.321716,44,16,16,60
546,188,38.574087,370,35,23,60
547,188,29.877131,370,55,30,60
549,187,11.758762,370,116,39,60
551,186,2.068927,370,370,55,60
552,184,-0.008672,370,370,66,60
552,183,-2.479133,370,370,72,60
553,181,-9.446577,370,370,92,60
557,186,-13.747618,370,370,109,60
562,194,-15.345873,370,370,123,60
568,201,-21.178231,314,370,157,60
572,206,-23.309335,292,370,214,60
579,211,-30.314595,276,370,298,60
583,215,-33.424555,265,370,370,60
591,221,-36.067876,252,370,370,60
597,225,-36.864943,243,370,370,60
606,232,-33.718726,238,370,370,60
612,236,-30.437894,237,370,370,60
617,241,-26.644866,237,370,370,60
623,248,-21.764937,240,370,345,60
627,253,-19.996751,370,370,321,60
633,261,-18.965987,370,370,312,60
637,266,-17.876441,370,370,310,60
643,275,-15.770036,370,370,302,60
647,281,-13.478033,370,370,295,60
653,291,-10.918126,370,370,285,60
658,302,-10.100354,370,370,278,60
661,309,-8.713243,370,370,274,60
666,320,-6.673611,370,370,269,60
671,332,-6.024357,370,370,269,60
674,340,-6.128484,370,370,274,60
677,347,-6.278511,370,370,276,60
680,355,-6.612583,370,370,285,60
683,363,-6.732532,370,370,293,60
688,374,-6.401934,370,370,296,60
690,382,-5.605965,370,370,298,60
695,394,-5.194490,370,370,302,60
698,402,-5.233037,370,370,302,60
700,410,-4.492085,370,370,305,60
702,418,-4.068312,370,370,305,60
706,430,-3.190497,240,370,306,60
708,437,-2.268410,223,370,302,60
710,449,-1.994741,204,370,302,60
712,457,-1.791468,197,370,303,60
713,464,-1.562368,195,370,305,60
716,476,-1.882352,192,370,307,60
717,484,-1.788512,189,364,312,60
719,495,-1.143550,189,352,310,60
720,503,-0.715389,189,341,309,60
721,512,-0.484630,189,332,309,60
722,520,-0.308917,188,324,309,60
723,531,-0.180847,188,316,309,60
722,539,-0.012333,188,309,310,60
723,547,0.010369,189,301,307,60
722,559,0.212661,189,289,306,60
721,571,0.455488,192,277,303,60
720,578,0.507433,195,270,302,60
719,586,0.512711,195,262,300,60
717,597,0.922714,199,251,298,60
716,604,0.855039,202,243,293,60
715,610,0.321295,200,234,296,60
715,618,-0.003910,199,229,298,60
716,622,-0.447287,196,225,300,60
717,625,-1.948463,189,219,299,60
719,630,-5.739306,179,217,285,60
721,633,-8.876751,161,214,261,60
724,637,-15.771235,147,215,244,60
726,640,-21.733362,134,220,230,60
729,642,-27.052201,123,228,219,60
736,648,-31.909848,107,197,206,60
742,652,-31.746743,100,186,202,60
750,660,-32.237561,94,174,196,60
756,664,-33.289448,85,152,189,60
762,669,-34.212052,79,137,183,60
771,675,-35.794716,72,123,179,60
777,679,-36.558987,62,103,172,60
786,686,-37.359019,55,91,168,60
792,690,-36.394340,49,79,164,60
795,693,-28.351500,48,96,161,60
796,696,-14.687968,55,149,166,60
796,697,-5.920185,72,148,188,60
795,698,-1.158758,83,146,202,60
794,700,0.173800,87,145,204,60
793,707,0.342461,90,141,200,60
792,714,0.410965,92,130,185,60
791,724,0.372967,92,124,176,60
790,731,0.259210,93,113,161,60
790,738,0.123394,93,106,149,60
789,748,0.042006,94,99,140,60
789,755,0.024819,94,93,131,60
789,765,-0.010221,94,83,117,60
790,771,-0.034080,94,76,107,60
790,778,-0.196635,93,66,93,60
791,786,-0.609807,86,60,83,60
792,792,-1.314143,75,52,72,60
794,800,-2.927071,69,47,63,60
795,804,-5.659845,63,40,52,60
798,808,-13.715604,65,38,45,60
799,808,-23.959047,52,40,42,60
800,808,-37.842493,42,47,42,60
802,808,-57.405522,30,35,51,60
803,807,-88.720485,30,25,45,60
803,805,-108.767153,38,24,30,60
803,805,-128.216205,370,36,30,60
802,804,-145.319037,370,63,37,60
800,803,-166.683620,370,137,51,60
799,804,-176.125545,370,370,65,60
798,804,-179.854719,370,370,80,60
796,804,172.997630,354,370,109,60
794,795,173.120368,364,370,104,60
791,788,171.363957,351,370,116,60
787,780,168.206076,338,370,127,60
784,775,164.247626,326,370,142,60
779,769,156.350188,283,370,370,60
776,765,155.296773,276,370,370,60
771,760,150.312749,271,370,370,60
763,752,152.045998,247,370,370,60
758,747,152.085453,255,370,369,60
752,739,155.846470,251,370,364,60
748,734,157.373464,252,370,362,60
742,726,159.187740,250,370,360,60
738,721,160.318913,251,370,358,60
735,715,162.055217,248,370,351,60
732,709,164.598379,252,370,370,60
729,703,166.588583,255,370,370,60
724,693,168.782980,255,370,370,60
722,686,169.883222,257,370,370,60
719,676,172.807148,269,370,370,60
717,670,174.042735,269,370,370,60
716,663,175.367616,274,370,370,60
715,655,174.981182,271,370,370,60
714,645,174.956787,266,370,370,60
713,639,173.745631,268,370,370,60
713,632,179.231681,289,370,370,60
714,621,-178.386907,370,370,370,60
714,615,-176.982818,317,370,370,60
716,605,-176.961198,321,370,370,60
718,595,-175.625624,329,370,370,60
720,589,-174.125764,341,370,370,60
723,582,-173.776639,354,370,370,60
727,573,-171.447250,370,370,370,60
730,567,-169.347354,370,370,370,60
733,560,-167.346792,370,370,370,60
739,551,-165.333775,370,370,370,60
743,545,-162.986482,370,370,370,60
748,539,-162.275550,370,324,370,60
754,531,-160.754057,370,292,370,60
758,526,-159.573232,370,251,370,60
763,521,-157.048217,370,200,370,60
768,516,-154.796293,370,177,370,60
777,507,-152.407532,370,139,370,60
780,504,-155.382374,370,129,370,60
783,500,-160.361536,370,183,370,60
785,497,-163.212933,370,210,370,60
787,491,-166.901759,370,248,370,60
790,486,-170.374063,370,313,370,60
793,481,-168.008546,370,274,370,60
798,473,-166.118002,370,231,370,60
802,467,-164.328838,370,187,370,60
808,458,-161.725292,370,133,370,60
812,453,-160.646866,370,109,370,60
817,448,-158.552266,370,88,370,60
821,442,-158.109858,357,63,370,60
828,436,-158.289934,348,45,370,60
833,430,-154.199366,336,34,370,60
841,423,-150.174013,327,30,370,60
847,418,-147.001790,317,26,370,60
852,414,-143.641614,18,22,370,60
861,408,-138.420204,16,19,370,60
867,405,-134.920226,14,370,370,60
873,402,-128.718436,298,370,370,60
876,402,-113.190458,309,370,370,60
881,402,-90.995477,370,370,370,60
887,403,-81.840348,370,370,370,60
893,404,-77.661351,370,370,370,60
903,406,-73.209577,370,370,370,60
910,407,-70.625025,370,370,370,60
916,409,-67.018392,370,370,370,60
925,412,-60.073786,361,370,370,60
932,414,-56.672594,348,370,370,60
938,417,-52.674647,338,370,370,60
944,420,-48.769623,327,370,370,60
953,425,-44.893159,321,370,370,60
962,431,-41.266100,314,370,370,60
968,435,-37.185520,310,370,370,60
973,439,-33.307735,310,370,370,60
981,446,-29.286983,310,370,370,60
986,451,-27.076733,309,370,353,60
991,456,-25.922448,306,370,345,60
998,463,-24.436942,302,370,347,60
1003,468,-23.145032,302,370,329,60
1007,473,-21.268306,302,370,316,60
1011,479,-19.444697,302,370,300,60
1015,484,-16.212257,307,370,275,60
1019,491,-14.234639,310,365,265,60
1025,500,-11.996208,312,352,257,60
1028,507,-10.375995,316,343,251,60
1034,518,-9.480903,314,335,252,60
1037,525,-8.290320,313,326,252,60
1041,533,-8.166830,312,319,255,60
1046,544,-9.023762,305,308,265,60
1050,551,-9.390318,296,302,278,60
1054,558,-10.319270,288,294,289,60
1059,569,-11.304506,278,285,306,60
1063,576,-11.571550,269,274,321,60
1067,583,-11.367728,265,267,313,60
1073,594,-10.152653,262,259,307,60
1076,601,-8.684956,264,246,300,60
1081,611,-7.319578,265,238,296,60
1083,616,-8.869789,259,232,288,60
1086,620,-11.545266,243,229,269,60
1088,623,-15.682878,227,230,255,60
1092,627,-22.754864,213,235,241,60
1095,630,-28.376530,193,247,227,60
1102,636,-30.236968,186,244,221,60
1108,642,-29.840698,180,241,216,60
1114,647,-30.600377,169,233,207,60
1123,654,-30.893688,164,228,202,60
1128,659,-33.046858,155,227,196,60
1134,664,-35.908858,148,226,192,60
1143,670,-38.203513,137,221,183,60
1149,674,-40.128633,130,206,179,60
1154,678,-40.978382,123,190,175,60
1160,681,-41.545321,114,172,171,60
1169,687,-42.219384,109,161,166,60
1175,690,-43.075594,99,144,162,60
1183,695,-45.839628,89,125,158,60
1189,699,-47.620588,83,112,155,60
1198,703,-51.806362,76,99,154,60
1207,706,-57.560272,66,80,154,60
1213,709,-57.636080,61,68,155,60
1219,711,-61.537839,51,55,155,60
1225,712,-63.715460,45,47,131,60
1235,715,-68.465184,38,39,99,60
1241,716,-73.215484,31,29,62,60
1247,717,-77.303077,24,22,41,60
1253,717,-80.549066,14,12,20,60
1260,717,-93.035406,8,6,10,60
1262,716,-106.988377,6,3,4,60
1262,715,-123.326894,30,8,7,60
1263,714,-148.047956,370,19,13,60
1262,713,-159.628551,370,42,20,60
1261,713,-171.657936,370,111,30,60
1260,713,-175.450734,370,370,41,60
1259,715,137.826134,370,370,48,60
1258,716,175.556858,370,370,54,60
1258,717,167.969728,370,370,78,60
1252,707,164.639576,370,370,80,60
1248,701,163.692762,370,370,111,60
1242,695,157.157858,370,370,144,60
1238,691,145.982465,370,370,357,60
1232,686,141.315304,324,370,370,60
1227,683,135.053512,317,370,370,60
1222,680,134.605926,310,370,370,60
1216,676,133.853520,306,370,370,60
1211,672,135.514574,300,370,370,60
1205,668,135.291523,370,370,370,60
1200,664,137.685236,289,370,370,60
1192,657,138.307698,370,370,370,60
1187,653,147.614393,370,370,370,60
1179,645,154.206071,370,370,370,60
1175,640,151.039752,370,370,370,60
1168,632,154.016731,370,370,370,60
1164,626,159.252659,370,370,319,60
1161,620,162.371884,370,370,283,60
1156,611,169.180871,370,370,317,60
1153,605,171.221612,370,370,306,60
1150,598,166.704279,370,370,310,60
1146,587,170.658972,370,370,310,60
1143,580,167.735000,331,370,283,60
1140,573,170.688118,300,370,269,60
1138,566,166.436036,312,370,307,60
1134,555,169.958973,290,370,286,60
1130,543,169.009110,275,370,319,60
1128,535,171.869505,271,370,324,60
1126,527,165.612046,302,370,265,60
1124,519,168.533226,272,370,316,60
1121,507,171.043525,272,370,314,60
1119,499,169.711826,312,370,255,60
1118,491,168.625425,268,370,320,60
1116,479,170.443504,271,370,310,60
1114,471,167.974379,257,365,343,60
1113,460,168.008077,258,357,340,60
1112,452,170.211641,265,346,321,60
1110,441,169.440993,255,338,344,60
1110,433,172.090294,262,327,326,60
1109,426,169.058172,257,317,336,60
1109,413,174.100294,254,310,344,60
1109,406,-144.407892,269,298,309,60
1110,398,-170.031338,347,287,220,60
1111,387,-169.880010,336,281,216,60
1113,379,-167.818431,313,277,203,60
1114,371,-168.137980,306,262,207,60
1116,360,-167.014634,305,253,213,60
1117,352,-171.359442,289,246,206,60
1118,345,-170.606933,282,234,210,60
1119,334,-176.537882,271,227,206,60
1119,327,-167.692784,261,220,204,60
1120,317,-170.600679,247,210,202,60
1120,305,-168.577548,233,198,202,60
1121,298,-170.279707,220,193,195,60
1121,291,-171.786010,221,178,213,60
1122,279,164.047837,207,258,178,60
1122,272,179.412100,228,160,223,60
1121,261,170.454675,216,149,204,60
1121,253,166.232381,259,143,162,60
1120,242,168.978857,241,135,157,60
1120,235,170.316828,207,122,147,60
1118,224,167.596487,206,115,134,60
1117,217,168.824122,152,105,145,60
1116,210,170.741292,164,97,117,60
1114,204,167.255934,166,92,106,60
1111,195,167.403186,130,83,109,60
1109,189,173.716767,121,78,99,60
1106,184,171.375387,118,73,90,60
1104,179,168.637524,116,66,78,60
1099,171,164.513054,152,65,65,60
1096,166,162.470044,113,55,59,60
1090,160,158.802605,111,52,54,60
1087,157,153.914610,135,50,48,60
1085,156,138.110448,179,57,48,60
1084,157,113.706121,173,108,58,60
1084,158,103.497344,190,169,76,60
1085,159,72.351809,370,166,134,60
1086,160,51.081252,370,195,175,60
1086,161,36.736499,370,370,175,60
1083,165,26.281074,370,370,182,60
1079,169,21.525472,370,370,192,60
1076,174,17.956220,370,370,196,60
1071,182,15.572142,370,370,199,60
1068,188,13.948570,370,370,199,60
1065,193,12.186506,370,370,199,60
1060,202,10.058493,370,370,199,60
1057,208,9.548559,370,370,199,60
1055,214,8.515716,370,370,197,60
1051,223,6.588812,370,370,197,60
1049,229,5.778275,370,370,370,60
1047,235,4.726913,370,370,370,60
1044,244,3.704972,370,370,370,60
1043,250,3.313767,370,370,370,60
1040,260,4.116328,370,370,370,60
1037,267,4.659215,370,370,370,60
1035,274,4.654604,370,370,370,60
1033,281,5.135977,370,370,370,60
1029,292,5.416387,370,370,370,60
1026,299,5.384832,370,370,370,60
1024,306,5.552898,370,370,370,60
1021,313,6.186951,370,370,370,60
1017,323,6.690867,370,370,370,60
1014,330,8.484451,370,370,370,60
1010,337,9.603731,370,370,370,60
1005,346,11.671346,370,370,370,60
1001,353,14.011726,370,370,370,60
996,359,16.836982,370,370,370,60
992,365,19.791639,370,270,370,60
984,373,22.334331,370,233,370,60
979,379,25.102934,370,230,370,60
974,384,25.251065,370,225,370,60
969,389,26.296581,370,222,370,60
962,397,27.436439,370,370,370,60
956,402,28.882662,370,370,370,60
947,410,32.244594,370,370,370,60
938,417,34.996005,370,370,370,60
932,421,38.897340,370,370,370,60
925,426,39.537200,370,370,370,60
919,430,42.687240,370,370,370,60
909,435,48.568808,161,370,370,60
902,439,51.663753,159,370,370,60
895,442,53.537838,370,370,369,60
885,446,57.594431,370,370,365,60
877,448,59.576530,370,370,358,60
871,450,61.518179,370,370,354,60
864,453,63.509029,370,370,350,60
853,456,67.032749,370,356,347,60
845,457,67.408633,370,347,340,60
838,459,69.973722,370,325,337,60
826,461,72.468303,370,309,340,60
818,462,74.820992,370,300,330,60
809,463,79.090598,370,281,331,60
797,464,79.132089,370,272,323,60
789,465,82.515042,370,264,313,60
781,465,83.026585,370,253,319,60
769,466,81.463886,370,241,303,60
761,467,81.446251,370,234,288,60
753,467,83.659551,353,221,279,60
741,467,82.079254,344,213,266,60
733,468,85.234600,309,204,268,60
721,468,86.071546,295,192,250,60
713,468,85.644585,282,184,240,60
705,468,86.403869,258,171,227,60
697,468,83.792759,258,164,209,60
685,469,83.378987,247,156,199,60
678,469,82.794912,230,149,193,60
670,469,81.558966,224,141,179,60
663,470,79.460997,224,135,165,60
656,471,75.126916,243,127,142,60
646,472,71.855214,264,124,131,60
640,474,64.787853,317,120,116,60
632,476,58.999671,370,124,109,60
626,478,54.673773,370,116,102,60
619,482,51.716273,370,120,94,60
614,484,44.619983,368,126,89,60
610,487,38.410002,365,139,87,60
605,490,36.768387,362,138,83,60
601,493,31.339810,365,155,83,60
596,498,21.510360,369,180,85,60
594,502,18.042206,370,212,86,60
591,505,16.243395,370,280,90,60
588,510,10.374045,370,344,92,60
587,514,6.330075,370,332,102,60
586,520,2.704897,370,324,109,60
585,525,1.543813,370,321,111,60
585,529,0.499798,370,315,113,60
585,534,-0.135315,370,311,114,60
586,539,-0.065172,370,305,116,60
587,546,-0.874335,370,301,117,60
588,550,-1.407119,370,296,120,60
589,555,-2.868101,357,289,128,60
591,562,-6.080956,350,285,134,60
594,566,-9.211692,330,282,148,60
596,569,-11.917441,303,282,179,60
600,575,-18.686737,281,285,220,60
603,578,-23.409270,259,292,289,60
607,581,-25.014424,251,293,282,60
614,587,-32.507470,235,308,271,60
619,591,-34.028978,227,312,265,60
625,596,-33.720126,221,308,261,60
634,603,-32.703677,213,296,252,60
640,608,-33.630436,207,291,248,60
646,612,-30.494628,200,275,243,60
652,617,-35.274399,189,284,235,60
661,623,-38.434172,180,289,231,60
667,627,-39.850191,173,274,227,60
674,631,-40.853702,165,254,223,60
683,637,-42.914258,157,233,217,60
689,641,-43.623454,147,212,212,60
696,645,-44.660521,138,198,207,60
705,650,-46.786645,133,184,204,60
711,653,-49.204861,125,168,203,60
718,656,-50.963054,118,153,202,60
724,658,-53.145817,109,135,200,60
734,662,-55.180053,103,125,197,60
740,665,-56.314021,93,109,196,60
750,668,-58.058060,86,101,195,60
756,670,-60.509234,79,91,195,60
763,672,-63.747872,73,79,197,60
773,674,-69.352256,63,64,155,60
779,676,-73.496557,55,50,102,60
789,677,-80.329663,48,42,75,60
796,677,-83.720917,42,35,56,60
802,677,-88.941739,35,27,41,60
810,676,-95.929580,28,19,25,60
814,675,-105.157670,23,14,17,60
816,674,-118.151432,32,14,14,60
816,673,-134.168617,370,25,18,60
815,672,-157.417646,370,370,27,60
814,672,-169.168609,370,370,37,60
813,671,-174.737324,370,370,370,60
812,671,170.581935,289,370,370,60
811,660,174.454634,370,370,370,60
809,652,174.148289,370,370,370,60
807,642,173.583903,370,370,370,60
806,634,173.240343,370,370,370,60
805,627,174.731478,370,370,370,60
804,616,176.991719,370,370,370,60
804,608,177.099420,370,370,370,60
803,600,-138.241884,370,370,370,60
804,593,-178.817108,370,370,370,60
804,582,-178.156980,370,370,370,60
806,570,-175.265236,370,370,370,60
807,563,-177.051793,370,370,370,60
809,552,-175.685382,370,370,370,60
811,544,-175.090729,370,370,370,60
813,537,-173.569157,370,370,370,60
814,530,-176.416208,370,370,370,60
817,519,-174.055211,370,370,370,60
820,511,-173.049752,370,262,370,60
823,504,-172.565959,370,294,370,60
826,495,-161.965414,370,218,370,60
830,487,-170.194302,370,120,370,60
833,479,-169.503657,370,97,370,60
834,475,-173.017915,370,140,370,60
835,468,-174.021457,370,240,370,60
835,464,-173.880421,370,160,370,60
835,458,168.388047,310,370,353,60
834,454,172.935821,370,343,69,60
833,448,172.657802,370,339,62,60
832,441,170.904800,370,335,52,60
831,430,167.027763,370,323,58,60
828,416,171.014898,370,308,52,60
826,404,177.086018,370,290,48,60
823,395,167.291963,348,298,90,60
820,386,165.019621,355,281,86,60
814,372,168.143317,360,268,87,60
811,367,166.555414,351,263,97,60
808,363,162.162949,334,264,118,60
804,356,161.069689,327,257,130,60
800,353,157.516095,314,258,157,60
795,347,150.810351,293,265,230,60
791,344,146.272158,281,275,241,60
787,341,141.528574,265,296,234,60
782,338,135.741141,257,322,231,60
774,333,131.867428,251,335,228,60
764,328,128.325041,244,321,227,60
757,325,127.337133,234,295,224,60
751,322,124.353948,226,270,223,60
744,319,122.475073,220,254,223,60
734,314,119.049937,214,239,223,60
727,312,115.114793,207,217,227,60
720,309,114.941990,200,208,224,60
714,308,113.127682,196,198,227,60
704,305,106.120380,196,183,237,60
697,303,104.452876,190,174,241,60
690,302,102.078188,186,160,250,60
679,300,97.154645,182,151,257,60
671,299,96.877707,173,143,243,60
664,298,96.040046,169,134,216,60
656,297,95.314591,164,127,197,60
649,296,93.904108,152,115,175,60
638,295,91.688805,147,107,155,60
630,294,91.341741,130,100,155,60
619,294,88.782657,118,89,134,60
613,294,85.944890,120,79,106,60
604,293,87.549318,111,73,97,60
598,294,81.727949,107,65,80,60
592,295,79.754650,103,59,71,60
584,296,69.339693,134,59,61,60
577,299,57.731976,159,55,51,60
575,300,45.788390,370,61,49,60
574,302,32.965924,370,96,55,60
574,303,19.593573,370,172,66,60
574,304,8.271314,370,370,80,60
575,306,0.274145,370,370,94,60
576,306,-0.589579,370,370,103,60
577,311,-1.157412,370,370,106,60
580,318,-6.615769,370,370,123,60
584,324,-11.997190,370,370,138,60
587,328,-14.049610,370,370,173,60
590,331,-18.027917,370,370,213,60
596,336,-28.601086,370,370,259,60
600,339,-33.550217,370,370,370,60
605,342,-37.546520,370,370,370,60
613,348,-42.058483,370,353,370,60
619,351,-43.949417,370,336,370,60
629,357,-43.113681,370,332,370,60
635,361,-42.206154,370,317,370,60
641,365,-40.577616,370,300,370,60
650,372,-36.319925,370,310,370,60
656,376,-32.949301,370,332,370,60
661,381,-29.672770,370,347,370,60
669,389,-27.639900,370,370,370,60
675,395,-24.715454,370,370,370,60
683,403,-23.172699,370,370,370,60
688,409,-22.467042,370,370,370,60
695,417,-22.115869,370,370,370,60
700,423,-21.216200,370,370,370,60
705,429,-21.293230,370,370,370,60
712,437,-21.183007,370,370,370,60
717,443,-20.178224,370,357,370,60
724,452,-18.827461,370,370,370,60
728,458,-16.418413,370,370,370,60
734,468,-14.196671,370,370,370,60
738,474,-12.166981,370,370,370,60
741,481,-9.760260,370,370,370,60
745,488,-8.261544,162,360,370,60
748,495,-6.348169,144,351,370,60
752,505,-5.565542,133,344,370,60
754,512,-5.215934,130,337,370,60
757,519,-4.839007,125,326,370,60
760,530,-4.888156,123,319,370,60
763,537,-4.087615,120,308,370,60
764,544,-3.261730,121,301,370,60
767,555,-2.062078,120,292,370,60
768,563,-1.593240,120,285,370,60
770,568,-2.681886,114,276,370,60
772,575,-5.650856,109,272,355,60
774,578,-8.987942,100,269,337,60
776,581,-13.508313,90,270,317,60
780,585,-21.731958,75,210,292,60
782,587,-29.169382,66,147,276,60
787,590,-40.865346,54,89,264,60
790,591,-47.186749,370,67,262,60
795,594,-50.524796,370,49,261,60
800,597,-38.742358,37,52,255,60
802,600,-29.607092,39,72,257,60
810,607,-27.662810,37,74,254,60
815,612,-26.541336,32,65,250,60
821,617,-28.704747,21,43,240,60
829,624,-30.226070,16,30,234,60
835,629,-31.798929,8,16,227,60
841,634,-33.856842,1,3,221,60
849,640,-37.426784,0,0,0,60
855,644,-38.297979,0,0,0,60
864,650,-40.184926,0,0,0,60
868,653,-46.544154,0,0,0,60
870,653,-59.113926,370,370,210,60
870,652,-75.495447,370,370,245,60
870,651,-101.626495,370,370,370,60
871,649,-118.910903,370,370,370,60
877,647,-124.419761,370,370,370,60
883,644,-125.901102,370,370,370,60
890,641,-125.861588,370,370,370,60
900,637,-122.085550,370,370,370,60
907,635,-118.797087,370,370,370,60
914,633,-115.483944,370,370,370,60
921,631,-113.230979,370,370,370,60
932,628,-110.836917,370,364,365,60
940,626,-106.706686,370,348,367,60
948,625,-105.074074,370,332,370,60
955,624,-102.834287,370,318,364,60
966,623,-98.534211,370,308,365,60
973,622,-99.785005,370,296,357,60
983,621,-97.467427,370,287,353,60
990,620,-96.486516,370,279,351,60
996,620,-100.285513,370,273,324,60
1003,618,-108.503153,370,276,293,60
1008,616,-120.005691,370,290,274,60
1011,614,-131.466094,370,329,262,60
1014,612,-136.787114,370,370,259,60
1021,607,-143.411128,370,370,258,60
1027,603,-143.599268,370,370,251,60
1036,596,-143.952310,370,370,243,60
1045,589,-144.536060,370,370,234,60
1050,585,-145.140283,370,370,230,60
1059,578,-144.969336,370,370,224,60
1065,574,-144.162830,370,350,216,60
1071,569,-144.535998,370,354,209,60
1076,565,-144.921097,370,349,203,60
1084,558,-146.932224,370,348,199,60
1090,553,-148.877162,370,328,192,60
1095,549,-146.331941,370,319,188,60
1099,544,-156.152884,370,370,195,60
1106,536,-153.646643,370,370,183,60
1110,531,-154.976382,370,370,182,60
1113,525,-157.689490,370,370,183,60
1116,520,-160.705222,370,370,185,60
1121,511,-161.843810,370,370,183,60
1124,506,-169.712511,370,370,185,60
1126,500,-162.895819,370,370,182,60
1129,494,-163.891265,370,370,179,60
1133,485,-164.989522,370,370,176,60
1135,479,-165.762583,370,370,173,60
1137,474,-168.365419,370,370,171,60
1139,467,-167.914684,370,361,176,60
1141,458,-170.190184,370,352,180,60
1142,451,-167.163632,370,340,197,60
1143,445,-168.547134,370,337,173,60
1145,435,-169.412927,370,328,178,60
1145,428,-171.031697,370,323,173,60
1145,421,-170.800287,370,310,178,60
1145,415,164.493750,370,319,309,60
1145,408,165.611263,370,346,300,60
1144,399,176.824440,296,294,281,60
1143,393,168.389389,295,284,283,60
1142,382,164.776563,303,275,266,60
1140,374,167.699670,292,269,288,60
1139,366,168.235341,289,257,293,60
1138,358,165.721622,279,251,283,60
1137,350,165.882367,278,243,275,60
1135,338,167.267099,281,229,264,60
1134,330,167.573072,281,221,255,60
1132,317,170.966715,279,213,247,60
1131,309,167.548399,278,203,235,60
1130,301,168.129587,276,191,221,60
1128,290,168.041632,275,183,213,60
1126,282,165.820544,272,176,203,60
1124,272,166.399871,247,164,219,60
1122,265,169.301611,261,160,180,60
1120,258,167.458623,261,152,173,60
1118,252,168.885939,250,140,165,60
1116,245,165.988269,247,134,154,60
1112,235,173.714259,196,124,158,60
1109,229,171.740619,237,122,135,60
1107,223,161.322737,182,112,140,60
1102,214,169.139578,192,105,121,60
1099,209,166.340384,185,100,114,60
1096,205,157.377101,180,96,109,60
1091,198,159.356437,186,91,97,60
1087,194,156.529600,197,89,87,60
1083,190,153.033808,188,88,82,60
1077,185,147.898000,179,87,78,60
1073,181,145.110002,168,87,72,60
1067,177,137.018396,161,89,71,60
1062,175,136.308465,154,91,69,60
1058,173,130.631529,147,98,68,60
1055,173,110.588695,148,150,82,60
1054,173,92.209057,178,133,116,60
1053,174,75.350881,370,137,155,60
1053,175,61.462525,370,153,141,60
1050,177,49.982364,370,173,138,60
1046,180,41.970486,370,200,135,60
1043,183,35.758443,370,370,135,60
1039,187,30.728903,370,370,137,60
1033,193,24.700004,370,370,138,60
1029,198,21.842035,370,370,137,60
1025,205,16.951453,370,370,141,60
1022,209,13.656121,370,370,144,60
1019,217,10.342538,370,370,148,60
1017,222,8.046908,370,370,151,60
1015,227,5.512893,370,370,154,60
1013,234,1.924712,370,370,164,60
1013,238,0.525981,370,370,370,60
1013,243,0.096995,370,370,370,60
1013,248,-0.019439,370,370,370,60
1014,257,-0.492972,370,370,370,60
1015,263,-0.758810,370,370,370,60
1016,270,-0.833075,370,370,370,60
1017,282,-0.611684,370,370,370,60
1018,289,-0.386383,370,370,370,60
1018,301,-0.071092,370,370,370,60
1019,309,-0.003129,370,370,370,60
1019,317,-0.000033,370,370,370,60
1019,330,0.002929,370,370,370,60
1018,342,0.084748,370,370,370,60
1018,350,0.094692,370,370,370,60
1017,362,0.063456,370,370,370,60
1017,371,0.028189,370,370,370,60
1017,379,0.018340,370,370,370,60
1017,390,0.008565,370,370,370,60
1016,398,0.073590,370,370,370,60
1016,410,0.256826,370,370,370,60
1015,418,0.415944,370,370,370,60
1013,426,0.669705,370,370,370,60
1012,438,1.130856,370,370,370,60
1010,446,1.485685,370,370,206,60
1009,454,1.800757,370,370,196,60
1007,462,1.928481,370,370,183,60
1005,470,1.763617,370,370,168,60
1004,477,1.284013,370,367,157,60
1003,487,0.395432,370,360,155,60
1003,493,0.041860,370,354,158,60
1003,499,-0.007480,370,348,158,60
1004,504,-0.309253,370,342,158,60
1005,512,-1.362461,370,334,162,60
1006,518,-2.258928,370,329,168,60
1008,523,-3.356347,370,322,178,60
1009,528,-4.230511,370,317,183,60
1012,536,-5.737341,364,312,190,60
1014,541,-6.520031,353,305,202,60
1018,549,-8.049560,344,300,212,60
1021,555,-9.289864,337,295,220,60
1024,560,-10.951825,319,290,247,60
1027,565,-13.487997,305,288,272,60
1030,571,-17.900349,292,286,300,60
1036,578,-18.453154,278,282,299,60
1042,586,-19.788983,269,279,290,60
1047,591,-19.785877,261,271,281,60
1052,597,-21.222187,252,267,272,60
1059,606,-22.601696,244,262,264,60
1065,611,-24.198580,237,259,257,60
1069,616,-25.468770,230,255,248,60
1075,621,-27.629829,214,255,237,60
1082,628,-28.328610,212,249,231,60
1087,633,-28.613590,202,247,226,60
1095,640,-30.714060,193,243,217,60
1100,645,-32.218827,186,240,212,60
1106,649,-34.245585,173,242,203,60
1114,655,-35.850301,168,238,199,60
1119,659,-38.215785,161,241,195,60
1128,664,-42.033324,149,233,189,60
1136,669,-46.422905,140,198,185,60
1142,672,-48.534672,133,181,182,60
1148,675,-49.256702,127,163,182,60
1156,679,-52.985543,118,148,179,60
1162,681,-54.427246,109,132,178,60
1168,684,-56.103584,103,122,176,60
1176,687,-60.274093,97,109,178,60
1182,688,-62.821323,93,100,179,60
1188,690,-69.496146,86,83,189,60
1196,691,-77.892131,80,74,149,60
1202,692,-82.669899,79,67,118,60
1211,692,-89.463889,78,58,86,60
1217,691,-97.973063,79,50,65,60
1223,690,-101.468741,75,42,49,60
1228,689,-108.222393,82,39,42,60
1234,687,-117.625814,82,35,37,60
1235,686,-133.740863,185,41,35,60
1234,685,-154.091381,370,100,48,60
1233,684,-164.994767,370,195,61,60
1232,684,-174.503009,370,370,73,60
1231,684,142.871895,370,370,87,60
1230,683,167.484049,370,370,107,60
1226,675,171.450942,370,370,121,60
1221,664,166.553512,370,370,147,60
1217,659,164.232558,370,370,149,60
1214,655,156.342007,370,370,224,60
1210,651,155.735932,370,370,268,60
1204,646,146.978927,370,370,370,60
1200,643,138.249520,370,370,370,60
1195,639,134.786313,370,370,370,60
1187,633,133.553436,276,370,370,60
1181,629,134.802105,271,370,370,60
1174,625,136.436471,370,370,370,60
1168,620,137.706273,370,370,370,60
1158,612,140.294902,370,370,370,60
1152,607,139.878752,370,370,370,60
1145,602,141.103740,370,370,370,60
1139,596,144.179232,370,370,370,60
1133,591,146.602912,370,370,370,60
1124,583,144.456621,370,370,370,60
1118,577,147.553391,370,341,370,60
1112,572,148.183815,370,324,370,60
1106,567,140.838943,370,312,370,60
1098,559,147.052314,370,317,370,60
1093,555,137.468277,370,311,370,60
1089,553,138.990488,370,272,370,60
1084,550,131.284410,370,254,370,60
1080,548,123.894908,370,238,370,60
1077,547,123.040048,370,370,370,60
1071,546,112.123353,370,370,370,60
1068,546,104.454964,169,370,321,60
1063,545,95.143411,183,370,231,60
1057,545,94.462882,179,370,226,60
1050,545,90.224436,182,370,370,60
1042,544,95.575332,157,370,219,60
1035,544,92.485004,155,370,370,60
1024,544,93.712386,145,370,370,60
1017,544,93.290544,128,370,370,60
1006,543,92.135333,123,370,370,60
998,543,94.949023,111,370,370,60
990,543,93.641973,111,370,370,60
979,542,97.088990,123,370,370,60
971,541,97.240281,370,370,370,60
963,541,96.699390,370,370,370,60
955,540,97.326962,370,370,370,60
954,540,101.778835,370,370,370,60
954,540,97.722864,370,370,370,60
954,540,96.560802,370,370,370,60
954,540,100.286429,370,370,370,60
954,540,98.743095,370,370,370,60
954,540,98.321384,370,370,370,60
954,540,101.708551,370,370,370,60
954,540,99.119745,370,370,370,60
954,540,101.532971,370,370,370,60
954,540,98.347006,370,370,370,60
954,540,99.128672,370,370,370,60
954,540,98.337091,370,370,370,60
954,540,98.873995,370,370,370,60
954,540,97.779793,370,370,370,60
954,540,98.755319,370,370,370,60
954,540,98.783249,370,370,370,60
954,540,95.933227,370,370,370,60
954,540,99.483017,370,370,370,60
954,540,101.048203,370,370,370,60
954,540,99.177102,370,370,370,60
954,540,98.465657,370,370,370,60
954,540,99.592521,370,370,370,60
954,540,98.390249,370,370,370,60
954,540,101.696966,370,370,370,60
954,540,101.569527,370,370,370,60
954,540,100.790083,370,370,370,60
954,540,96.437775,370,370,370,60
954,540,98.842890,370,370,370,60
954,540,98.417793,370,370,370,60
954,540,101.024148,370,370,370,60
954,540,97.775808,370,370,370,60
954,540,98.238088,370,370,370,60
954,540,99.224745,370,370,370,60
954,540,98.310404,370,370,370,60
954,540,99.019622,370,370,370,60
954,540,102.019600,370,370,370,60
954,540,98.157106,370,370,370,60
954,540,98.700712,370,370,370,60
954,540,101.802715,370,370,370,60
954,540,101.342552,370,370,370,60
954,540,101.869337,370,370,370,60
954,540,99.687531,370,370,370,60
954,540,101.632694,370,370,370,60
954,540,96.647459,370,370,370,60
954,540,98.236981,370,370,370,60
954,540,98.843350,370,370,370,60
954,540,98.722512,370,370,370,60
954,540,98.789065,370,370,370,60
954,540,98.361092,370,370,370,60
954,540,98.563897,370,370,370,60
954,540,101.764362,370,370,370,60
954,540,99.625569,370,370,370,60
954,540,98.431908,370,370,370,60
954,540,98.037092,370,370,370,60
954,540,99.355705,370,370,370,60
954,540,96.905421,370,370,370,60
954,540,101.842099,370,370,370,60
954,540,97.980583,370,370,370,60
954,540,99.189299,370,370,370,60
954,540,102.392129,370,370,370,60
954,540,98.493997,370,370,370,60
954,540,101.864046,370,370,370,60
954,540,98.683288,370,370,370,60
954,540,101.287110,370,370,370,60
954,540,98.546277,370,370,370,60
954,540,101.285832,370,370,370,60
954,540,97.978891,370,370,370,60
954,540,97.651376,370,370,370,60
954,540,98.748306,370,370,370,60
954,540,97.547667,370,370,370,60
954,540,98.781816,370,370,370,60
954,540,102.363924,370,370,370,60
954,540,100.850999,370,370,370,60
954,540,101.580376,370,370,370,60
954,540,101.364361,370,370,370,60
954,540,98.047231,370,370,370,60
954,540,101.576874,370,370,370,60
954,540,98.621190,370,370,370,60
954,540,97.789327,370,370,370,60
954,540,98.526943,370,370,370,60
954,540,102.174553,370,370,370,60
954,540,98.582806,370,370,370,60
954,540,98.604929,370,370,370,60
954,540,102.149914,370,370,370,60
954,540,98.814170,370,370,370,60
954,540,101.472914,370,370,370,60
954,540,99.273201,370,370,370,60
954,540,101.252945,370,370,370,60
954,540,101.380816,370,370,370,60
954,540,102.110846,370,370,370,60
954,540,98.759896,370,370,370,60
954,540,101.463699,370,370,370,60
954,540,101.366317,370,370,370,60
954,540,98.660932,370,370,370,60
954,540,101.282711,370,370,370,60
954,540,101.398148,370,370,370,60
954,540,98.574253,370,370,370,60
954,540,101.636107,370,370,370,60
954,540,98.566470,370,370,370,60
954,540,96.367220,370,370,370,60
954,540,101.813361,370,370,370,60
954,540,101.393346,370,370,370,60
954,540,98.707663,370,370,370,60
954,540,99.194702,370,370,370,60
954,540,98.555650,370,370,370,60
954,540,98.169646,370,370,370,60
954,540,101.685054,370,370,370,60
954,540,101.639771,370,370,370,60
954,540,102.015108,370,370,370,60
954,540,97.362213,370,370,370,60
954,540,97.987520,370,370,370,60
954,540,98.867142,370,370,370,60
954,540,96.191521,370,370,370,60
954,540,98.785385,370,370,370,60
954,540,98.258370,370,370,370,60
954,540,101.681604,370,370,370,60
954,540,98.115944,370,370,370,60
954,540,98.261967,370,370,370,60
954,540,98.908544,370,370,370,60
954,540,98.736645,370,370,370,60
954,540,99.024599,370,370,370,60
954,540,99.072047,370,370,370,60
954,540,98.824922,370,370,370,60
954,540,99.007769,370,370,370,60
954,540,97.600297,370,370,370,60
954,540,101.081867,370,370,370,60
954,540,99.194787,370,370,370,60
954,540,98.207583,370,370,370,60
954,540,98.708848,370,370,370,60
954,540,98.290891,370,370,370,60
954,540,101.381491,370,370,370,60
954,540,98.916514,370,370,370,60
954,540,98.974018,370,370,370,60
954,540,98.530190,370,370,370,60
954,540,96.528119,370,370,370,60
954,540,98.239253,370,370,370,60
954,540,97.890925,370,370,370,60
954,540,98.600110,370,370,370,60
954,540,97.573381,370,370,370,60
954,540,98.865760,370,370,370,60
954,540,96.118932,370,370,370,60
954,540,101.344774,370,370,370,60
954,540,97.986754,370,370,370,60
954,540,98.985398,370,370,370,60
954,540,99.614330,370,370,370,60
954,540,99.176730,370,370,370,60
954,540,99.145485,370,370,370,60
954,540,99.019202,370,370,370,60
954,540,98.721931,370,370,370,60
954,540,98.806626,370,370,370,60
954,540,96.189098,370,370,370,60
954,540,102.075914,370,370,370,60
954,540,102.020021,370,370,370,60
954,540,101.566255,370,370,370,60
954,540,101.783574,370,370,370,60
954,540,98.665615,370,370,370,60
954,540,98.557043,370,370,370,60
954,540,101.895530,370,370,370,60
954,540,100.863704,370,370,370,60
954,540,97.678784,370,370,370,60
954,540,99.133052,370,370,370,60
954,540,100.129118,370,370,370,60
954,540,98.001880,370,370,370,60
954,540,101.260507,370,370,370,60
954,540,98.250906,370,370,370,60
954,540,97.898090,370,370,370,60
954,540,100.854396,370,370,370,60
954,540,98.253456,370,370,370,60
954,540,101.746640,370,370,370,60
954,540,98.300673,370,370,370,60
954,540,97.423245,370,370,370,60
954,540,101.487535,370,370,370,60
954,540,101.655714,370,370,370,60
954,540,97.656016,370,370,370,60
954,540,97.438071,370,370,370,60
954,540,98.329452,370,370,370,60
954,540,98.550688,370,370,370,60
954,540,101.908070,370,370,370,60
954,540,101.123533,370,370,370,60
954,540,98.124142,370,370,370,60
954,540,101.041241,370,370,370,60
954,540,96.477233,370,370,370,60
954,540,101.690741,370,370,370,60
954,540,100.090043,370,370,370,60
954,540,100.946529,370,370,370,60
954,540,99.116546,370,370,370,60
954,540,101.677770,370,370,370,60
954,540,98.797207,370,370,370,60
954,540,98.957382,370,370,370,60
954,540,101.876902,370,370,370,60
954,540,101.903444,370,370,370,60
954,540,97.528241,370,370,370,60
954,540,101.439474,370,370,370,60
954,540,98.673021,370,370,370,60
954,540,97.663875,370,370,370,60
954,540,99.386351,370,370,370,60
954,540,96.992378,370,370,370,60
954,540,99.020049,370,370,370,60
954,540,101.310514,370,370,370,60
954,540,101.650722,370,370,370,60
954,540,97.913811,370,370,370,60
954,540,101.475201,370,370,370,60
954,540,98.532614,370,370,370,60
954,540,99.140539,370,370,370,60
954,540,98.311520,370,370,370,60
954,540,98.959924,370,370,370,60
954,540,96.633756,370,370,370,60
954,540,98.811385,370,370,370,60
954,540,98.868968,370,370,370,60
954,540,99.561852,370,370,370,60
954,540,99.284108,370,370,370,60
954,540,99.008971,370,370,370,60
954,540,98.749696,370,370,370,60
954,540,98.072319,370,370,370,60
954,540,98.238177,370,370,370,60
954,540,101.834679,370,370,370,60
954,540,96.636630,370,370,370,60
954,540,101.950759,370,370,370,60
954,540,98.898406,370,370,370,60
954,540,97.893389,370,370,370,60
954,540,101.302392,370,370,370,60
954,540,101.797317,370,370,370,60
954,540,101.514223,370,370,370,60
954,540,98.879336,370,370,370,60
954,540,98.633863,370,370,370,60
954,540,98.336035,370,370,370,60
954,540,98.759768,370,370,370,60
954,540,98.228501,370,370,370,60
954,540,97.395065,370,370,370,60
954,540,101.727334,370,370,370,60
954,540,98.484273,370,370,370,60
954,540,101.585963,370,370,370,60
954,540,101.752593,370,370,370,60
954,540,99.318289,370,370,370,60
954,540,98.655102,370,370,370,60
954,540,98.867673,370,370,370,60
954,540,97.736790,370,370,370,60
954,540,101.212463,370,370,370,60
954,540,101.622523,370,370,370,60
954,540,99.092048,370,370,370,60
954,540,101.635800,370,370,370,60
954,540,99.316226,370,370,370,60
954,540,97.577876,370,370,370,60
954,540,101.427749,370,370,370,60
954,540,100.835262,370,370,370,60
954,540,101.781436,370,370,370,60
954,540,98.200121,370,370,370,60
954,540,101.269419,370,370,370,60
954,540,96.148186,370,370,370,60
954,540,102.065105,370,370,370,60
954,540,101.186038,370,370,370,60
954,540,98.820066,370,370,370,60
954,540,98.960818,370,370,370,60
954,540,99.374306,370,370,370,60
954,540,98.607419,370,370,370,60
954,540,99.184642,370,370,370,60
954,540,101.625466,370,370,370,60
954,540,100.811516,370,370,370,60
954,540,99.313851,370,370,370,60
954,540,101.501768,370,370,370,60
