915,503,-12.374596,370,350,99,60
915,503,-12.009420,370,349,99,60
928,526,-10.219049,370,324,73,60
935,539,-11.256508,370,315,82,60
939,547,-11.890110,370,304,99,60
949,563,-13.728102,370,296,117,60
954,570,-15.883426,370,286,145,60
962,580,-18.382231,368,281,165,60
966,586,-19.683800,351,276,197,60
974,595,-18.512082,345,269,209,60
979,602,-17.376561,343,261,213,60
983,608,-16.132482,344,247,207,60
988,616,-11.054992,355,237,190,60
990,622,-7.222346,362,224,168,60
992,627,-3.518478,327,218,155,60
993,635,-1.102497,307,211,149,60
993,640,-0.201751,289,204,145,60
993,646,-0.038653,279,198,144,60
993,656,0.017070,269,191,144,60
993,663,0.095937,259,184,144,60
992,671,0.257941,243,173,141,60
991,683,0.524725,231,165,140,60
990,691,0.724614,219,157,138,60
989,699,1.089525,200,145,135,60
987,707,1.496060,189,137,131,60
985,719,2.058628,176,129,128,60
983,727,2.492244,164,121,124,60
981,735,2.738911,147,109,120,60
978,747,2.713643,137,101,117,60
976,756,2.603191,125,93,114,60
974,763,2.364251,110,81,111,60
971,775,2.572198,99,73,107,60
969,782,2.755123,87,65,96,60
966,794,2.994404,72,54,80,60
964,802,3.197259,62,46,69,60
962,809,3.013786,47,35,52,60
959,820,2.341981,38,28,41,60
958,825,1.153145,28,21,31,60
959,826,-0.032363,25,18,25,60
960,826,-2.431287,27,18,24,60
961,824,-13.972509,35,21,25,60
961,823,-29.006795,56,25,25,60
961,821,-46.933805,217,36,28,60
961,820,-68.871314,330,112,47,60
960,818,-102.452843,370,304,79,60
960,817,-126.368338,370,370,313,60
958,815,-152.293009,370,370,333,60
958,814,-163.390089,159,370,370,60
962,807,-164.840230,145,370,370,60
964,805,-164.452760,155,370,370,60
966,802,-157.941578,370,370,344,60
969,800,-152.764451,370,370,326,60
973,797,-141.545829,370,370,312,60
976,796,-134.235857,370,370,296,60
980,794,-124.665032,370,355,293,60
985,793,-111.761513,370,312,269,60
989,793,-102.735192,370,294,203,60
993,793,-94.516660,370,272,128,60
997,793,-82.206750,338,269,97,60
1003,795,-68.492072,295,220,79,60
1008,797,-57.841803,266,116,63,60
1017,800,-56.103315,261,103,59,60
1024,803,-55.811975,254,99,56,60
1031,806,-56.490460,245,93,54,60
1037,808,-61.473395,238,95,52,60
1041,807,-85.370317,266,230,71,60
1042,806,-105.781018,348,223,110,60
1043,805,-126.375322,370,278,230,60
1044,803,-146.450414,370,370,234,60
1051,796,-153.081630,370,370,240,60
1056,791,-151.058836,370,370,240,60
1060,788,-148.651332,370,370,224,60
1066,784,-137.764229,370,308,209,60
1069,782,-131.494690,370,275,204,60
1072,781,-121.625617,370,232,202,60
1078,781,-104.756696,370,202,209,60
1082,781,-97.110270,310,187,165,60
1085,781,-86.061591,238,179,121,60
1089,782,-72.548707,200,184,94,60
1094,784,-60.310040,186,185,83,60
1098,786,-52.860828,173,117,71,60
1107,791,-51.814057,168,105,66,60
1114,794,-51.459509,158,98,62,60
1122,797,-50.963479,149,92,58,60
1130,800,-58.668024,144,93,56,60
1132,800,-74.427777,145,147,66,60
1132,800,-91.518658,189,132,106,60
1132,798,-119.021237,319,143,147,60
1133,797,-131.586910,370,176,140,60
1137,794,-135.515827,370,194,135,60
1142,791,-138.910167,370,201,133,60
1151,784,-139.340498,370,196,127,60
1158,780,-138.606740,370,170,118,60
1165,775,-135.322765,370,154,109,60
1172,771,-135.975502,370,145,102,60
1182,764,-140.198265,370,148,96,60
1188,760,-139.553767,370,133,87,60
1198,753,-141.053407,370,122,80,60
1204,749,-142.726997,370,121,75,60
1210,744,-143.311164,370,110,66,60
1215,740,-144.873354,370,106,62,60
1223,733,-146.800824,370,100,58,60
1229,728,-147.347654,370,90,49,60
1234,724,-148.659763,370,85,45,60
1234,722,-166.378021,370,153,55,60
1233,721,-172.416601,370,290,66,60
1232,721,138.042686,370,370,79,60
1231,721,174.824854,370,370,104,60
1227,709,171.252007,370,370,107,60
1224,702,169.958747,370,370,130,60
1221,696,169.701918,370,370,137,60
1216,686,169.752995,370,370,155,60
1213,679,170.092955,370,370,149,60
1209,672,168.207393,370,370,165,60
1204,661,167.036091,370,370,158,60
1200,653,165.956619,370,370,164,60
1197,647,171.524049,370,370,178,60
1194,640,169.543555,370,370,185,60
1191,633,172.184558,370,370,179,60
1188,623,171.758718,370,370,204,60
1186,617,176.594875,370,370,166,60
1185,610,177.884291,370,370,166,60
1184,602,175.844452,370,370,157,60
1185,596,-143.489182,370,370,165,60
1186,589,-176.399580,370,370,140,60
1186,583,-176.804534,370,370,141,60
1188,572,-178.219627,370,370,144,60
1189,565,-174.678212,370,370,124,60
1191,553,-169.831386,370,370,123,60
1193,545,-173.206497,370,370,124,60
1194,537,-173.099164,370,370,123,60
1197,525,-177.353758,370,370,111,60
1198,517,-169.750015,370,370,110,60
1200,508,-173.717353,370,370,116,60
1202,496,-171.473905,370,370,106,60
1204,488,-174.847402,370,370,114,60
1206,477,-167.493640,370,370,104,60
1208,469,-175.899000,370,362,103,60
1209,462,-174.781699,370,357,99,60
1210,454,-172.160559,370,350,94,60
1213,442,-169.149715,370,336,94,60
1214,434,-169.456042,370,327,93,60
1215,427,-176.933010,370,313,103,60
1216,420,-177.066163,370,305,103,60
1217,409,-178.158046,370,297,103,60
1217,401,-178.465777,370,290,103,60
1218,394,136.226426,370,283,107,60
1217,383,171.567067,310,346,281,60
1217,376,179.041244,370,261,111,60
1217,369,179.833800,360,254,110,60
1216,361,169.638163,370,250,142,60
1217,352,-175.543955,248,106,62,60
1218,346,-173.869714,296,233,93,60
1218,335,-179.524428,303,223,102,60
1219,327,-178.367686,258,221,82,60
1220,319,-178.826848,279,204,100,60
1220,312,-177.967396,268,197,99,60
1220,301,135.646894,238,191,87,60
1221,294,144.159885,240,183,93,60
1220,286,168.202328,316,176,148,60
1220,278,179.153188,234,163,107,60
1219,268,178.273508,224,156,109,60
1218,261,170.210985,217,149,110,60
1217,250,170.291136,238,140,141,60
1216,238,178.834220,183,127,114,60
1215,230,178.064831,213,122,144,60
1214,218,178.579008,155,107,117,60
1213,210,178.993475,142,99,116,60
1213,202,179.139688,124,87,117,60
1212,193,178.676349,114,78,106,60
1211,181,178.765668,103,70,96,60
1211,172,178.606288,87,62,87,60
1210,164,169.374799,76,53,73,60
1209,152,178.136799,58,40,55,60
1208,144,177.889216,48,33,45,60
1207,137,177.607537,38,26,35,60
1205,134,170.678350,31,20,25,60
1204,134,161.181487,38,20,23,60
1203,135,144.461967,138,31,25,60
1201,135,126.332782,288,52,32,60
1200,137,97.944086,320,160,51,60
1199,138,73.124480,370,282,92,60
1200,139,50.079976,370,326,266,60
1201,140,33.976453,370,370,289,60
1199,141,33.500600,370,370,296,60
1195,145,27.438250,370,370,303,60
1190,149,33.754528,370,370,293,60
1187,150,42.148101,370,370,276,60
1183,152,51.908938,370,370,272,60
1178,153,70.292511,370,286,217,60
1175,153,77.941962,370,265,152,60
1171,153,86.346452,370,254,116,60
1168,152,95.411283,323,248,85,60
1162,151,109.162106,282,228,68,60
1159,149,117.376041,258,127,56,60
1153,148,119.166187,248,99,51,60
1140,143,120.303349,235,84,45,60
1132,140,118.899902,223,83,42,60
1121,136,117.876264,216,81,39,60
1113,135,106.350453,210,89,41,60
1112,136,90.625996,240,193,58,60
1111,137,69.735115,370,203,141,60
1112,139,38.233450,370,260,199,60
1113,139,26.857564,370,370,210,60
1111,142,20.616011,370,370,228,60
1107,148,18.931035,370,370,228,60
1101,155,22.289725,370,370,221,60
1097,159,25.833312,370,370,204,60
1091,163,38.340371,370,370,186,60
1087,165,46.555917,370,370,178,60
1083,166,58.881345,370,207,172,60
1079,167,65.219719,370,177,171,60
1073,167,78.051448,370,158,161,60
1069,167,87.168041,240,151,135,60
1066,166,100.894408,188,148,99,60
1060,164,114.890092,157,153,76,60
1056,162,123.002300,145,128,65,60
1052,160,128.993330,141,119,62,60
1042,155,130.944190,133,78,52,60
1035,151,131.148478,121,70,47,60
1025,146,128.881446,114,68,44,60
1018,143,128.552888,104,63,39,60
1011,140,121.177998,97,65,39,60
1009,141,104.435815,99,99,48,60
1008,142,84.988482,133,87,90,60
1009,143,65.967883,370,98,97,60
1010,144,36.754150,370,133,96,60
1010,144,18.325454,370,370,121,60
1012,145,6.923968,370,370,142,60
1011,149,5.169264,370,370,152,60
1009,155,4.319517,370,370,155,60
1006,166,4.299893,370,370,149,60
1003,172,5.316908,370,370,144,60
1000,179,5.535281,370,370,141,60
998,186,6.147820,370,370,133,60
994,194,7.897251,370,370,124,60
990,204,9.323049,370,370,117,60
986,211,9.938963,370,370,113,60
981,222,9.351571,370,370,107,60
977,229,9.521899,370,370,102,60
974,236,9.379350,370,370,96,60
970,243,9.579692,370,370,90,60
965,253,8.461723,370,370,89,60
962,260,9.400529,370,370,83,60
959,267,8.254124,370,370,79,60
956,274,7.824754,370,370,76,60
953,280,7.123894,370,370,73,60
949,290,5.787522,370,370,72,60
947,296,4.829471,370,370,71,60
942,313,4.383844,370,370,370,60
938,329,3.448196,370,370,370,60
934,342,3.290964,370,370,370,60
931,352,2.510970,370,370,370,60
929,359,5.185506,370,370,370,60
927,363,9.095558,370,266,370,60
925,366,13.977478,370,226,370,60
922,369,20.103468,370,370,370,60
919,372,26.734485,370,370,370,60
914,375,35.823698,370,370,370,60
911,377,45.744451,370,370,370,60
907,378,55.689622,370,370,370,60
903,379,62.044701,370,370,370,60
897,379,77.936523,370,370,370,60
893,379,93.035738,370,359,8,60
889,378,98.914496,370,359,1,60
884,377,114.370376,0,0,0,60
875,374,117.809184,361,370,288,60
868,372,110.364060,367,360,302,60
859,370,104.251822,370,343,314,60
855,370,99.080872,370,329,337,60
852,369,104.167006,370,325,338,60
849,368,113.886128,340,346,290,60
844,365,123.217950,323,370,271,60
840,363,135.924353,316,370,261,60
837,360,144.590335,316,327,254,60
833,355,148.944292,329,279,125,60
830,351,155.956534,329,272,123,60
828,347,161.715657,343,253,92,60
826,339,166.188498,364,236,72,60
825,333,168.160002,370,223,68,60
823,326,167.787748,370,217,72,60
819,311,167.694800,303,201,58,60
817,302,165.701382,337,195,76,60
813,292,164.706171,327,186,83,60
810,283,174.357353,271,174,73,60
806,274,165.185285,264,164,85,60
803,268,161.065035,321,163,141,60
800,259,160.868080,317,154,149,60
794,248,169.119367,240,140,114,60
791,242,166.672635,235,133,125,60
787,235,167.937295,228,127,134,60
783,229,164.038882,272,126,131,60
780,222,168.634174,202,113,131,60
774,210,161.670108,180,102,118,60
769,203,161.630709,164,94,111,60
764,192,166.556222,193,87,90,60
760,184,167.073018,133,72,82,60
756,177,161.665234,138,67,72,60
750,167,159.206021,127,57,59,60
746,160,161.777157,104,49,52,60
741,151,162.207230,79,41,47,60
740,150,155.324587,106,41,41,60
738,151,137.608169,220,50,41,60
739,152,120.922065,213,90,51,60
740,153,100.852390,247,211,73,60
741,155,74.274123,330,208,116,60
742,156,56.865701,370,236,220,60
743,157,35.883131,370,370,223,60
741,158,30.904860,370,370,227,60
734,166,26.293324,370,370,230,60
729,170,27.443257,370,370,224,60
725,173,32.702399,370,370,216,60
719,177,42.806152,370,309,199,60
715,178,53.144268,370,255,190,60
712,179,60.424875,370,215,188,60
706,179,75.422376,370,187,195,60
702,179,88.248719,278,172,159,60
696,177,105.050156,203,166,110,60
692,176,116.065551,178,173,90,60
689,174,123.776509,164,131,73,60
684,170,139.388113,159,91,65,60
679,166,144.869950,159,69,58,60
670,159,144.238337,154,62,52,60
665,155,139.725088,145,62,49,60
662,154,127.199189,137,76,49,60
660,154,105.363290,141,136,65,60
659,156,84.474687,193,126,113,60
658,156,65.041129,357,139,135,60
659,157,47.560062,370,169,131,60
657,159,39.228080,370,212,135,60
651,163,40.158841,370,195,130,60
646,167,36.296076,370,207,125,60
636,173,37.521984,370,177,116,60
629,178,36.184373,370,181,109,60
619,185,35.265353,370,170,102,60
613,190,35.253316,370,159,96,60
606,194,35.904319,370,143,86,60
597,200,37.741093,370,127,79,60
590,204,38.169228,370,114,71,60
582,210,37.307862,370,104,63,60
576,214,33.523410,370,102,59,60
570,219,32.409588,370,95,54,60
565,224,30.308142,370,90,48,60
563,226,20.886601,370,131,52,60
564,227,13.191624,370,220,62,60
566,226,3.225161,370,370,73,60
567,226,0.082187,370,370,89,60
567,235,-0.161944,370,370,89,60
568,243,-0.304098,370,370,92,60
569,250,-0.599405,370,370,93,60
571,257,-1.540465,370,370,99,60
574,267,-1.593146,370,370,103,60
575,274,-1.288676,370,370,103,60
578,285,-3.091404,370,370,107,60
581,293,-3.993234,370,370,120,60
584,303,-3.577873,370,370,125,60
587,310,-5.289712,370,370,130,60
592,320,-8.481099,370,370,147,60
595,327,-7.810523,370,370,161,60
599,335,-9.467000,370,370,171,60
603,342,-8.029046,370,370,172,60
608,354,-8.348330,370,370,178,60
611,361,-6.834414,370,370,182,60
613,368,-5.188508,350,370,175,60
616,374,-3.626668,319,370,172,60
618,384,-1.867176,321,370,168,60
619,391,-1.104498,326,370,168,60
620,398,-0.648319,327,370,166,60
621,405,-0.427174,330,370,166,60
622,415,-0.187920,329,370,168,60
622,422,-0.057572,330,370,166,60
623,429,-0.052091,329,370,168,60
623,439,0.148777,329,370,168,60
622,446,0.175533,330,370,166,60
621,453,1.118622,338,370,161,60
620,460,1.512882,343,370,158,60
618,471,2.842832,350,370,155,60
616,477,3.839387,354,370,152,60
613,487,5.299237,370,361,141,60
610,495,6.885323,370,355,134,60
607,501,9.047418,370,347,121,60
604,508,7.634543,370,339,120,60
598,518,9.283244,370,334,111,60
595,525,10.086504,370,327,109,60
591,532,8.856438,370,316,102,60
586,543,8.838645,370,310,97,60
582,550,9.816431,364,303,92,60
579,557,9.689103,351,292,86,60
575,564,9.104039,345,284,82,60
571,574,9.025412,338,278,78,60
566,583,8.002803,330,271,75,60
564,589,7.071644,326,260,72,60
561,595,6.333229,321,254,69,60
559,602,5.845251,309,245,65,60
554,616,5.306718,302,234,63,60
551,624,4.183348,290,221,59,60
547,640,3.773321,279,209,56,60
544,648,2.584609,269,200,55,60
542,659,1.989494,252,185,51,60
540,672,1.408469,237,172,48,60
538,682,0.666393,226,162,47,60
537,694,0.445244,216,154,47,60
536,702,0.397905,199,142,45,60
536,713,0.008379,190,135,45,60
536,721,-0.001524,179,127,45,60
537,732,-0.462437,165,116,47,60
538,740,-0.380714,148,104,48,60
539,747,-0.481453,138,97,51,60
540,754,-0.625097,128,90,52,60
541,762,-2.860770,120,83,54,60
543,764,-7.957696,125,81,63,60
544,764,-13.210567,147,82,82,60
545,764,-23.258922,178,86,92,60
546,763,-48.889259,293,108,87,60
546,762,-68.339029,305,259,109,60
546,761,-96.199711,370,281,148,60
545,760,-115.658796,370,294,261,60
546,758,-135.241841,370,370,289,60
551,754,-139.912153,370,370,286,60
557,750,-141.318175,370,370,282,60
564,747,-128.447959,370,370,272,60
568,746,-116.429527,370,370,271,60
573,745,-103.446673,370,262,264,60
577,746,-91.153575,370,249,188,60
582,747,-76.306294,370,249,154,60
586,748,-67.192356,271,257,131,60
589,749,-57.050410,247,201,111,60
595,753,-47.994493,238,152,102,60
604,758,-45.641829,233,141,97,60
611,762,-41.852365,228,124,92,60
618,766,-42.108827,217,115,86,60
628,771,-42.967362,210,116,83,60
634,775,-43.177111,202,106,78,60
641,778,-44.536383,193,105,75,60
650,783,-50.550476,186,113,73,60
656,786,-48.921011,180,110,71,60
663,788,-53.483999,171,114,69,60
669,791,-55.858445,165,116,68,60
680,795,-59.288272,157,113,65,60
687,797,-60.560192,148,125,65,60
694,799,-62.952055,142,134,65,60
705,802,-65.935730,137,138,66,60
712,803,-68.785125,127,125,66,60
723,806,-71.803124,120,114,66,60
731,807,-72.591856,113,106,66,60
739,808,-74.627333,102,91,66,60
750,810,-71.562615,93,82,68,60
754,812,-60.872913,82,84,55,60
758,814,-50.408537,75,65,41,60
761,817,-41.645561,75,47,35,60
766,821,-27.595942,78,34,30,60
769,825,-20.644462,63,26,25,60
772,830,-12.265345,32,17,20,60
773,834,-7.699037,21,13,16,60
774,837,-4.360291,11,7,10,60
773,840,-0.413951,6,4,6,60
773,841,0.557048,6,4,6,60
771,841,4.278809,4,3,4,60
770,842,11.528519,3,3,4,60
768,843,26.612503,3,3,6,60
766,843,41.852609,8,11,118,60
765,843,59.966487,16,30,243,60
763,841,85.848045,32,139,278,60
762,840,109.869269,66,233,370,60
761,838,137.935661,235,304,370,60
760,836,151.425382,248,370,370,60
754,829,157.075337,255,370,370,60
750,822,166.468508,269,370,370,60
749,818,171.240518,296,370,189,60
748,813,177.169846,316,370,169,60
748,809,177.980925,331,370,159,60
749,805,-176.168210,370,152,90,60
751,798,-177.885059,361,370,142,60
752,792,-176.779038,370,370,137,60
754,786,-175.986446,370,370,133,60
757,776,-175.782961,370,370,128,60
761,765,-173.720051,370,370,124,60
763,757,-173.618362,370,370,99,60
766,749,-173.884010,370,370,111,60
771,737,-173.798208,370,370,107,60
773,729,-171.885847,370,370,99,60
777,718,-174.799327,370,370,99,60
780,711,-173.375888,370,370,93,60
783,700,-173.584907,370,370,92,60
785,693,-174.317455,370,370,370,60
787,686,-175.883543,370,370,370,60
789,679,-175.287038,370,370,370,60
791,670,-175.179561,370,370,370,60
794,665,-172.649835,370,370,370,60
796,662,-168.134498,370,266,370,60
800,657,-159.359390,370,271,370,60
803,655,-150.442683,370,370,39,60
808,652,-138.189486,370,370,31,60
811,650,-128.041180,261,27,21,60
821,646,-123.542187,370,12,10,60
834,641,-126.333274,8,2,1,60
839,638,-130.011399,0,0,0,60
844,634,-137.540546,241,370,370,60
845,633,-150.611980,370,370,370,60
844,631,-164.347106,370,370,370,60
843,631,-176.380351,370,230,370,60
845,627,-174.114059,370,227,370,60
847,624,-170.836098,370,225,370,60
850,621,-163.778062,370,370,370,60
852,618,-157.327151,370,370,370,60
855,616,-149.841030,370,370,370,60
860,613,-137.596883,370,370,370,60
864,612,-127.352820,370,370,370,60
868,611,-116.149474,370,370,370,60
874,611,-100.145992,370,370,370,60
878,611,-85.890693,370,370,348,60
882,612,-75.396068,370,370,296,60
887,614,-59.507705,370,370,262,60
890,616,-49.733201,370,370,240,60
894,619,-37.355252,370,310,234,60
897,621,-29.393423,370,261,78,60
899,624,-23.400552,370,243,55,60
901,628,-14.934276,370,229,38,60
903,632,-10.100718,370,220,31,60
907,642,-7.990010,344,209,30,60
911,650,-8.082686,323,196,39,60
917,663,-9.081376,312,187,48,60
920,669,-11.131093,312,181,58,60
925,677,-12.342197,314,176,71,60
932,687,-15.142999,314,166,90,60
937,695,-15.938645,312,160,104,60
942,701,-17.363418,309,151,128,60
946,706,-19.618528,323,148,151,60
953,714,-22.811190,347,146,147,60
958,719,-24.120807,345,140,137,60
964,725,-24.838738,337,134,130,60
969,731,-24.900732,331,128,123,60
977,739,-24.154721,312,121,117,60
982,745,-22.686220,279,114,113,60
990,755,-20.748363,234,101,103,60
995,761,-19.646301,197,90,93,60
1003,770,-19.523981,182,83,87,60
1007,776,-19.884596,164,74,78,60
1012,782,-20.383149,152,68,71,60
1020,791,-21.430588,145,62,63,60
1024,796,-22.587150,130,54,55,60
1029,800,-25.687892,140,52,49,60
1032,801,-43.596132,247,61,49,60
1033,801,-60.560238,238,89,55,60
1034,800,-80.304249,257,192,71,60
1035,799,-101.135741,370,233,140,60
1034,798,-130.019870,370,263,243,60
1034,797,-142.292517,370,357,240,60
1038,794,-146.960986,370,370,244,60
1043,789,-146.099833,370,370,238,60
1050,784,-137.638414,370,352,227,60
1055,782,-128.924920,370,308,219,60
1059,780,-118.623136,370,238,217,60
1064,779,-104.448803,370,216,226,60
1067,779,-96.900302,333,201,166,60
1072,780,-84.732397,271,193,133,60
1076,781,-74.333479,223,196,102,60
1079,782,-65.782818,200,198,86,60
1082,783,-58.828518,192,147,78,60
1090,787,-54.999179,185,122,72,60
1098,790,-55.361245,178,119,69,60
1105,793,-55.562024,171,112,66,60
1117,798,-58.195597,159,113,63,60
1124,801,-58.833390,151,111,61,60
1135,804,-61.274616,141,115,59,60
1143,807,-61.846164,134,108,55,60
1150,809,-63.662081,124,115,55,60
1157,811,-66.300899,117,120,55,60
1166,812,-76.636938,113,107,58,60
1168,812,-95.610421,148,96,100,60
1169,810,-115.851750,282,108,104,60
1170,809,-141.622225,370,135,102,60
1171,806,-153.959146,370,238,116,60
1175,801,-156.970707,370,262,116,60
1182,791,-157.239113,370,272,111,60
1186,785,-159.846549,370,228,103,60
1193,776,-159.957153,370,291,107,60
1197,769,-160.856205,370,257,97,60
1202,763,-160.572418,370,251,92,60
1207,753,-165.544810,370,291,92,60
1211,747,-167.413334,370,270,87,60
1215,740,-167.623146,370,295,86,60
1218,734,-168.612127,370,347,83,60
1223,724,-166.308653,370,342,80,60
1226,718,-165.154288,370,239,71,60
1229,712,-170.471765,370,341,73,60
1233,702,-168.120934,370,280,68,60
1237,693,-169.155048,370,330,66,60
1240,684,-171.569213,370,340,62,60
1245,669,-169.429484,370,312,58,60
1248,660,-169.888620,370,230,52,60
1251,648,-172.604997,370,292,49,60
1254,638,-171.700721,370,257,45,60
1257,623,-172.973993,370,370,47,60
1259,613,-176.029305,370,370,44,60
1262,598,-175.763546,370,232,37,60
1263,590,-173.128346,370,370,42,60
1264,578,-174.338948,370,210,34,60
1264,567,-172.744668,370,218,34,60
1264,555,165.011682,370,370,85,60
1263,539,172.487013,370,370,370,60
1262,529,175.897670,370,370,52,60
1260,521,176.129949,370,370,55,60
1258,511,173.271084,370,370,61,60
1255,500,170.002262,370,370,65,60
1252,490,172.687105,370,370,75,60
1248,479,172.246542,370,368,82,60
1242,464,172.314829,370,357,93,60
1238,458,170.370084,370,351,100,60
1235,451,168.881527,370,343,116,60
1232,446,168.124521,370,339,124,60
1227,437,165.096172,370,335,137,60
1223,431,164.626526,370,331,151,60
1219,425,165.274908,368,323,166,60
1212,415,164.544780,340,329,227,60
1208,408,166.018122,365,305,173,60
1204,401,159.767837,360,299,182,60
1199,392,167.055819,333,298,233,60
1197,387,169.293986,358,278,186,60
1193,378,163.652112,334,275,227,60
1191,372,167.665220,347,264,203,60
1190,363,169.020500,370,251,157,60
1189,358,167.851394,341,253,213,60
1190,353,-142.849955,360,245,189,60
1191,349,-177.617421,313,234,135,60
1193,343,-173.132092,300,231,130,60
1196,338,-161.032553,281,229,118,60
1199,335,-163.795764,261,229,106,60
1202,331,-151.804177,228,165,82,60
1209,322,-151.129076,221,143,75,60
1215,316,-151.454032,213,120,68,60
1219,310,-152.265727,207,134,65,60
1226,301,-157.260579,202,124,59,60
1231,294,-160.463361,193,109,54,60
1236,288,-156.064740,189,111,51,60
1242,278,-156.517160,179,94,44,60
1245,273,-166.633862,185,153,48,60
1245,272,-172.520111,197,159,56,60
1245,271,-176.148139,206,156,62,60
1243,271,141.935653,212,156,66,60
1243,265,169.607792,265,153,99,60
1242,258,178.234925,209,143,78,60
1241,250,177.665798,200,135,80,60
1239,238,178.098007,188,127,82,60
1238,231,178.132685,176,120,82,60
1237,225,177.764798,168,113,85,60
1235,218,176.048471,157,103,92,60
1232,209,174.614297,147,95,102,60
1229,200,173.067610,140,89,107,60
1225,191,172.479437,131,83,106,60
1222,185,170.412459,124,74,90,60
1219,180,168.162177,123,67,78,60
1214,171,166.966606,111,61,71,60
1211,166,154.246412,154,59,58,60
1205,158,159.261127,176,57,52,60
1201,153,148.678838,104,46,47,60
1197,152,131.815190,286,60,45,60
1195,152,113.464454,285,87,51,60
1194,153,95.237105,313,211,68,60
1194,154,73.916378,370,284,155,60
1193,156,47.704381,370,370,279,60
1193,158,29.767301,370,370,289,60
1189,162,23.742512,360,370,302,60
1186,167,20.137972,289,370,312,60
1182,172,21.299772,303,370,306,60
1178,176,23.001402,338,370,296,60
1173,180,31.121202,370,370,282,60
1171,182,35.867399,370,370,265,60
1167,184,44.181415,370,370,255,60
1162,185,57.365096,370,370,251,60
1158,186,66.823047,370,275,252,60
1154,186,75.877185,370,249,247,60
1150,186,85.509417,370,230,161,60
1144,186,100.515207,289,226,125,60
1141,184,110.771424,254,233,104,60
1137,183,120.638499,227,165,86,60
1129,180,127.506449,216,127,78,60
1119,175,127.471158,209,118,73,60
1112,172,126.036855,203,121,72,60
1106,170,114.560883,199,167,76,60
1096,167,118.768350,189,146,72,60
1089,165,108.450258,183,148,71,60
1082,163,107.554792,182,171,78,60
1075,162,106.458790,176,162,78,60
1065,161,99.590769,175,151,83,60
1056,161,86.443077,176,138,94,60
1050,161,87.972572,189,129,113,60
1044,161,85.044999,190,124,121,60
1035,162,81.392009,192,118,133,60
1029,163,79.346389,197,113,135,60
1023,164,76.562385,195,106,121,60
1016,166,74.262446,195,100,110,60
1005,168,70.554676,193,94,100,60
998,170,68.018429,200,85,86,60
988,173,66.263720,195,79,78,60
981,175,64.923017,183,69,66,60
974,177,62.880705,180,63,59,60
965,181,57.450936,370,60,54,60
958,185,46.810236,370,55,45,60
957,187,33.468686,370,74,47,60
957,188,19.623225,370,127,56,60
957,190,6.740289,370,370,79,60
958,190,1.287909,370,370,90,60
960,189,-0.543832,370,370,96,60
960,192,-1.586061,370,370,100,60
962,198,-2.919622,370,370,107,60
965,206,-4.348026,370,370,114,60
967,211,-5.050503,370,370,120,60
969,217,-5.905900,370,370,128,60
973,226,-7.272802,370,370,137,60
976,232,-8.928753,370,370,370,60
979,238,-10.319902,370,370,370,60
984,247,-13.262940,357,370,370,60
988,253,-13.271574,351,370,370,60
990,259,-6.969726,369,370,370,60
991,263,-3.600338,370,370,370,60
991,269,-0.534191,370,370,370,60
991,273,-0.002221,370,370,370,60
990,276,0.919014,370,370,370,60
988,280,3.082641,370,370,370,60
986,284,6.352794,370,370,370,60
983,289,14.914877,370,370,103,60
980,292,23.184368,370,311,92,60
975,295,35.263189,370,370,73,60
972,297,43.937163,370,370,63,60
969,298,49.028443,370,74,55,60
963,301,50.970292,370,63,49,60
954,306,49.925515,370,52,41,60
943,311,47.459645,370,44,34,60
939,314,43.058215,370,40,27,60
938,316,30.521558,370,370,32,60
939,317,12.992198,370,370,42,60
940,317,4.281142,370,370,370,60
941,316,0.253735,370,370,370,60
941,324,0.060041,370,370,370,60
941,332,-0.072955,370,370,370,60
941,339,0.154640,370,370,370,60
940,343,1.064313,370,370,370,60
938,346,3.482397,370,370,370,60
936,349,7.363798,370,330,370,60
933,354,15.163740,370,238,370,60
930,357,20.982129,370,370,370,60
927,359,27.887517,370,370,370,60
922,362,42.295938,370,370,370,60
918,364,51.685738,231,370,370,60
913,365,63.284092,370,370,21,60
909,365,78.540119,0,0,0,60
904,365,91.066782,0,0,0,60
894,364,100.321408,0,0,0,60
886,363,92.923671,0,0,0,60
882,365,67.455671,370,362,370,60
881,366,45.893642,370,370,354,60
881,367,27.929130,370,370,370,60
882,370,11.756960,370,370,370,60
880,372,13.373960,370,370,370,60
878,374,18.495043,370,370,370,60
874,377,28.120736,370,370,370,60
871,379,34.969031,370,370,361,60
868,381,42.262430,213,370,348,60
863,382,54.196361,370,370,338,60
860,383,60.524335,370,370,341,60
854,383,76.138517,370,346,355,60
850,383,85.654404,370,325,370,60
847,383,96.686256,370,315,370,60
843,382,104.809308,358,320,336,60
838,379,120.396568,324,343,298,60
834,377,130.560418,312,370,279,60
831,375,135.974758,306,370,269,60
828,372,149.138944,317,306,182,60
826,369,147.630741,313,305,203,60
823,365,164.354371,327,279,128,60
822,362,162.540008,340,265,102,60
821,358,166.955941,353,256,87,60
818,350,166.946202,370,240,65,60
815,343,167.145655,361,234,87,60
811,333,172.535612,361,224,78,60
807,324,162.745002,334,219,120,60
801,313,169.760061,343,204,99,60
796,304,166.581768,345,196,116,60
793,299,164.158360,326,195,138,60
787,291,160.573924,306,191,175,60
783,286,158.988246,296,188,193,60
778,281,154.963270,289,183,185,60
771,273,157.994725,276,178,176,60
765,267,156.626105,274,170,171,60
760,261,157.207092,254,174,159,60
753,252,151.436454,255,155,152,60
747,245,156.230491,245,146,141,60
739,236,155.114299,237,136,131,60
734,230,151.318099,224,135,124,60
728,223,146.444504,212,134,116,60
720,214,153.496631,206,129,109,60
715,208,154.378560,216,108,106,60
710,203,148.684890,196,107,94,60
703,195,152.942677,196,97,90,60
698,191,150.733507,188,94,85,60
693,186,149.341570,179,87,78,60
685,180,145.549981,173,83,73,60
680,176,144.573395,164,78,68,60
675,171,143.569436,155,77,62,60
670,168,142.443136,148,75,59,60
666,166,125.157586,140,97,62,60
665,166,110.595268,145,143,76,60
664,167,95.114687,168,131,102,60
664,168,66.517212,261,136,151,60
664,169,47.831995,370,183,138,60
662,171,43.009234,370,200,137,60
657,174,38.713814,370,214,135,60
649,180,40.214299,370,217,131,60
643,184,35.202368,370,211,123,60
637,188,38.218501,370,186,116,60
628,195,36.581546,370,189,110,60
622,200,32.203136,370,190,107,60
616,204,31.330712,370,185,99,60
608,211,28.529773,370,187,93,60
604,216,28.389704,370,181,90,60
597,223,23.661593,370,215,90,60
590,231,19.161141,370,188,82,60
586,236,18.119112,370,233,82,60
580,243,16.252279,370,231,78,60
577,249,14.081683,370,241,76,60
574,254,12.599747,370,289,75,60
570,261,7.931617,370,350,75,60
568,266,8.136782,370,325,72,60
566,272,6.197574,370,370,75,60
563,280,5.823252,370,370,72,60
560,290,5.687543,370,370,71,60
557,300,2.593596,370,370,69,60
555,311,3.342438,370,370,66,60
552,327,2.038206,370,370,65,60
550,339,0.456296,370,370,65,60
549,350,0.696296,370,370,62,60
548,369,0.611012,370,370,61,60
548,385,0.188307,370,370,62,60
548,399,0.019854,370,370,62,60
548,408,-0.012527,370,370,62,60
550,426,-0.431784,370,370,65,60
551,436,-0.341067,370,370,65,60
553,449,-0.361829,370,370,69,60
555,461,-0.979431,370,370,73,60
560,480,-2.014968,370,370,79,60
563,489,-2.946330,370,359,86,60
566,502,-2.760053,370,349,90,60
570,513,-3.944074,370,332,103,60
575,523,-5.785778,354,327,117,60
578,529,-9.221835,350,321,123,60
581,534,-10.366931,327,316,144,60
584,540,-14.205939,309,314,168,60
590,547,-14.760735,302,310,180,60
595,553,-17.894163,288,309,206,60
599,559,-16.621694,283,302,214,60
604,565,-17.187456,274,293,233,60
612,575,-16.415093,266,287,248,60
616,581,-16.358467,264,275,251,60
620,587,-15.613648,261,268,252,60
625,595,-12.944083,262,261,244,60
628,601,-10.227763,271,251,224,60
632,610,-6.941467,278,239,214,60
633,616,-4.588550,290,233,200,60
635,622,-3.088568,293,222,199,60
637,632,-1.148638,302,216,192,60
638,638,-0.651182,302,209,193,60
639,645,-0.577166,289,202,192,60
639,653,-0.048556,269,191,190,60
639,660,-0.002429,259,184,190,60
640,672,-0.053188,248,176,190,60
640,680,-0.075922,237,168,192,60
640,691,-0.006030,221,157,190,60
639,699,0.000427,210,149,190,60
639,706,0.114600,195,138,190,60
638,716,0.099715,185,131,185,60
638,722,0.011154,176,125,176,60
639,728,-0.330333,166,118,166,60
640,732,-1.005175,162,114,159,60
641,736,-1.782844,157,108,148,60
643,741,-4.343637,157,104,140,60
645,745,-7.668251,162,100,124,60
647,750,-9.270092,161,96,116,60
652,759,-9.487954,152,90,109,60
655,765,-10.084273,138,81,97,60
658,772,-11.031582,128,74,87,60
664,781,-11.546680,120,68,80,60
667,787,-13.048437,109,59,68,60
673,795,-12.518663,100,54,62,60
676,800,-15.579417,93,49,55,60
680,804,-17.614153,89,43,47,60
683,806,-33.167534,137,47,45,60
684,805,-47.589469,154,62,47,60
685,805,-69.397967,155,154,63,60
686,803,-98.958977,227,141,121,60
685,802,-123.787119,370,160,152,60
685,801,-136.480951,370,216,149,60
689,798,-141.292490,370,370,149,60
694,794,-143.504133,370,370,147,60
700,789,-142.008060,370,370,142,60
706,785,-140.710262,370,370,131,60
715,777,-144.797215,370,370,128,60
722,772,-144.763937,370,370,118,60
730,765,-149.218368,370,370,116,60
736,760,-148.551602,370,370,111,60
741,755,-150.660920,370,370,104,60
748,748,-151.312744,370,370,100,60
753,743,-153.478591,370,370,96,60
758,737,-151.688882,370,370,87,60
763,732,-155.454669,370,370,86,60
769,724,-157.281836,370,370,85,60
773,719,-160.925640,370,370,82,60
777,714,-161.834987,370,330,78,60
780,709,-163.511953,370,322,76,60
784,702,-168.141037,370,312,76,60
787,696,-167.387967,370,306,75,60
789,690,-170.592346,370,357,76,60
792,681,-172.487812,370,370,370,60
794,675,-175.038806,370,370,370,60
796,669,-174.181652,370,370,370,60
798,661,-176.228988,370,370,370,60
799,658,-175.329137,370,370,370,60
801,654,-170.272776,370,369,370,60
803,651,-166.492784,370,257,370,60
805,649,-161.232363,370,370,370,60
808,646,-155.244389,370,370,370,60
813,643,-141.685293,370,370,370,60
817,641,-134.784341,370,370,21,60
821,639,-126.598598,248,370,14,60
827,638,-113.846615,370,5,4,60
838,636,-110.448773,0,0,0,60
849,632,-115.384936,0,0,0,60
855,630,-116.861946,0,0,0,60
858,628,-123.620298,370,370,370,60
860,627,-132.463368,370,370,370,60
861,625,-147.251628,370,370,370,60
861,623,-161.243416,370,370,370,60
863,621,-158.233171,370,370,370,60
865,619,-150.675234,370,370,370,60
870,617,-139.344680,370,370,370,60
873,615,-131.156678,370,370,370,60
877,614,-121.905752,370,370,370,60
882,614,-107.416533,370,370,370,60
885,614,-97.453103,370,370,370,60
889,614,-87.901170,370,370,370,60
892,615,-77.618546,370,370,300,60
897,617,-65.063688,370,370,272,60
899,618,-56.103834,370,370,244,60
904,621,-43.512754,369,347,234,60
906,624,-35.261925,370,294,230,60
909,627,-26.576882,370,247,102,60
911,630,-19.348414,370,229,69,60
914,635,-10.525852,370,218,55,60
915,640,-5.986894,340,209,44,60
917,647,-4.088720,300,198,42,60
922,660,-5.547733,292,189,51,60
926,670,-6.437037,278,175,61,60
929,676,-9.350477,286,171,73,60
936,688,-12.081509,289,164,87,60
940,694,-13.985818,293,158,103,60
945,702,-15.789820,292,152,117,60
950,708,-18.310308,296,147,137,60
954,713,-21.500334,330,143,145,60
958,717,-24.540066,345,142,138,60
965,724,-27.970387,336,139,133,60
970,729,-29.278154,321,136,123,60
978,735,-31.865674,307,133,117,60
986,741,-35.385474,298,135,111,60
991,745,-37.773394,289,134,109,60
997,749,-39.903181,282,134,104,60
1003,752,-41.495315,271,133,100,60
1011,757,-44.096868,265,133,97,60
1017,760,-46.374661,255,134,93,60
1025,764,-52.032713,248,141,92,60
1032,766,-56.673639,244,157,93,60
1038,768,-61.277093,241,176,94,60
1043,770,-66.159093,238,224,99,60
1052,772,-74.128447,243,228,104,60
1058,772,-79.388481,250,214,114,60
1064,772,-86.002726,257,205,124,60
1069,772,-92.074619,283,195,149,60
1078,772,-97.284744,298,190,165,60
1088,771,-100.855755,298,181,178,60
1094,770,-100.896827,303,174,195,60
1101,769,-102.228498,302,167,195,60
1112,767,-102.093273,302,162,183,60
1120,766,-104.307748,288,153,173,60
1128,765,-104.148445,266,141,159,60
1136,763,-103.985066,248,133,149,60
1148,761,-103.565066,223,124,142,60
1156,759,-103.086429,220,117,131,60
1164,758,-106.051631,207,105,116,60
1171,756,-108.606990,210,100,106,60
1182,754,-110.361960,192,92,97,60
1188,752,-116.780210,250,91,86,60
1194,750,-119.163402,265,84,76,60
1202,746,-125.213751,296,80,71,60
1208,744,-126.482873,343,78,65,60
1213,741,-130.496148,370,76,58,60
1217,738,-136.843508,370,81,56,60
1218,736,-153.245042,370,106,61,60
1217,735,-165.653751,370,197,73,60
1216,735,-170.840713,370,370,90,60
1215,736,-174.566318,370,370,97,60
1214,736,178.524477,370,370,125,60
1212,728,174.574253,370,370,128,60
1211,723,170.371390,370,370,145,60
1208,718,170.386093,370,370,157,60
1204,710,169.253236,370,370,168,60
1199,702,165.439405,370,370,186,60
1194,693,165.969179,370,370,231,60
1190,687,163.741942,370,370,230,60
1186,680,163.017067,370,370,245,60
1180,670,164.506955,370,370,244,60
1176,664,164.155911,370,370,257,60
1172,657,166.216209,370,370,248,60
1168,650,168.313909,370,370,240,60
1163,640,171.120453,370,370,233,60
1160,633,172.039223,370,370,231,60
1157,626,166.788619,370,370,268,60
1154,620,172.908739,357,370,235,60
1150,609,172.618066,370,370,285,60
1147,602,172.003995,331,370,250,60
1145,596,174.811542,323,370,240,60
1142,585,176.297948,310,370,255,60
1141,578,170.660305,337,370,227,60
1140,572,175.408793,341,370,224,60
1139,564,178.571036,305,370,264,60
1138,553,170.678241,296,370,276,60
1137,546,170.056773,298,370,275,60
1137,538,169.996949,296,370,275,60
1137,530,170.437529,298,370,275,60
1138,519,-174.406012,370,370,197,60
1139,509,-174.600267,351,370,219,60
1140,502,-178.011439,370,370,185,60
1141,495,-166.836136,370,370,173,60
1142,483,-177.257415,361,370,210,60
1143,476,-170.851315,370,367,189,60
1145,464,-175.841547,370,357,179,60
1147,456,-174.376940,370,348,182,60
1148,448,-169.075398,370,339,171,60
1151,436,-173.214716,370,330,169,60
1153,424,-167.364941,370,320,162,60
1155,416,-167.807656,361,313,158,60
1157,408,-176.598612,370,294,178,60
1159,396,-176.045776,351,289,162,60
1160,389,-169.252034,331,279,155,60
1161,381,-172.400729,333,269,161,60
1163,369,-174.037662,351,258,179,60
1163,362,-177.886586,314,252,161,60
1164,354,-179.293317,333,239,180,60
1165,343,-179.061814,324,232,180,60
1165,335,-179.442376,307,220,179,60
1166,323,-178.800039,293,212,176,60
1166,316,-169.733032,288,205,179,60
1167,308,-179.685308,271,193,178,60
1167,296,-179.778204,257,185,175,60
1168,288,-166.581767,213,181,144,60
1168,280,-166.981381,195,170,141,60
1168,272,-179.427617,219,157,175,60
1168,261,163.672321,255,225,158,60
1168,254,178.287003,202,142,179,60
1168,246,178.063080,192,135,179,60
1167,240,175.248376,192,125,164,60
1165,229,178.004177,172,118,162,60
1164,223,177.173932,164,111,151,60
1162,215,168.237523,183,103,120,60
1161,209,177.401773,140,94,127,60
1159,198,177.628235,128,87,117,60
1157,192,176.996515,118,80,109,60
1155,185,176.261849,109,73,97,60
1153,179,175.315860,100,64,83,60
1151,174,173.692566,94,60,76,60
1147,166,170.450419,89,54,66,60
1144,161,168.472187,85,49,59,60
1141,156,166.301158,82,45,52,60
1136,150,160.657097,76,39,42,60
1134,149,150.848290,102,40,39,60
1133,149,135.097888,221,59,42,60
1131,150,108.652679,224,107,52,60
1131,151,90.491458,259,213,75,60
1132,152,63.682325,370,225,175,60
1132,153,44.588592,370,370,219,60
1133,154,24.377400,370,370,234,60
1132,157,19.521395,370,370,252,60
1128,162,17.302235,370,370,257,60
1122,171,15.638283,362,370,258,60
1118,177,15.418281,370,370,252,60
1114,184,13.916331,370,370,247,60
1107,194,17.437314,370,370,235,60
1102,200,18.580802,370,370,224,60
1095,210,18.695574,370,370,223,60
1090,217,18.869684,370,370,210,60
1082,227,18.008891,370,370,206,60
1078,233,17.533875,370,370,200,60
1073,239,17.962159,370,370,193,60
1066,249,18.557582,370,370,188,60
1061,255,19.074774,370,370,180,60
1057,261,17.792433,370,370,175,60
1050,270,18.270489,370,370,168,60
1045,276,16.535492,370,370,370,60
1041,282,16.511588,370,370,370,60
1036,291,15.819337,370,370,370,60
1032,297,15.550431,370,370,370,60
1028,302,17.554470,370,370,370,60
1024,307,18.561907,370,370,370,60
1018,313,24.851826,370,302,370,60
1014,317,27.698036,370,306,370,60
1007,323,32.904314,370,370,370,60
1003,326,35.022712,370,370,96,60
999,328,45.209951,370,370,87,60
992,331,53.163570,370,370,80,60
987,332,62.948542,283,370,76,60
982,333,66.152584,370,72,72,60
975,336,61.659596,281,370,62,60
970,338,57.949670,271,370,56,60
962,341,54.057909,283,370,48,60
957,344,49.656999,370,370,44,60
942,352,46.092622,370,370,35,60
934,357,42.670688,370,370,370,60
924,364,41.550135,370,370,370,60
912,373,33.635430,370,370,370,60
908,377,27.324015,370,370,370,60
904,381,25.110024,370,370,370,60
898,386,29.625703,370,370,370,60
894,389,35.485196,370,370,370,60
888,392,48.598491,202,370,365,60
884,393,58.038441,370,370,362,60
880,393,70.970566,370,369,370,60
874,393,88.859632,370,340,370,60
870,392,96.312507,370,338,370,60
865,390,114.051827,370,352,331,60
861,388,121.102046,341,370,293,60
859,387,131.117229,333,370,282,60
853,381,153.190332,344,319,73,60
851,378,154.801511,345,308,68,60
849,374,158.922535,367,279,42,60
845,367,161.914069,370,267,45,60
837,355,165.121301,355,262,63,60
831,345,165.067684,370,243,55,60
826,338,162.106351,351,236,85,60
817,326,159.883107,338,230,106,60
811,320,154.783693,324,226,134,60
805,314,146.732992,298,237,212,60
800,311,141.533004,279,258,203,60
793,307,131.480011,271,285,202,60
788,305,128.255346,265,313,202,60
782,302,124.366928,259,317,203,60
772,298,125.790361,250,304,199,60
764,294,125.985252,244,287,197,60
757,291,125.686979,231,282,190,60
746,286,123.460431,224,269,189,60
739,283,122.297301,214,247,186,60
728,279,118.598219,209,231,188,60
721,277,116.656050,204,213,192,60
713,274,115.231905,196,208,186,60
702,271,111.218057,186,192,186,60
695,268,112.451310,176,176,186,60
683,265,111.660238,169,166,186,60
676,263,109.969055,162,157,186,60
669,261,109.682384,151,145,183,60
661,260,106.583510,145,134,189,60
650,257,107.246944,137,127,185,60
643,256,107.284459,128,120,183,60
635,254,103.271211,118,105,189,60
624,252,101.925454,109,99,182,60
616,251,101.874422,106,88,149,60
609,250,96.745860,94,80,138,60
598,249,94.401032,93,67,96,60
590,249,89.293502,80,56,78,60
583,249,85.632211,75,49,65,60
573,250,81.960179,69,43,54,60
567,250,77.420146,62,35,39,60
562,251,72.228483,63,31,34,60
560,253,57.803067,128,36,31,60
559,254,35.344959,370,51,35,60
560,255,20.946453,370,89,44,60
561,255,13.079398,370,213,59,60
562,256,3.857459,370,370,73,60
564,256,-0.038067,370,370,82,60
564,257,-2.826889,370,370,87,60
567,264,-3.271523,370,370,97,60
572,277,-7.013576,370,370,107,60
575,283,-7.679526,370,370,124,60
580,290,-13.530715,370,370,158,60
584,294,-21.087669,370,370,173,60
588,299,-23.665437,370,370,261,60
595,305,-28.859453,370,370,312,60
600,309,-30.640962,370,370,370,60
605,314,-31.213113,370,370,370,60
610,319,-30.251736,370,370,370,60
619,326,-27.594612,370,370,370,60
623,332,-24.322785,370,370,370,60
628,337,-20.674959,370,370,329,60
633,345,-14.344533,370,370,283,60
636,350,-11.702714,370,370,252,60
639,355,-9.159072,370,370,238,60
642,364,-6.780349,370,370,230,60
645,371,-6.787177,370,370,233,60
649,381,-6.648951,370,370,238,60
652,389,-6.837885,370,370,244,60
657,400,-7.311386,370,370,250,60
660,408,-6.388584,289,370,251,60
663,416,-5.432100,265,370,254,60
666,423,-5.203253,252,370,257,60
670,435,-4.786999,241,370,258,60
672,443,-4.297548,240,370,261,60
675,451,-3.477971,240,370,259,60
677,459,-3.342346,237,370,262,60
681,471,-2.867707,233,370,265,60
683,479,-2.862377,231,365,268,60
685,487,-3.095765,227,358,272,60
687,495,-3.045473,224,350,275,60
690,506,-2.962501,220,343,281,60
692,514,-2.252507,220,334,281,60
693,521,-1.970232,219,327,281,60
696,533,-1.074069,220,315,278,60
697,540,-0.830388,221,307,276,60
697,548,-0.369707,223,296,274,60
698,559,-0.130794,223,289,274,60
699,567,-0.035766,223,281,274,60
699,579,0.020982,223,269,274,60
698,587,0.018620,223,261,274,60
698,594,0.138724,223,250,272,60
698,607,0.043547,223,241,274,60
698,614,0.033607,223,233,274,60
697,622,0.286499,226,222,271,60
696,634,0.511373,227,214,269,60
695,642,0.406195,228,206,266,60
695,647,0.178648,228,197,268,60
695,654,-0.027997,227,192,269,60
696,658,-1.180839,220,186,258,60
697,661,-3.147888,212,183,245,60
699,666,-7.898464,197,181,231,60
701,668,-11.523717,186,180,217,60
705,672,-20.998281,159,185,196,60
707,674,-26.133956,151,188,189,60
711,678,-28.785577,137,193,176,60
719,684,-30.803075,131,189,172,60
725,689,-30.639598,121,190,165,60
730,693,-32.655023,116,186,161,60
736,698,-31.256786,107,176,155,60
745,705,-33.656245,100,171,149,60
753,711,-37.522725,90,151,142,60
759,715,-40.690555,78,119,137,60
768,719,-46.168213,71,101,134,60
773,722,-50.175736,63,86,133,60
778,724,-53.403657,56,68,134,60
785,727,-52.573383,48,59,130,60
790,731,-38.938766,47,66,123,60
791,733,-27.097579,51,93,120,60
791,735,-16.501194,59,120,123,60
791,737,-6.181315,79,108,137,60
790,738,-0.129327,90,106,147,60
787,740,5.278500,102,105,154,60
786,741,14.449693,121,107,200,60
784,741,29.767515,111,122,275,60
782,741,50.777705,113,162,257,60
777,743,53.108813,116,192,254,60
771,746,52.638008,111,185,248,60
760,751,48.476447,106,166,237,60
753,754,50.331330,102,157,227,60
746,757,52.007831,99,159,220,60
735,762,53.155478,96,155,213,60
728,765,52.584444,92,149,202,60
718,770,54.291815,89,149,195,60
708,774,51.091720,85,140,185,60
701,777,51.551072,80,129,178,60
695,780,50.118919,75,116,168,60
686,785,47.959464,71,103,164,60
680,788,48.016453,66,99,155,60
674,792,46.838379,62,90,148,60
667,795,47.014230,59,86,141,60
662,797,58.290821,59,98,137,60
660,797,73.717702,78,133,144,60
659,796,85.515139,99,126,164,60
659,795,116.205304,142,132,269,60
659,794,128.372109,133,164,370,60
655,793,127.570444,128,160,370,60
649,790,126.175920,123,150,370,60
640,786,124.605581,116,141,370,60
635,784,118.843019,110,125,370,60
630,783,112.960040,106,107,264,60
624,782,102.669027,106,97,196,60
620,782,90.526260,113,89,142,60
616,783,85.353020,114,86,110,60
608,783,80.345320,111,78,97,60
598,784,75.210564,103,69,82,60
593,785,73.653960,92,65,71,60
587,787,69.341533,83,59,61,60
582,788,63.530080,76,57,54,60
577,791,51.512379,68,60,51,60
577,791,39.416377,61,77,52,60
578,792,26.218498,58,62,63,60
580,792,7.786319,62,54,82,60
581,792,1.493426,71,52,76,60
583,791,-0.458895,75,53,75,60
584,790,-4.841829,79,54,73,60
584,788,-15.902618,116,59,66,60
584,786,-40.504165,261,73,63,60
585,785,-60.423365,250,117,72,60
584,783,-82.081440,370,245,107,60
584,782,-108.294600,370,255,214,60
585,780,-136.239997,370,370,250,60
585,779,-147.541476,370,370,251,60
589,775,-152.309158,333,370,264,60
595,769,-155.119072,307,370,264,60
600,763,-155.530994,295,370,264,60
604,758,-154.552479,331,370,254,60
610,752,-157.703726,303,370,254,60
618,742,-159.120171,299,370,251,60
623,736,-159.065258,317,370,370,60
631,727,-155.421624,353,370,370,60
636,721,-155.778936,370,370,221,60
642,715,-154.975836,370,370,213,60
650,708,-151.235938,370,370,206,60
655,703,-145.610183,370,369,190,60
660,698,-148.987232,370,358,186,60
669,690,-149.183724,370,349,178,60
674,685,-148.522434,370,336,171,60
682,677,-152.930205,370,344,370,60
689,669,-156.629509,370,370,370,60
693,664,-158.388619,370,370,370,60
700,656,-161.756418,370,370,370,60
706,648,-160.584549,370,370,370,60
710,643,-157.831144,370,358,370,60
718,636,-151.153022,370,299,370,60
723,632,-148.952190,370,271,370,60
731,626,-142.628852,370,370,370,60
737,622,-140.469457,370,370,370,60
743,617,-135.622395,370,370,370,60
753,612,-134.380035,370,370,370,60
760,608,-132.313772,370,370,370,60
770,603,-129.980430,370,370,370,60
777,599,-129.217003,370,370,370,60
784,596,-128.875616,370,370,370,60
794,591,-128.129399,370,370,370,60
804,587,-126.719794,245,370,370,60
811,584,-123.945114,199,370,370,60
818,582,-121.119647,200,370,370,60
829,578,-115.215954,370,370,370,60
836,577,-112.542557,370,370,370,60
843,575,-108.327933,370,370,370,60
850,574,-102.896949,370,370,370,60
861,573,-96.389291,370,370,370,60
868,573,-93.506489,370,370,370,60
875,572,-92.981417,370,370,370,60
883,572,-88.656270,370,370,370,60
894,572,-91.699039,370,370,370,60
902,572,-88.098006,370,366,370,60
909,572,-86.065607,370,358,370,60
921,573,-80.152738,370,350,370,60
928,574,-77.679772,370,347,355,60
936,575,-74.696828,370,341,334,60
943,577,-72.855728,364,337,326,60
954,579,-68.521381,347,337,313,60
961,581,-65.186496,326,336,299,60
973,585,-61.647924,307,334,286,60
984,588,-61.423599,298,331,282,60
992,591,-60.080215,285,318,278,60
999,593,-61.173459,279,307,276,60
1010,597,-61.902405,272,295,275,60
1018,599,-61.811814,264,289,272,60
1025,602,-63.160726,254,272,271,60
1033,604,-61.234952,244,268,265,60
1045,608,-62.974255,235,257,264,60
1052,610,-63.694227,230,248,262,60
1063,614,-64.883845,223,234,264,60
1071,616,-64.921984,210,223,258,60
1078,618,-64.843723,200,209,258,60
1086,620,-62.802441,190,204,252,60
1097,623,-63.092270,182,197,250,60
1104,625,-62.146677,175,188,248,60
1111,627,-62.767415,168,178,247,60
1118,629,-65.136220,158,164,247,60
1129,632,-66.706848,151,155,247,60
1136,634,-69.617452,147,143,252,60
1143,635,-72.117726,137,129,257,60
1155,638,-72.732632,127,121,252,60
1162,639,-72.107272,120,112,230,60
1170,640,-73.593235,109,99,199,60
1181,642,-73.650048,102,91,179,60
1188,643,-75.376587,93,84,161,60
1195,644,-76.807996,82,72,133,60
1206,645,-79.955569,75,64,111,60
1212,646,-79.797078,63,53,92,60
1222,647,-81.116625,56,46,78,60
1228,647,-85.480103,49,39,63,60
1233,647,-90.085914,45,34,51,60
1238,646,-93.614221,39,26,35,60
1243,645,-108.532033,48,23,25,60
1245,644,-119.768462,82,26,24,60
1246,643,-135.276190,370,37,27,60
1245,641,-154.660699,370,81,38,60
1245,641,-165.971823,370,160,48,60
1244,640,-170.419125,370,267,55,60
1243,639,142.572792,370,370,65,60
1242,639,173.934503,370,370,90,60
1240,631,176.651068,370,370,86,60
1238,624,170.453098,370,370,103,60
1235,616,168.525579,370,370,99,60
1233,611,171.970574,370,370,109,60
1231,606,169.810949,370,370,120,60
1228,602,165.010070,370,370,145,60
1223,596,157.198840,370,370,200,60
1220,592,157.262732,370,370,200,60
1216,589,145.188002,370,370,266,60
1212,585,150.296349,370,370,370,60
1205,579,144.998963,370,370,370,60
1199,576,141.880597,370,370,370,60
1193,572,134.662843,370,370,370,60
1188,568,132.213924,370,370,370,60
1179,561,135.754995,370,370,370,60
1173,557,138.616206,370,370,370,60
1167,552,143.652039,370,370,370,60
1162,547,143.719648,370,370,370,60
1154,539,152.840893,370,370,370,60
1149,533,147.227920,370,370,370,60
1141,525,156.681854,370,370,370,60
1134,516,153.140125,370,370,370,60
1129,510,152.877063,370,370,370,60
1124,504,161.116935,247,370,370,60
1118,496,162.826539,370,370,370,60
1113,488,155.151635,234,370,370,60
1109,482,153.279724,370,370,370,60
1104,475,158.399763,221,370,370,60
1098,466,159.995366,217,370,370,60
1095,459,158.521341,210,370,370,60
1091,452,170.007574,237,343,364,60
1088,445,165.118167,219,343,370,60
1084,435,173.408545,217,334,370,60
1082,428,165.028201,216,326,369,60
1079,420,167.177149,204,324,353,60
1076,410,174.890118,224,302,368,60
1074,404,171.987650,204,303,338,60
1072,400,170.947886,217,289,353,60
1069,396,166.665133,202,289,331,60
1065,392,157.743011,185,296,310,60
1062,388,152.421694,171,306,295,60
1058,386,144.974704,157,287,283,60
1051,381,141.355729,145,235,276,60
1045,377,139.006481,138,211,271,60
1039,373,131.355859,125,168,268,60
1033,369,137.411019,121,179,262,60
1023,364,137.363666,114,165,258,60
1017,360,132.203200,109,161,255,60
1010,356,137.366164,99,145,248,60
1001,350,135.992832,92,133,245,60
995,347,133.811659,82,114,241,60
985,342,130.288302,75,100,238,60
978,339,122.924216,63,74,241,60
968,334,127.944893,58,75,233,60
962,331,127.147018,51,63,231,60
955,329,124.454508,44,53,230,60
948,326,122.610331,32,38,147,60
938,323,117.259979,25,28,87,60
932,321,113.913133,18,19,48,60
926,319,112.294693,8,8,18,60
917,317,107.957957,1,1,1,60
912,317,102.464152,0,0,0,60
911,317,87.943957,0,0,0,60
911,318,71.919334,0,0,0,60
911,319,47.145373,0,0,0,60
912,320,31.344194,370,4,3,60
914,320,16.877090,370,24,11,60
915,320,7.740689,370,370,20,60
916,321,1.101878,370,370,370,60
917,321,-0.172495,370,370,370,60
918,321,-3.383801,370,370,370,60
919,323,-5.209087,370,370,370,60
922,331,-8.005946,370,370,370,60
926,337,-8.703485,370,370,370,60
931,347,-9.757406,370,370,370,60
934,355,-9.823114,370,370,370,60
938,361,-9.531417,370,370,370,60
943,372,-9.700660,370,370,370,60
946,379,-9.847599,370,370,370,60
952,390,-9.347928,370,370,370,60
955,397,-8.714905,370,370,370,60
959,405,-8.271816,370,370,370,60
962,412,-7.589324,370,370,370,60
966,423,-6.998037,370,370,370,60
969,430,-6.779637,370,370,370,60
973,438,-6.026845,370,370,189,60
977,449,-5.886738,370,370,179,60
980,457,-6.175401,370,370,171,60
982,464,-6.227390,370,370,155,60
985,470,-7.492609,370,370,159,60
989,478,-10.066167,370,370,172,60
992,483,-12.375112,357,370,189,60
995,488,-14.661611,343,369,210,60
999,492,-16.836741,324,369,245,60
1004,499,-21.528373,307,370,296,60
1009,503,-24.343752,296,370,345,60
1013,508,-26.895092,281,370,357,60
1018,512,-29.337586,271,370,348,60
1026,520,-29.149860,266,370,344,60
1032,525,-29.117284,261,370,338,60
1038,531,-28.803235,254,364,333,60
1044,536,-27.844171,247,353,326,60
1052,545,-25.914926,241,343,320,60
1058,551,-24.226013,240,331,317,60
1064,556,-23.909603,233,318,310,60
1069,562,-23.745725,228,311,305,60
1077,570,-24.892903,220,306,296,60
1083,576,-25.974711,213,303,288,60
1091,584,-27.698733,200,299,278,60
1097,590,-26.902589,195,294,272,60
1103,595,-27.293559,189,286,266,60
1111,603,-28.084074,179,277,258,60
1117,608,-28.254012,169,272,250,60
1122,613,-29.565851,164,270,244,60
1130,621,-30.496778,157,266,237,60
1136,625,-31.192243,149,263,231,60
1141,629,-32.261987,140,257,224,60
1147,634,-32.521189,134,243,220,60
1155,640,-33.213250,128,233,216,60
1160,644,-35.257049,121,215,210,60
1166,648,-36.612109,114,193,206,60
1171,652,-39.151535,104,165,199,60
1180,657,-45.997321,96,139,197,60
1186,660,-49.637268,89,120,196,60
1191,662,-54.562232,79,97,197,60
1197,664,-59.038327,73,83,200,60
1207,667,-64.887469,66,71,202,60
1213,668,-68.936881,58,57,131,60
1219,670,-71.785905,52,49,103,60
1228,672,-73.533903,45,42,86,60
1234,672,-75.636427,39,35,66,60
1243,673,-80.947713,30,25,44,60
1248,673,-85.529434,24,20,32,60
1252,673,-92.488860,17,12,17,60
1253,672,-104.536485,23,12,14,60
1253,671,-128.067924,47,15,14,60
1252,670,-147.568592,370,46,27,60
1250,671,-165.232561,370,132,41,60
1248,672,-173.090327,370,245,51,60
1247,673,-175.299781,370,370,56,60
1246,674,177.878746,370,370,79,60
1245,665,174.197142,370,370,72,60
1243,658,172.991673,370,370,87,60
1241,652,171.417232,370,370,89,60
1237,643,167.615742,370,370,117,60
1232,631,169.361693,370,370,117,60
1229,626,168.646131,370,370,133,60
1226,621,164.513601,370,370,154,60
1221,615,161.717536,370,370,176,60
1218,612,153.603743,370,370,213,60
1212,607,144.915286,370,370,327,60
1208,604,144.362765,370,370,370,60
1204,601,137.453575,370,370,370,60
1196,596,130.544421,370,370,370,60
1190,593,127.960130,370,360,370,60
1183,589,127.764050,370,339,370,60
1172,582,130.659805,370,344,370,60
1165,578,134.912094,370,356,370,60
1159,574,138.960836,370,370,370,60
1152,569,132.726555,370,326,370,60
1143,563,133.438395,370,324,370,60
1136,558,136.698947,370,351,370,60
1129,554,135.323830,370,292,370,60
1122,549,135.441623,370,299,370,60
1112,542,143.133456,370,321,370,60
1106,537,144.886919,370,339,370,60
1096,529,145.443085,370,301,370,60
1087,521,140.863968,370,264,370,60
1080,516,141.791130,370,327,370,60
1074,511,148.047720,370,326,370,60
1068,506,147.171548,370,294,370,60
1059,498,148.487003,370,294,370,60
1053,493,141.948223,370,233,370,60
1047,488,144.777258,370,238,370,60
1041,483,142.874604,370,221,370,60
1033,474,152.382979,370,271,370,60
1024,465,153.369527,370,273,370,60
1018,459,153.417124,370,266,370,60
1012,454,155.085459,370,256,364,60
1008,449,151.204807,370,211,351,60
1002,445,144.698556,370,176,343,60
998,443,138.900281,370,142,337,60
994,441,131.414205,370,108,336,60
988,439,116.518865,370,102,298,60
981,437,116.117427,370,111,223,60
974,435,112.419407,370,370,166,60
967,433,114.520042,370,370,140,60
955,430,115.693247,370,370,127,60
948,428,111.874199,370,370,79,60
942,427,107.792513,370,370,61,60
936,426,99.686598,370,370,59,60
928,426,92.901908,370,370,370,60
911,425,87.652146,370,370,370,60
902,426,83.400714,370,370,370,60
896,427,76.755394,370,370,370,60
890,428,73.942518,370,370,370,60
879,430,76.168259,370,362,370,60
871,431,75.723249,370,350,370,60
863,431,80.482508,370,342,370,60
855,432,81.737942,370,325,370,60
843,433,82.989030,370,315,370,60
834,434,83.160710,370,307,370,60
828,435,76.849394,370,302,348,60
821,437,65.106027,370,308,321,60
817,438,56.562887,370,337,298,60
813,440,48.475015,370,365,289,60
810,443,43.054203,370,370,286,60
802,448,39.446984,370,370,282,60
797,452,36.974249,370,370,278,60
791,456,35.155104,370,370,274,60
782,463,33.287245,370,370,268,60
774,469,33.689366,370,370,261,60
768,474,34.207593,370,370,251,60
759,481,34.181035,370,370,244,60
754,485,33.961963,370,370,240,60
748,490,31.576651,368,370,234,60
743,494,29.489634,367,370,233,60
735,501,28.021930,362,370,227,60
730,506,27.467360,358,370,224,60
725,511,24.886486,357,370,221,60
721,516,25.575190,350,367,216,60
714,524,21.774216,350,353,216,60
709,529,19.579025,351,341,216,60
705,534,18.577623,347,329,213,60
700,542,15.688758,336,315,214,60
695,550,12.816080,317,305,217,60
692,556,11.973833,306,298,219,60
689,561,11.091522,303,289,217,60
686,567,10.046030,306,282,214,60
682,576,8.682818,298,274,216,60
679,582,8.002910,302,268,213,60
676,588,7.490470,302,258,212,60
674,594,6.049549,293,252,214,60
671,603,4.757198,290,245,214,60
669,609,3.359277,283,235,217,60
667,615,2.687804,282,229,217,60
665,624,1.987952,281,223,219,60
664,631,1.682095,278,217,220,60
664,637,1.126050,278,207,220,60
663,644,0.665990,276,200,221,60
662,653,0.381842,271,194,220,60
661,657,0.196711,262,187,220,60
661,666,0.079861,254,181,220,60
661,673,0.027113,241,171,221,60
661,682,-0.060369,228,162,221,60
662,688,-0.246975,221,156,219,60
663,694,-0.774323,214,150,209,60
665,704,-1.347043,207,143,197,60
667,713,-2.720207,197,134,182,60
669,723,-3.289920,185,124,166,60
672,732,-4.096441,173,115,152,60
674,738,-5.474417,166,107,137,60
676,744,-5.730287,158,101,128,60
680,751,-8.119506,157,96,120,60
683,756,-10.586966,155,90,107,60
687,763,-14.234117,154,86,102,60
690,767,-17.218965,166,82,89,60
696,773,-20.838518,166,79,83,60
699,777,-23.031918,161,76,78,60
703,781,-26.494444,148,74,69,60
709,785,-30.687672,138,74,66,60
713,788,-36.925477,131,74,63,60
716,790,-43.969594,120,86,62,60
720,790,-61.549735,114,115,68,60
721,789,-84.739757,134,106,104,60
722,788,-115.136367,370,108,121,60
721,787,-130.992002,370,131,113,60
721,786,-147.625866,370,370,121,60
724,783,-153.322184,370,370,124,60
728,777,-157.475353,370,370,125,60
731,773,-162.181578,370,370,131,60
734,768,-164.561827,370,370,131,60
736,763,-166.447254,370,370,128,60
740,756,-169.998884,370,370,133,60
742,752,-169.490103,370,370,135,60
744,747,-171.717373,370,370,134,60
745,742,-176.385412,368,370,144,60
746,736,-175.246757,370,370,141,60
747,728,-178.236948,357,370,370,60
748,720,-176.094649,370,370,370,60
747,715,173.348338,290,370,370,60
746,707,175.514199,310,370,370,60
745,701,175.134408,310,370,370,60
744,693,176.713092,319,370,370,60
742,682,173.774458,323,370,370,60
741,674,174.002582,302,370,370,60
741,666,175.711098,320,370,370,60
740,657,174.864016,303,370,370,60
739,645,176.641976,309,370,370,60
738,633,171.770440,326,370,370,60
738,624,179.716051,327,370,370,60
738,616,177.914640,319,370,370,60
738,608,177.417762,314,370,370,60
738,596,-170.478728,370,370,370,60
738,588,178.880952,295,370,244,60
738,581,143.578082,370,370,370,60
738,569,-174.928945,370,370,370,60
739,561,-171.138390,370,370,370,60
739,549,-177.684958,344,370,370,60
740,542,-178.204315,337,370,204,60
740,534,-177.422988,370,370,370,60
741,521,-174.146424,370,370,370,60
742,513,-174.602495,370,370,173,60
743,502,-172.042132,370,370,169,60
744,495,-172.361261,370,370,162,60
745,487,-169.961907,370,370,154,60
745,480,-173.342393,370,368,137,60
745,470,136.071236,370,360,141,60
744,465,170.471651,288,358,200,60
744,459,170.656144,289,349,200,60
742,451,170.115943,285,344,204,60
740,446,168.356563,271,342,228,60
739,440,168.078519,278,334,216,60
736,431,174.088082,274,325,221,60
733,425,167.124533,264,318,238,60
730,419,163.750657,248,317,276,60
726,410,163.405482,245,312,283,60
722,401,162.357803,238,303,300,60
718,395,162.738024,254,288,250,60
715,389,156.147851,213,301,296,60
711,383,160.857521,219,285,299,60
705,373,160.357891,230,269,293,60
702,366,161.085853,230,260,290,60
698,360,159.712736,203,267,274,60
694,353,161.075406,200,253,266,60
688,344,159.082245,209,240,272,60
684,337,164.307474,203,233,262,60
680,331,163.842290,190,226,247,60
674,322,161.844772,180,224,235,60
669,316,155.254462,164,223,217,60
664,310,159.247478,164,211,216,60
657,301,157.527637,151,214,203,60
653,296,156.970144,151,202,202,60
648,291,146.308756,131,215,185,60
643,286,152.461599,131,197,182,60
639,281,149.628767,124,197,176,60
632,275,146.046972,117,197,171,60
627,271,141.332125,109,184,165,60
622,267,139.492525,99,152,159,60
614,261,139.354138,94,147,155,60
609,258,135.138286,87,130,152,60
603,254,133.775157,78,107,148,60
595,249,128.681613,72,96,147,60
590,247,122.601858,65,79,147,60
584,245,118.707546,59,67,149,60
579,243,111.572629,51,51,118,60
571,241,105.584846,45,42,86,60
565,240,102.231978,39,37,73,60
560,240,94.976852,34,26,41,60
555,240,86.800289,31,21,28,60
548,240,81.985357,27,16,21,60
546,242,57.823696,38,16,16,60
546,243,40.921857,370,33,23,60
548,244,19.319406,370,79,34,60
549,244,8.112530,370,180,45,60
550,246,0.169799,370,370,62,60
551,246,-0.616419,370,370,68,60
552,246,-5.589439,370,370,75,60
556,254,-6.603295,370,370,82,60
559,262,-8.521043,370,370,100,60
563,267,-10.591599,370,370,114,60
568,274,-16.193622,370,370,147,60
572,277,-25.631714,370,370,171,60
576,280,-33.310156,370,370,324,60
583,285,-41.969787,258,370,370,60
587,287,-49.577087,250,370,370,60
593,289,-54.529998,241,370,370,60
602,293,-57.135551,235,370,370,60
609,295,-57.503424,227,370,370,60
621,300,-56.277688,219,370,370,60
632,305,-53.905180,204,370,370,60
640,309,-52.775875,197,370,370,60
648,312,-51.979936,185,370,370,60
659,318,-50.631627,178,370,370,60
666,322,-47.736107,171,370,370,60
674,326,-45.861054,161,370,370,60
685,332,-44.208148,154,370,370,60
692,336,-45.023388,147,370,370,60
699,340,-44.113626,140,370,370,60
705,344,-45.050838,130,370,370,60
716,350,-44.725812,123,370,370,60
723,355,-44.066119,370,370,370,60
734,361,-43.393553,370,370,370,60
741,366,-41.491600,370,370,370,60
751,373,-39.496622,370,370,370,60
757,377,-39.470391,370,370,370,60
764,382,-37.753227,370,370,370,60
774,389,-35.120728,370,370,370,60
781,395,-34.431944,370,370,370,60
791,402,-33.001769,370,370,370,60
797,407,-33.378733,370,370,370,60
803,412,-33.032149,370,370,370,60
812,420,-31.424605,370,370,370,60
818,425,-31.015366,370,370,370,60
824,431,-30.705022,370,370,370,60
833,439,-29.180228,370,370,370,60
839,445,-27.746200,370,370,370,60
848,453,-27.495249,370,370,370,60
854,459,-26.705095,370,370,370,60
860,465,-25.776462,370,370,370,60
868,474,-24.072886,370,370,370,60
874,480,-24.708616,370,370,370,60
879,486,-24.432502,370,370,370,60
887,494,-25.568854,370,370,102,60
893,500,-25.096683,370,370,96,60
901,509,-23.444854,370,370,87,60
906,515,-23.310482,370,363,82,60
911,519,-26.020386,370,362,83,60
915,523,-29.274407,370,370,140,60
921,528,-36.642269,364,370,237,60
925,530,-41.610117,354,370,323,60
930,532,-48.025589,343,370,321,60
934,534,-53.638389,338,370,324,60
943,537,-57.838797,336,370,327,60
949,539,-59.658450,329,370,330,60
956,542,-58.844448,321,364,326,60
963,544,-59.853846,314,353,326,60
975,548,-57.952323,305,349,320,60
982,551,-55.886551,296,351,312,60
989,554,-56.387220,285,336,309,60
1000,558,-58.129967,278,324,306,60
1008,561,-59.148534,272,307,309,60
1015,563,-60.661596,262,290,307,60
1022,566,-61.638660,255,279,306,60
1034,569,-61.373975,247,272,302,60
1041,572,-61.851921,240,262,300,60
1049,574,-61.737996,228,248,298,60
1056,577,-60.753859,220,243,292,60
1064,579,-61.439208,212,232,292,60
1075,583,-62.869911,206,222,290,60
1086,586,-61.929105,193,210,286,60
1093,588,-59.991558,186,204,283,60
1100,591,-60.003475,176,200,275,60
1108,593,-61.169970,166,182,276,60
1119,596,-63.780599,159,174,275,60
1126,599,-66.515257,154,159,282,60
1133,600,-67.617736,145,150,281,60
1141,602,-69.631274,137,133,286,60
1152,604,-70.982070,130,125,278,60
1159,606,-72.244641,124,116,240,60
1167,607,-71.099325,110,104,223,60
1174,609,-71.082899,102,97,207,60
1186,611,-73.378496,94,87,179,60
1193,612,-74.700635,87,79,154,60
1199,613,-78.175285,78,67,120,60
1206,613,-80.578421,72,59,100,60
1216,614,-82.947578,66,53,85,60
1224,614,-87.975362,54,42,68,60
1230,614,-91.747845,49,34,47,60
1238,612,-98.713868,45,28,37,60
1242,611,-110.074525,47,25,28,60
1244,610,-122.412479,107,29,25,60
1244,608,-138.238179,370,44,30,60
1244,607,-160.423064,370,77,38,60
1244,605,-167.589177,370,171,49,60
1243,605,-173.256979,370,370,61,60
1241,605,174.136813,370,370,370,60
1240,605,168.321090,370,370,85,60
1238,597,172.286989,370,370,100,60
1232,585,167.509969,370,370,104,60
1229,578,172.235821,370,370,114,60
1225,569,169.302278,370,370,148,60
1222,564,166.550696,370,370,135,60
1219,560,162.816252,361,370,176,60
1214,555,155.025687,370,370,233,60
1210,551,152.608729,370,370,316,60
1206,548,147.501660,370,370,370,60
1202,544,145.694700,370,370,370,60
1197,541,141.151165,370,370,370,60
1188,535,130.405932,370,370,370,60
1182,531,131.662424,370,361,370,60
1175,527,133.363900,370,360,370,60
1169,522,134.073447,370,356,370,60
1159,515,143.339136,370,367,370,60
1149,507,142.166462,370,370,370,60
1143,502,144.089823,370,370,370,60
1136,497,140.133173,370,370,370,60
1126,489,141.930902,370,367,370,60
1120,484,149.219663,370,370,370,60
1113,478,141.709492,370,330,370,60
1107,473,140.926181,370,331,368,60
1098,465,148.616891,370,369,365,60
1092,460,142.753187,370,357,360,60
1086,454,148.448152,370,343,355,60
1078,448,140.946917,370,315,347,60
1073,444,145.505731,370,293,341,60
1067,439,145.560675,370,263,334,60
1059,433,142.915577,370,239,327,60
1053,429,142.498863,370,236,323,60
1047,425,140.964520,370,218,317,60
1037,418,140.910997,370,204,313,60
1030,414,141.338152,370,198,309,60
1023,409,141.765988,135,189,305,60
1013,402,135.980953,107,169,298,60
1006,398,139.603948,96,147,290,60
1000,394,138.355974,89,134,286,60
990,388,135.377266,82,117,283,60
983,384,134.938643,73,105,279,60
973,378,133.945580,65,89,274,60
967,374,135.109997,55,77,266,60
960,370,136.514804,48,70,262,60
953,365,148.123180,44,66,259,60
952,362,159.427835,55,138,272,60
952,360,165.686498,62,207,283,60
952,357,170.153957,69,247,298,60
953,355,-168.377113,248,336,320,60
955,341,-176.689620,107,231,367,60
957,336,-168.989836,118,227,370,60
960,330,-169.868976,130,219,370,60
963,320,-174.162263,158,217,370,60
965,314,-167.026740,154,209,370,60
965,309,-171.986500,141,201,350,60
966,305,-171.873104,133,192,317,60
965,300,167.864749,54,80,195,60
964,296,177.661835,96,183,244,60
963,293,172.296781,96,179,240,60
960,286,173.315336,75,178,204,60
958,280,172.162542,73,173,199,60
955,274,161.169651,63,172,182,60
951,264,171.037212,69,155,189,60
947,257,162.876593,65,147,179,60
945,251,162.954138,49,129,154,60
943,244,167.098789,52,139,155,60
942,238,169.441356,55,126,149,60
942,228,169.174358,54,119,138,60
942,223,-178.140730,93,112,185,60
943,216,-170.479293,113,108,200,60
944,210,-177.670129,80,96,141,60
945,207,-167.432550,109,95,168,60
946,202,-167.292202,103,90,164,60
948,193,-167.772476,96,84,152,60
948,187,-166.685177,87,79,154,60
948,178,-178.692932,85,67,106,60
948,172,172.119267,55,64,69,60
948,166,175.148918,72,51,68,60
946,157,171.645172,65,45,62,60
945,152,177.179704,58,39,52,60
944,150,174.321826,55,35,45,60
943,149,162.185400,54,36,41,60
942,150,148.339025,41,41,41,60
942,151,131.126469,28,38,47,60
942,153,112.191853,25,25,61,60
941,154,89.749017,28,20,28,60
942,155,56.996031,54,24,25,60
942,157,39.783483,370,40,30,60
942,158,24.763377,370,76,39,60
943,158,14.607112,370,169,51,60
945,157,4.047252,370,370,65,60
946,156,0.517153,370,370,75,60
947,156,-0.397736,370,370,80,60
948,160,-0.538866,370,370,82,60
950,173,-1.480424,370,370,86,60
952,179,-2.840214,370,370,89,60
954,184,-4.362223,370,370,96,60
956,189,-6.220555,370,370,109,60
959,195,-9.479928,370,370,117,60
961,199,-12.992756,370,370,134,60
964,202,-15.978985,370,370,155,60
967,205,-21.246669,345,370,370,60
971,209,-29.450952,326,370,370,60
975,212,-36.002427,312,370,370,60
980,215,-40.081800,299,370,370,60
988,220,-43.295502,289,370,370,60
994,223,-43.989880,279,370,370,60
1001,227,-44.489761,271,370,370,60
1011,233,-43.516697,265,370,370,60
1017,237,-41.944055,259,370,370,60
1024,242,-40.733489,251,370,370,60
1031,246,-39.026192,245,370,370,60
1037,251,-37.357292,240,370,370,60
1047,258,-35.047252,235,370,370,60
1053,263,-32.823175,231,370,370,60
1059,268,-31.290465,227,370,370,60
1065,273,-30.054638,223,370,370,60
1075,282,-30.122901,214,370,370,60
1081,287,-30.961351,207,370,370,60
1087,292,-31.435829,196,367,370,60
1096,300,-32.705026,189,344,370,60
1102,305,-33.297697,183,331,370,60
1109,310,-32.993493,172,309,370,60
1115,315,-31.091210,168,315,370,60
1122,321,-34.548647,161,284,370,60
1126,323,-40.325976,152,239,370,60
1130,324,-48.672593,144,203,370,60
1133,325,-57.867983,138,161,370,60
1137,326,-68.538850,140,139,330,60
1141,326,-80.770216,148,128,231,60
1145,325,-92.846346,159,121,185,60
1148,325,-95.846921,190,119,151,60
1152,324,-107.003232,226,119,133,60
1158,322,-111.820331,245,116,117,60
1167,319,-110.821656,237,113,110,60
1172,317,-115.672369,226,114,103,60
1177,315,-120.455794,217,116,97,60
1182,312,-131.171330,207,117,89,60
1189,308,-129.543114,207,108,85,60
1193,305,-141.959898,199,127,83,60
1197,301,-140.086525,196,112,78,60
1201,297,-140.845358,189,119,75,60
1206,291,-146.332545,188,134,75,60
1209,287,-151.813365,182,122,71,60
1212,283,-155.439713,182,164,73,60
1214,279,-159.874010,182,177,76,60
1219,271,-165.866632,189,164,83,60
1221,265,-163.960858,172,163,72,60
1223,258,-175.606485,183,146,85,60
1224,253,-171.126789,185,140,90,60
1225,242,-178.804705,175,127,94,60
1225,235,160.014426,312,207,131,60
1224,227,178.342440,165,115,100,60
1223,222,176.692126,162,110,106,60
1222,218,175.147088,161,105,113,60
1219,211,171.515269,158,100,123,60
1217,208,170.014150,162,96,116,60
1214,203,166.708745,166,93,107,60
1210,197,162.459650,173,88,97,60
1207,193,159.758189,186,86,90,60
1201,187,154.366477,200,83,82,60
1197,184,150.932567,259,83,76,60
1192,180,147.927194,290,83,72,60
1186,176,141.143942,281,85,69,60
1182,174,127.195926,272,91,68,60
1176,171,116.015890,264,106,68,60
1174,171,108.272750,283,235,85,60
1173,173,78.079540,370,253,134,60
1173,174,51.946613,370,279,272,60
1174,176,34.865516,370,370,268,60
1170,180,27.865617,370,370,279,60
1167,183,24.880167,370,370,279,60
1161,190,21.223813,370,370,281,60
1157,195,20.110337,350,370,281,60
1151,203,19.091636,350,370,279,60
1146,209,17.080006,340,370,278,60
1142,215,16.424117,334,370,370,60
1137,224,14.798166,323,370,370,60
1133,231,14.406751,331,370,370,60
1129,238,13.996286,321,370,370,60
1125,244,13.532384,336,370,370,60
1119,255,13.268899,344,370,370,60
1115,261,13.379929,350,370,370,60
1109,271,13.420007,357,370,370,60
1105,278,14.168083,370,370,370,60
1100,284,14.355274,370,370,370,60
1096,291,16.064992,370,370,370,60
1089,301,16.413419,370,370,370,60
1084,308,17.824479,370,370,370,60
1076,318,18.249872,370,370,370,60
1071,324,19.256290,370,370,370,60
1066,331,19.893447,370,370,370,60
1058,340,21.052902,370,370,370,60
1053,347,21.458624,370,370,370,60
1045,356,21.314874,370,370,370,60
1040,362,21.457494,370,370,370,60
1035,368,21.920228,370,355,370,60
1027,376,23.879895,370,318,370,60
1022,382,25.756345,370,281,370,60
1016,388,27.526366,370,241,370,60
1007,396,27.359188,370,221,370,60
1002,402,21.681851,370,252,370,60
1000,406,16.260899,370,314,370,60
999,409,10.568012,370,370,370,60
998,413,4.652271,370,370,370,60
997,416,2.167210,370,370,370,60
997,420,0.587716,370,370,370,60
997,425,0.209478,370,370,370,60
997,435,0.023578,370,370,370,60
996,442,0.059276,370,370,370,60
996,454,0.298097,370,370,190,60
995,462,0.432815,370,370,175,60
994,474,0.731828,370,370,164,60
993,482,0.647614,370,366,152,60
992,488,0.325391,370,359,142,60
992,495,0.014254,370,349,142,60
992,501,-0.004222,370,343,142,60
993,507,-0.279408,370,337,145,60
994,515,-0.999499,370,332,147,60
995,521,-1.824563,370,326,151,60
996,526,-2.790289,370,318,158,60
999,534,-4.596412,370,314,165,60
1001,539,-5.718383,370,308,175,60
1003,544,-7.266729,362,303,188,60
1007,552,-9.341663,351,298,202,60
1010,557,-11.249006,340,295,214,60
1013,562,-12.831636,323,290,240,60
1018,569,-16.080400,313,288,259,60
1021,573,-18.229384,295,287,305,60
1027,580,-21.908508,285,285,295,60
1032,585,-23.786611,274,285,285,60
1037,590,-23.482929,266,282,278,60
1042,596,-23.504432,258,273,269,60
1050,604,-25.393301,248,272,261,60
1056,609,-26.595274,241,269,254,60
1061,614,-28.792917,233,267,247,60
1069,621,-32.225881,219,267,235,60
1074,625,-32.371762,210,270,230,60
1079,630,-33.451192,204,263,226,60
1087,636,-34.052819,195,260,219,60
1093,640,-35.350746,189,257,214,60
1098,644,-36.646141,179,256,207,60
1104,648,-37.487286,173,255,203,60
1112,653,-40.865752,165,258,199,60
1118,657,-44.580769,158,233,197,60
1124,660,-48.252523,151,210,195,60
1132,663,-53.222854,142,179,195,60
1138,665,-56.638045,137,164,196,60
1145,668,-59.509165,127,143,196,60
1154,670,-63.979825,121,132,199,60
1160,672,-67.460570,114,115,206,60
1166,673,-71.073796,110,105,212,60
1176,674,-76.605653,106,95,185,60
1182,675,-79.677983,102,88,157,60
1188,675,-83.098795,99,80,134,60
1194,675,-85.777532,96,73,113,60
1200,675,-90.601317,90,64,90,60
1206,675,-95.646028,92,58,75,60
1214,673,-104.031491,94,54,63,60
1219,672,-108.728237,99,50,55,60
1224,670,-115.424966,124,47,45,60
1229,668,-130.576223,207,49,42,60
1230,667,-140.942261,370,64,44,60
1230,666,-157.120607,370,128,55,60
1229,664,-169.498689,370,298,71,60
1228,663,-172.724769,370,370,79,60
1227,663,175.543267,370,370,370,60
1225,653,175.188853,370,370,104,60
1223,647,176.224373,370,370,111,60
1221,641,167.443159,370,370,145,60
1218,635,172.928428,370,370,130,60
1214,627,165.288784,370,370,141,60
1211,622,166.295800,370,370,158,60
1208,618,162.912207,370,370,203,60
1205,613,160.275728,370,370,230,60
1199,607,155.620349,370,370,266,60
1195,603,154.335656,370,370,336,60
1189,596,147.104473,370,370,370,60
1184,592,149.462781,370,370,370,60
1178,587,144.201576,370,370,370,60
1173,583,142.146537,370,370,370,60
1167,578,142.910556,370,370,370,60
1158,570,151.907731,370,370,370,60
1152,564,152.576484,370,370,370,60
1144,555,150.216074,370,370,370,60
1138,550,148.261526,370,370,370,60
1132,544,149.148888,370,370,370,60
1123,535,150.923841,370,370,370,60
1118,530,151.939865,370,370,370,60
1109,521,151.965885,370,370,370,60
1103,515,148.154535,370,370,370,60
1097,509,148.002907,370,370,370,60
1092,503,149.805570,370,370,370,60
1084,494,152.036711,370,370,370,60
1076,485,151.863532,370,370,370,60
1071,478,156.016711,370,368,370,60
1066,472,155.777549,202,370,370,60
1061,465,153.470269,370,355,370,60
1054,455,155.261754,173,363,370,60
1049,449,159.033654,158,362,362,60
1044,442,155.276922,151,327,353,60
1037,432,153.295089,140,302,337,60
1030,422,159.468712,141,329,340,60
1023,412,163.610011,137,321,331,60
1019,408,160.996232,137,310,334,60
1015,402,159.064803,128,310,321,60
1008,394,153.115431,118,301,310,60
1003,388,159.092463,113,283,303,60
998,382,160.077822,109,282,299,60
990,372,160.654287,102,277,289,60
985,366,159.802291,92,242,278,60
977,357,157.754446,85,213,269,60
972,351,156.038850,73,169,255,60
963,343,152.656924,66,142,247,60
957,337,152.026185,58,118,238,60
951,331,151.423145,48,85,228,60
945,323,160.692781,45,94,224,60
941,317,157.118406,49,150,234,60
939,312,167.339590,48,176,231,60
939,308,176.471156,47,161,226,60
940,304,-142.549612,55,193,240,60
940,297,-173.179284,86,184,298,60
943,288,-169.938190,78,176,261,60
945,280,-165.830288,103,172,298,60
947,272,-166.172295,124,167,320,60
951,261,-164.020866,125,154,286,60
952,254,-165.901239,131,147,275,60
954,246,-170.099578,124,138,245,60
957,238,-167.234963,135,127,231,60
960,227,-166.116100,137,120,221,60
962,219,-167.249380,127,112,213,60
964,208,-166.534954,110,96,179,60
966,201,-171.230202,106,87,147,60
966,194,-170.309436,97,81,137,60
968,184,-168.070563,86,75,135,60
968,177,-168.880255,79,67,118,60
968,170,-170.433279,82,58,82,60
968,161,166.672889,61,67,55,60
968,155,178.653435,75,44,54,60
967,150,177.627872,52,35,48,60
966,145,176.038174,45,30,39,60
964,142,172.885434,45,28,37,60
962,141,162.652178,54,29,32,60
961,141,150.732330,63,31,31,60
960,142,128.091191,48,48,35,60
960,143,112.078431,45,49,44,60
961,144,93.453809,47,41,61,60
962,144,76.648492,78,43,49,60
963,145,60.564311,106,46,47,60
964,146,43.738564,370,74,52,60
965,147,18.669987,370,140,65,60
967,147,6.548196,370,370,82,60
969,147,1.025439,370,370,102,60
970,146,-0.416210,370,370,113,60
971,150,-2.639820,370,370,117,60
973,155,-4.823761,370,370,125,60
975,158,-7.551714,370,370,137,60
978,163,-12.164597,370,370,161,60
980,166,-16.250788,357,370,188,60
982,169,-21.498484,337,370,370,60
985,171,-27.920395,316,370,370,60
989,174,-36.209123,295,370,370,60
993,176,-40.736760,285,370,370,60
998,179,-43.229121,278,370,370,60
1003,182,-43.082979,271,370,370,60
1009,186,-42.731252,264,370,370,60
1019,193,-41.117337,255,370,370,60
1029,199,-39.328888,250,370,370,60
1036,204,-37.615691,245,370,370,60
1042,209,-35.359407,237,370,370,60
1049,214,-34.004739,231,370,370,60
1058,221,-33.256684,228,370,370,60
1064,226,-33.141362,221,370,370,60
1070,231,-33.670083,212,370,370,60
1079,238,-33.586302,206,365,370,60
1086,243,-32.366811,196,358,370,60
1095,251,-30.525074,189,361,370,60
1101,257,-28.640723,186,370,370,60
1110,265,-27.929130,180,365,370,60
1116,271,-27.407393,175,363,370,60
1121,277,-25.950663,169,364,370,60
1127,283,-23.278456,166,370,370,60
1135,292,-21.966419,161,370,370,60
1138,295,-21.768840,158,370,370,60
1145,304,-21.198072,152,370,370,60
1150,310,-20.407780,148,370,370,60
1156,316,-20.893337,141,355,370,60
1161,322,-20.094406,135,356,370,60
1168,331,-19.550046,131,359,370,60
1173,338,-18.209887,125,341,370,60
1178,345,-17.728841,120,349,370,60
1183,352,-18.381689,116,350,370,60
1190,361,-15.292382,110,361,370,60
1196,368,-18.651274,99,277,370,60
1200,374,-19.326174,93,253,370,60
1207,383,-18.311519,87,242,370,60
1212,389,-17.234283,83,245,370,60
1218,395,-23.817050,73,186,370,60
1221,398,-29.571933,65,138,370,60
1227,402,-39.098071,51,84,370,60
1236,408,-36.892926,42,66,370,60
1240,411,-33.260175,39,70,370,60
1244,415,-30.917058,37,68,370,60
1247,418,-22.558085,38,89,370,60
1249,422,-11.214869,44,147,370,60
1249,426,-2.302952,55,370,370,60
1248,427,-0.105317,63,370,370,60
1247,429,1.253083,69,370,370,60
1245,435,2.574726,75,370,370,60
1241,451,3.551270,80,370,370,60
1237,464,3.916061,89,370,370,60
1232,481,4.200713,96,369,370,60
1229,490,4.041317,100,359,370,60
1226,498,4.259057,107,347,370,60
1224,506,4.093256,110,339,370,60
1220,518,4.946448,116,331,370,60
1216,525,6.105591,128,321,370,60
1213,533,6.823203,137,313,370,60
1208,544,8.388588,145,307,370,60
1205,551,8.850879,157,300,370,60
1199,562,10.429945,171,290,370,60
1195,570,11.151334,182,284,362,60
1191,578,11.256955,195,272,353,60
1185,589,11.065122,203,265,347,60
1181,596,11.101331,213,253,341,60
1177,603,10.561228,216,246,340,60
1171,614,9.601902,217,237,338,60
1167,621,10.377077,233,227,329,60
1163,629,10.838167,243,219,321,60
1157,639,11.972648,250,213,314,60
1153,646,13.354821,238,207,303,60
1148,653,13.494720,224,197,292,60
1144,659,13.913050,217,192,286,60
1138,670,15.251837,206,185,278,60
1133,676,15.029480,197,178,272,60
1129,683,14.794505,190,172,266,60
1125,689,12.249211,185,159,269,60
1119,699,10.607512,178,152,268,60
1116,705,9.722736,172,145,252,60
1113,712,8.936946,164,134,224,60
1110,719,7.814349,157,126,207,60
1106,728,7.020780,149,120,195,60
1102,738,5.935955,140,111,178,60
1100,744,5.432081,130,101,157,60
1097,750,5.404218,121,95,147,60
1095,759,4.234776,116,88,135,60
1093,765,3.321737,109,82,124,60
1092,773,1.679544,100,74,109,60
1091,778,0.808759,96,69,100,60
1091,783,0.251201,86,61,86,60
1091,791,-0.012641,79,56,79,60
1092,796,-0.168863,71,50,71,60
1092,802,-0.499455,63,45,63,60
1093,806,-1.044675,55,38,52,60
1095,812,-3.360647,48,33,45,60
1096,813,-9.243001,49,31,39,60
1097,814,-17.946999,58,32,37,60
1098,813,-34.108361,175,43,37,60
1099,812,-59.614806,172,71,44,60
1098,810,-79.128262,199,170,69,60
1098,809,-112.664952,293,169,124,60
1097,808,-132.754638,370,210,175,60
1098,807,-149.656389,370,321,183,60
1101,803,-153.419826,370,370,188,60
1103,799,-158.326050,370,370,197,60
1108,793,-162.346702,370,370,200,60
1110,788,-163.855068,370,370,200,60
1113,783,-167.351822,370,370,204,60
1117,775,-165.500510,370,370,193,60
1120,770,-171.313967,370,370,210,60
1122,764,-169.814669,370,370,203,60
1125,755,-172.061866,370,370,203,60
1127,746,-172.626674,370,370,203,60
1129,740,-174.511170,370,370,214,60
1131,731,-176.695596,370,370,212,60
1132,724,-177.350567,370,370,207,60
1133,718,-178.366697,370,370,220,60
1134,709,-177.254666,370,370,220,60
1134,703,-178.628827,370,370,220,60
1134,693,176.605121,370,370,279,60
1133,687,176.862992,370,370,244,60
1132,681,174.045934,370,370,258,60
1130,671,176.120148,370,370,276,60
1128,664,172.557103,370,370,278,60
1127,658,175.945151,370,370,258,60
1124,648,174.992461,370,370,274,60
1122,641,176.258855,370,370,286,60
1120,634,176.094868,370,370,269,60
1118,628,170.128101,370,370,313,60
1114,618,171.147089,370,370,348,60
1112,611,169.510592,329,370,283,60
1110,604,170.173986,370,370,330,60
1106,593,171.182291,370,370,324,60
1103,585,168.912653,370,370,347,60
1100,578,169.063944,370,370,353,60
1097,570,167.846193,370,370,368,60
1093,559,165.695403,275,370,350,60
1090,552,171.608711,265,370,358,60
1087,544,167.180699,370,370,370,60
1085,537,164.476952,370,370,370,60
1082,529,174.935525,244,370,334,60
1080,521,171.204073,227,370,370,60
1076,510,175.409625,220,370,370,60
1074,502,168.507807,213,370,370,60
1072,494,170.621811,216,370,370,60
1070,485,169.399064,210,370,370,60
1068,477,168.302198,204,370,370,60
1065,465,171.226117,207,360,370,60
1064,457,171.514274,214,349,370,60
1062,449,175.462961,203,344,370,60
1060,440,171.961037,200,331,370,60
1060,440,169.081945,193,333,370,60
1060,440,170.457650,197,331,370,60
1060,440,170.712437,204,329,370,60
1060,440,172.587853,204,329,370,60
1060,440,172.113174,227,325,348,60
1060,440,177.205971,202,330,370,60
1060,440,171.168433,204,329,370,60
1060,440,171.342616,207,328,370,60
1060,440,170.465802,202,330,370,60
1060,440,173.094553,210,328,370,60
1060,440,171.174338,203,329,370,60
1060,440,176.778285,207,328,370,60
1060,440,177.015353,210,328,370,60
1060,440,169.735637,199,331,370,60
1060,440,170.494637,200,330,370,60
1060,440,174.824437,212,327,370,60
1060,440,169.730216,190,335,370,60
1060,440,177.568467,224,326,353,60
1060,440,170.358417,202,330,370,60
1060,440,171.701140,206,329,370,60
1060,440,173.252865,202,330,370,60
1060,440,172.670292,203,329,370,60
1060,440,167.206010,202,330,370,60
1060,440,171.572452,204,329,370,60
1060,440,170.640854,202,330,370,60
1060,440,177.387514,224,325,351,60
1060,440,168.415619,196,332,370,60
1060,440,168.815842,197,332,370,60
1060,440,172.850979,207,328,370,60
1060,440,170.554894,202,330,370,60
1060,440,170.157692,200,330,370,60
1060,440,176.784984,202,330,370,60
1060,440,170.209572,193,333,370,60
1060,440,171.035923,203,329,370,60
1060,440,170.880791,214,327,370,60
1060,440,171.132920,209,328,370,60
1060,440,171.123070,227,325,347,60
1060,440,168.568183,196,332,370,60
1060,440,173.302704,209,328,370,60
1060,440,173.488010,209,328,370,60
1060,440,171.870463,206,328,370,60
1060,440,169.136113,204,329,370,60
1060,440,170.982159,203,329,370,60
1060,440,172.434066,207,328,370,60
1060,440,171.978490,207,328,370,60
1060,440,175.565560,199,330,370,60
1060,440,169.976356,204,329,370,60
1060,440,171.113130,203,329,370,60
1060,440,169.673699,204,329,370,60
1060,440,170.720084,202,330,370,60
1060,440,171.726158,204,329,370,60
1060,440,172.543612,197,331,370,60
1060,440,170.948661,204,329,370,60
1060,440,170.290177,202,330,370,60
1060,440,169.034290,199,331,370,60
1060,440,172.719986,207,328,370,60
1060,440,171.995331,196,332,370,60
1060,440,168.208811,195,332,370,60
1060,440,167.654870,199,331,370,60
1060,440,171.099382,207,328,370,60
1060,440,172.434021,202,330,370,60
1060,440,171.592826,196,332,370,60
1060,440,166.886029,190,334,370,60
1060,440,172.259424,206,328,370,60
1060,440,172.197872,223,326,354,60
1060,440,171.934470,204,329,370,60
1060,440,171.369801,203,329,370,60
1060,440,170.723399,199,331,370,60
