633,774,-141.906875,168,370,370,60
633,768,-143.730299,159,370,370,60
633,757,-179.065283,186,370,370,60
634,734,-175.115111,219,370,370,60
634,718,-172.436393,217,370,370,60
635,691,-175.341544,189,370,370,60
636,673,-178.695756,221,370,370,60
636,654,-175.986497,206,370,370,60
638,626,-174.056998,217,370,370,60
639,608,-178.680254,197,370,299,60
642,580,-170.065693,247,370,370,60
645,551,-175.530655,255,370,279,60
647,533,-175.381935,223,370,271,60
649,514,-176.814867,220,370,274,60
653,486,-175.466135,233,370,262,60
656,467,-170.943425,266,357,241,60
660,440,-168.679259,292,332,227,60
663,422,-176.637678,245,308,251,60
669,394,-165.711049,326,287,212,60
674,368,-167.816436,299,265,219,60
678,351,-166.016157,282,254,199,60
681,335,-165.285049,257,228,195,60
687,312,-167.786727,238,211,190,60
690,298,-176.223637,257,190,224,60
694,284,-176.682898,224,169,213,60
699,264,-175.396596,185,161,179,60
703,252,-175.791908,180,137,199,60
706,241,-174.070596,162,127,189,60
709,231,-164.707458,135,121,161,60
714,216,-175.314889,138,106,164,60
717,206,-175.768858,120,91,140,60
720,197,-164.919358,96,86,148,60
724,184,-175.194723,90,74,124,60
727,177,-174.500731,85,65,100,60
730,173,-163.956367,72,61,107,60
732,172,-151.124969,65,65,123,60
734,172,-133.686228,66,94,100,60
737,173,-104.745585,80,103,99,60
738,174,-82.195317,111,89,142,60
740,176,-60.333661,93,102,370,60
741,178,-33.194045,96,146,370,60
740,179,-17.595102,111,370,370,60
739,181,-2.797701,145,370,370,60
738,181,-0.112344,161,370,338,60
737,181,1.682589,173,370,319,60
736,181,9.950006,200,370,289,60
735,181,20.554123,370,370,255,60
734,180,31.151385,370,370,221,60
733,180,45.333139,370,296,207,60
732,179,63.487839,370,240,207,60
727,180,69.494108,370,218,212,60
719,181,77.793415,370,195,209,60
714,181,85.763356,313,185,173,60
708,181,90.482868,244,174,134,60
701,180,103.378773,210,171,114,60
697,179,116.561907,175,184,86,60
691,175,128.364388,166,124,75,60
686,173,130.261546,162,103,69,60
676,167,128.043960,149,103,63,60
666,163,124.709100,144,109,63,60
659,159,120.626543,135,109,61,60
652,157,117.266302,127,125,61,60
648,157,99.973481,131,122,69,60
646,158,68.503605,192,115,130,60
646,159,54.089997,370,134,120,60
646,161,22.928809,370,311,138,60
646,163,9.140215,370,370,166,60
644,169,10.491602,370,370,164,60
639,180,7.732817,370,370,165,60
636,188,7.323025,370,370,162,60
633,194,7.816161,370,370,157,60
628,204,10.241472,370,370,147,60
624,210,11.271790,370,370,137,60
619,220,16.171284,370,370,125,60
614,226,17.774486,370,331,113,60
608,235,16.770145,370,338,110,60
603,241,19.977700,370,262,99,60
598,248,18.309886,370,265,94,60
591,257,21.740009,370,215,86,60
586,263,18.720620,370,221,80,60
582,269,19.321533,370,204,75,60
576,277,14.186431,370,207,72,60
572,283,15.200053,370,285,75,60
569,289,14.544641,370,227,66,60
562,300,11.150734,370,244,65,60
558,308,10.931038,370,321,63,60
553,318,8.545345,370,234,55,60
550,326,10.066816,370,230,49,60
543,341,5.731161,370,314,48,60
539,351,4.701485,370,370,45,60
536,361,6.348892,370,255,37,60
533,370,3.973919,370,370,35,60
528,386,3.246883,370,282,31,60
526,396,3.680662,370,315,27,60
523,408,2.626458,370,370,24,60
521,424,0.283788,370,370,24,60
520,435,0.087604,370,370,23,60
520,448,0.001551,370,370,23,60
521,460,-0.019803,370,370,24,60
523,474,-0.544707,370,370,25,60
525,486,-0.750925,370,365,30,60
528,496,-2.147971,370,348,37,60
533,513,-2.817856,370,337,41,60
536,521,-4.316610,370,324,52,60
542,538,-3.735517,370,314,55,60
546,546,-6.848861,370,303,66,60
551,557,-6.918661,370,289,82,60
559,571,-10.139564,365,281,94,60
564,582,-9.634160,351,266,111,60
569,589,-10.202237,341,260,123,60
576,599,-14.718581,330,254,137,60
579,605,-14.297713,317,250,155,60
584,611,-15.743979,302,243,180,60
589,617,-17.526144,290,239,202,60
597,626,-16.912242,290,231,200,60
601,633,-16.327101,281,225,219,60
606,639,-14.398641,281,213,214,60
610,647,-11.758149,286,204,204,60
613,653,-9.417969,292,194,196,60
615,657,-6.965821,300,189,186,60
617,665,-2.979966,278,183,173,60
617,670,-1.011559,257,177,165,60
617,675,-0.032916,238,169,159,60
617,682,0.097252,231,164,159,60
616,688,1.100258,216,156,154,60
613,697,2.189631,206,150,149,60
611,704,3.470692,193,143,144,60
609,711,3.933359,176,133,137,60
607,718,5.294776,164,127,130,60
602,728,6.077649,155,121,125,60
599,735,6.107138,145,114,120,60
596,742,5.754418,131,103,114,60
591,753,6.779140,120,95,109,60
588,761,5.113788,113,88,107,60
585,769,5.105755,97,75,102,60
580,780,6.377048,89,68,97,60
577,787,7.298597,78,62,90,60
574,794,5.249620,65,50,78,60
570,804,6.471828,55,43,68,60
568,811,5.952649,48,37,59,60
566,817,4.298847,35,27,41,60
564,823,3.683185,28,21,32,60
565,824,0.187843,28,20,28,60
566,824,-0.352606,28,20,28,60
567,823,-4.473317,31,21,28,60
568,821,-18.140906,42,24,28,60
568,820,-30.095954,69,28,28,60
567,818,-47.617815,235,39,31,60
566,816,-72.383961,276,98,47,60
565,815,-89.875593,321,263,66,60
564,815,-107.181184,370,274,140,60
563,813,-133.480875,370,370,271,60
563,812,-147.322787,364,370,282,60
569,806,-154.938824,247,370,289,60
574,801,-154.483109,220,370,290,60
578,798,-148.545129,305,370,276,60
583,796,-135.388272,370,370,255,60
587,795,-124.635308,370,370,248,60
591,794,-114.740108,370,263,252,60
597,793,-97.608372,370,239,173,60
601,794,-86.978877,370,225,106,60
607,795,-68.968914,258,229,83,60
611,797,-57.934259,231,144,68,60
617,800,-43.412433,219,79,55,60
623,804,-39.457215,214,61,47,60
630,808,-40.593644,207,57,44,60
638,812,-47.980089,200,53,39,60
641,812,-69.687033,203,138,55,60
643,811,-100.024041,245,184,82,60
643,810,-118.700799,370,198,180,60
643,809,-132.959994,370,258,190,60
649,805,-140.071849,370,370,189,60
653,802,-138.896910,370,370,186,60
661,796,-139.330966,370,370,179,60
666,793,-136.831257,370,370,169,60
672,790,-133.560160,370,370,162,60
677,787,-130.269846,370,206,157,60
686,783,-124.758849,370,180,151,60
696,780,-118.434841,370,164,145,60
703,777,-113.640482,370,144,137,60
710,776,-110.931122,370,126,128,60
717,774,-106.852786,370,115,124,60
729,772,-104.682373,370,105,118,60
737,771,-101.645333,173,97,113,60
745,769,-101.071967,147,83,97,60
758,767,-102.320178,134,75,87,60
766,766,-103.149088,114,62,72,60
778,764,-106.685970,106,55,61,60
785,762,-109.802097,100,49,52,60
791,760,-116.138382,114,42,41,60
793,758,-128.610969,369,50,39,60
794,756,-153.564935,370,79,47,60
793,755,-167.764384,370,370,59,60
792,754,-176.169791,370,370,75,60
791,753,175.900231,358,370,111,60
790,751,173.448861,362,370,110,60
788,747,170.693299,347,370,121,60
785,742,168.216847,327,370,370,60
781,734,164.264152,313,370,370,60
777,728,163.637091,300,370,370,60
773,722,160.983716,288,370,370,60
770,715,166.671874,299,370,370,60
769,712,172.570611,316,370,370,60
768,708,176.477038,348,370,370,60
769,701,179.364544,358,370,370,60
769,697,-178.515334,370,370,370,60
770,693,-178.307148,370,370,370,60
772,689,-175.601547,370,370,370,60
775,683,-169.076657,370,370,370,60
778,680,-162.589192,370,302,370,60
783,675,-150.728085,370,370,66,60
788,672,-139.078794,370,370,52,60
792,669,-131.264926,370,370,45,60
808,662,-129.366089,275,38,30,60
816,657,-133.582713,370,25,18,60
834,647,-135.448889,258,8,7,60
839,643,-140.067878,0,0,0,60
840,641,-161.667651,370,370,370,60
839,640,-167.571474,370,370,370,60
838,639,-176.008754,370,238,370,60
838,639,-178.605660,370,248,370,60
838,636,-177.349997,370,370,370,60
839,633,-178.257871,370,370,370,60
841,629,-175.151676,370,251,370,60
843,626,-171.845958,370,227,370,60
845,623,-166.654097,370,370,370,60
848,618,-160.197864,370,370,370,60
852,616,-153.031268,370,370,370,60
856,612,-141.419452,370,370,370,60
860,611,-132.167992,217,370,370,60
864,609,-121.324171,370,370,370,60
869,609,-104.944976,370,370,370,60
873,609,-94.765518,370,370,370,60
877,610,-81.122852,370,370,347,60
881,611,-72.000638,370,370,299,60
884,612,-63.234910,370,370,262,60
887,614,-51.672691,370,370,247,60
890,616,-44.291375,370,357,238,60
892,618,-38.221483,370,312,234,60
896,622,-28.823708,370,269,85,60
898,625,-22.238924,370,248,56,60
900,629,-14.052797,370,228,37,60
902,633,-9.992970,369,215,28,60
908,644,-9.041374,345,207,31,60
911,652,-9.288226,337,199,39,60
916,660,-9.583380,317,187,51,60
920,667,-11.469587,320,181,62,60
927,679,-13.240541,314,174,75,60
931,685,-16.299504,323,169,90,60
939,696,-19.654672,343,161,124,60
944,701,-21.931987,361,157,151,60
949,706,-23.818962,357,153,151,60
956,714,-25.242610,350,150,144,60
961,719,-24.007738,344,142,138,60
966,725,-23.188864,338,137,133,60
971,731,-21.740292,290,124,125,60
979,740,-19.937115,264,116,120,60
984,746,-19.209966,235,109,114,60
989,753,-18.188273,217,101,106,60
996,762,-17.697059,190,91,97,60
1001,769,-17.477251,172,83,89,60
1006,776,-17.480327,149,73,78,60
1011,782,-19.038649,144,67,71,60
1018,790,-21.648552,141,63,65,60
1022,795,-23.603856,141,58,58,60
1027,799,-31.126739,149,54,51,60
1029,800,-43.743984,250,63,51,60
1030,799,-59.175919,244,113,61,60
1030,798,-80.838256,285,238,86,60
1030,797,-109.654777,370,237,135,60
1030,795,-123.270965,370,284,244,60
1030,795,-139.367922,370,368,244,60
1036,790,-140.683450,370,370,244,60
1041,787,-139.842689,370,365,234,60
1047,783,-133.668120,370,343,228,60
1051,781,-127.651692,370,278,220,60
1055,780,-117.523310,370,240,221,60
1058,780,-105.932534,370,216,210,60
1064,780,-95.232120,326,204,157,60
1067,781,-82.239124,250,199,113,60
1071,782,-75.022978,224,200,97,60
1076,784,-58.698328,204,185,83,60
1081,786,-55.490634,195,132,75,60
1086,788,-53.471394,186,114,69,60
1092,791,-54.001989,179,111,66,60
1102,795,-54.292308,173,111,65,60
1109,798,-55.300720,165,106,62,60
1116,801,-54.757960,158,101,59,60
1126,805,-57.313914,148,96,55,60
1131,806,-63.864057,144,100,54,60
1134,806,-75.046464,151,136,69,60
1136,805,-99.003877,182,128,97,60
1137,804,-118.745309,370,148,137,60
1138,802,-135.287756,370,172,134,60
1142,799,-138.485861,370,195,134,60
1147,795,-141.552946,370,205,128,60
1156,789,-140.425769,370,198,123,60
1162,785,-139.037241,370,183,117,60
1169,780,-143.734592,370,179,109,60
1179,773,-138.176547,370,166,102,60
1185,768,-139.944760,370,135,92,60
1192,764,-139.438437,370,126,83,60
1201,757,-140.600846,370,114,76,60
1207,753,-141.515965,370,111,71,60
1212,749,-141.736839,370,98,65,60
1234,731,-149.035165,370,86,47,60
1239,726,-150.542807,370,81,42,60
1245,720,-153.506257,370,71,37,60
1246,717,-165.002193,370,123,44,60
1246,715,-170.598472,370,163,47,60
1244,714,139.753955,370,370,63,60
1243,714,173.630774,370,370,92,60
1242,714,170.695761,370,370,97,60
1236,704,166.923536,370,370,113,60
1231,696,166.496519,370,370,134,60
1227,689,165.988896,370,370,147,60
1220,680,160.898898,370,370,183,60
1216,673,163.599605,370,370,180,60
1211,667,160.603109,370,370,216,60
1204,657,160.980641,370,370,204,60
1200,651,162.263039,370,370,262,60
1197,645,164.672500,370,370,207,60
1194,640,167.454164,370,370,197,60
1192,633,173.172547,370,370,182,60
1191,629,177.664561,370,370,154,60
1192,623,177.922338,370,370,148,60
1192,619,-178.233862,370,370,127,60
1194,613,-174.590847,370,370,133,60
1196,609,-171.124740,370,370,116,60
1201,599,-169.500333,370,370,109,60
1205,592,-169.656714,370,370,103,60
1208,585,-169.625868,370,370,97,60
1212,578,-166.952646,370,333,89,60
1215,572,-162.621220,370,244,80,60
1220,562,-170.047818,370,360,85,60
1223,555,-164.970311,370,205,72,60
1228,545,-169.620974,370,326,75,60
1230,538,-168.863112,370,244,68,60
1234,529,-172.451913,370,220,63,60
1237,521,-168.675059,370,264,62,60
1242,507,-169.255816,370,370,65,60
1245,498,-166.075000,370,215,54,60
1250,482,-169.255723,370,160,47,60
1253,472,-170.892281,370,191,45,60
1255,463,-166.833971,370,142,38,60
1257,454,-167.705003,370,148,37,60
1260,441,-168.201144,370,115,32,60
1261,433,-175.637970,370,319,41,60
1262,424,-176.389295,370,310,41,60
1263,412,-178.043792,370,301,39,60
1264,402,-166.825062,348,114,30,60
1263,387,142.474244,370,277,39,60
1263,376,174.800870,370,267,45,60
1261,362,169.943010,370,255,62,60
1259,351,175.705299,370,252,86,60
1258,342,176.735267,343,231,54,60
1254,326,168.957744,370,224,87,60
1252,318,165.342483,317,208,66,60
1247,303,172.503132,310,190,85,60
1242,290,169.194759,316,183,97,60
1237,281,169.200336,367,185,164,60
1233,273,168.493327,286,162,120,60
1229,266,167.787887,279,155,131,60
1226,260,166.448222,278,150,142,60
1220,251,157.438094,271,144,154,60
1216,244,167.825694,245,136,152,60
1212,237,167.480106,227,126,145,60
1206,226,158.944645,214,118,137,60
1203,218,170.264766,189,109,130,60
1199,211,161.361969,213,102,110,60
1196,204,161.051742,200,95,102,60
1191,192,169.449788,140,83,100,60
1187,185,169.564458,130,75,89,60
1184,178,169.245760,117,68,80,60
1179,167,168.393623,100,58,68,60
1175,160,169.069607,89,50,59,60
1172,154,168.748831,71,40,48,60
1167,146,166.352167,61,34,41,60
1165,145,158.585084,68,33,35,60
1164,146,139.669230,176,42,35,60
1164,147,123.995251,251,73,44,60
1164,148,101.415279,262,126,55,60
1165,150,74.372914,370,245,109,60
1166,150,56.458838,370,278,247,60
1168,150,40.350286,370,370,257,60
1165,152,42.398947,370,370,257,60
1160,156,40.514317,370,370,255,60
1156,159,39.829916,370,370,247,60
1151,160,51.306815,370,370,240,60
1146,161,66.312292,370,272,238,60
1140,162,80.346168,370,232,178,60
1136,161,92.904742,370,220,137,60
1133,160,104.962508,247,220,79,60
1127,159,119.848810,224,148,66,60
1124,157,129.339110,210,85,54,60
1119,154,134.898448,206,68,48,60
1109,148,138.626766,202,57,42,60
1103,144,131.894320,192,67,42,60
1100,143,111.281520,196,119,51,60
1097,145,87.005974,227,178,72,60
1096,146,71.715492,370,177,109,60
1096,147,42.453561,370,235,182,60
1096,148,29.701310,370,370,196,60
1094,151,23.514384,370,370,204,60
1088,159,21.973989,370,370,203,60
1083,164,19.582377,370,370,202,60
1077,171,23.977018,370,370,186,60
1072,176,27.515953,370,370,182,60
1068,179,32.565000,370,370,169,60
1062,184,32.738993,370,370,159,60
1057,188,36.968947,370,370,152,60
1049,193,42.194469,370,370,142,60
1043,195,44.521346,370,190,134,60
1034,200,49.750644,370,158,120,60
1027,203,55.128818,370,136,113,60
1017,207,58.576136,370,122,106,60
1010,210,57.141749,370,111,96,60
998,214,65.817280,370,95,89,60
991,216,66.203236,370,85,80,60
983,218,64.908279,370,71,69,60
972,222,62.329895,370,63,62,60
966,224,60.005632,370,59,54,60
960,226,56.342306,370,53,45,60
957,229,38.253363,370,63,45,60
957,230,24.236025,370,126,56,60
958,232,5.965355,370,361,73,60
959,232,0.647703,370,370,94,60
960,235,-1.106795,370,370,99,60
962,244,-1.913514,370,370,103,60
965,254,-3.254155,370,370,113,60
969,265,-4.764205,370,370,370,60
971,272,-5.937494,370,370,370,60
974,278,-6.862528,370,370,370,60
978,288,-6.710258,370,370,370,60
979,293,-3.411414,370,370,370,60
979,299,-0.445649,370,370,370,60
979,303,0.008269,370,370,370,60
977,309,1.730973,370,370,370,60
976,313,3.958099,370,370,370,60
973,318,10.578545,370,370,370,60
970,322,16.891664,370,300,370,60
967,325,21.971597,370,278,370,60
964,328,30.223293,370,370,61,60
959,331,40.928293,370,370,51,60
956,332,49.274330,370,370,45,60
948,336,53.005333,262,370,34,60
938,340,51.711894,258,370,24,60
923,347,48.551932,261,370,17,60
914,353,44.907045,244,370,6,60
903,360,41.552296,370,370,370,60
890,368,36.425665,370,370,370,60
878,379,32.125407,370,370,370,60
871,385,33.347963,370,370,364,60
867,387,40.952824,206,370,348,60
864,389,47.969176,370,370,337,60
859,390,59.143883,370,370,337,60
857,391,67.213396,370,370,341,60
852,391,78.432913,370,330,370,60
848,391,88.156817,370,321,370,60
845,390,91.748008,370,311,370,60
839,388,108.382642,364,315,351,60
836,387,115.712626,323,338,306,60
831,384,128.086629,307,370,282,60
828,381,140.922808,305,370,275,60
825,378,146.373045,306,348,272,60
823,375,150.069099,314,304,180,60
820,370,159.603586,345,271,96,60
817,364,166.047037,350,262,93,60
816,359,170.107555,365,253,82,60
815,354,167.252801,360,246,89,60
813,345,172.268105,370,237,82,60
811,338,176.508972,340,224,72,60
809,332,170.111964,368,220,89,60
805,322,166.311208,348,217,106,60
802,313,165.345751,336,212,121,60
797,302,167.211833,329,198,131,60
793,295,162.703091,317,186,114,60
790,288,160.204922,305,186,178,60
785,278,160.725569,300,178,185,60
781,270,169.665464,298,170,178,60
778,263,170.811609,259,151,145,60
774,256,161.548377,290,150,159,60
770,246,165.968203,274,141,157,60
768,240,167.844939,264,134,148,60
766,232,167.591982,240,126,141,60
763,221,166.608394,204,113,131,60
760,210,168.392631,178,104,125,60
758,202,167.283551,176,94,107,60
756,195,167.646788,157,86,99,60
754,186,162.813931,161,81,87,60
752,179,164.977452,128,67,75,60
749,167,164.155438,117,59,65,60
748,159,166.705096,97,51,56,60
745,149,166.471086,71,39,47,60
743,144,168.268041,61,33,38,60
742,143,160.913593,55,30,35,60
741,144,149.945006,110,37,34,60
741,146,136.447143,220,45,37,60
742,146,120.026809,219,88,47,60
742,149,91.830676,240,202,63,60
744,150,76.972620,306,209,96,60
745,150,60.815159,370,230,192,60
747,150,43.592962,370,317,221,60
744,153,35.425330,370,370,224,60
736,159,33.552564,370,370,223,60
731,162,33.820059,370,370,214,60
727,165,41.030686,370,312,203,60
720,168,49.834518,370,270,196,60
715,170,56.135338,370,233,192,60
711,171,67.586109,370,195,193,60
704,171,81.391735,337,178,182,60
700,171,92.337992,259,169,137,60
696,170,103.341491,200,167,97,60
691,167,119.057032,172,174,76,60
687,165,131.108445,162,109,65,60
683,163,132.493038,157,85,58,60
675,157,132.018658,152,78,54,60
669,153,132.200048,147,68,48,60
663,150,131.783371,140,71,47,60
661,149,120.269277,135,95,51,60
659,149,103.551840,145,130,65,60
658,151,82.207329,179,124,94,60
659,152,60.875877,321,136,137,60
659,153,41.436181,370,200,135,60
657,155,35.102883,370,231,137,60
650,160,31.269437,370,246,135,60
645,164,33.324653,370,228,127,60
637,172,32.410091,370,238,124,60
631,177,28.164927,370,237,120,60
625,182,30.835913,370,208,109,60
615,189,30.673777,370,202,103,60
609,194,31.666204,370,176,94,60
603,199,34.977108,370,142,83,60
594,206,35.349752,370,135,78,60
588,210,31.740151,370,128,72,60
583,215,33.060811,370,115,63,60
574,222,29.950372,370,110,59,60
568,227,29.986109,370,105,54,60
560,235,26.559820,370,90,45,60
554,240,30.131691,370,70,37,60
548,246,23.049716,370,69,32,60
548,248,13.257303,370,113,39,60
548,250,3.828425,370,370,55,60
550,251,-0.252885,370,370,63,60
551,252,-4.523263,370,370,71,60
553,253,-14.870347,370,370,103,60
559,261,-17.801304,370,370,128,60
569,272,-21.462649,370,370,148,60
574,277,-25.631177,370,370,212,60
583,285,-31.461348,370,370,343,60
589,290,-32.686119,257,370,370,60
598,297,-32.211985,370,370,370,60
602,302,-28.871833,370,370,370,60
605,307,-16.146662,370,370,262,60
607,311,-11.072590,370,370,204,60
608,315,-5.546699,370,370,169,60
609,321,-1.232559,370,370,157,60
609,325,-0.097899,370,370,149,60
608,329,0.477173,358,370,145,60
607,334,2.056934,365,370,140,60
605,341,4.436934,370,370,133,60
603,348,5.359081,370,370,127,60
599,359,5.265508,370,370,120,60
596,366,5.815182,370,370,118,60
594,373,5.674740,370,370,113,60
589,385,7.632474,370,370,106,60
586,392,5.914905,370,370,102,60
581,403,6.657614,370,370,96,60
578,410,6.088637,370,370,89,60
575,417,6.239273,370,370,89,60
571,428,6.516445,370,370,86,60
569,434,6.268433,370,370,83,60
567,441,5.187450,370,370,79,60
565,448,5.637637,370,370,75,60
562,458,3.039201,370,370,76,60
560,464,3.780141,370,370,72,60
558,474,2.466367,370,370,73,60
557,480,1.736301,370,364,72,60
555,497,1.344482,370,353,71,60
553,507,1.108793,370,337,68,60
552,527,0.195194,370,324,68,60
551,537,0.192441,370,312,66,60
551,550,0.197958,370,294,66,60
551,566,0.115845,370,283,66,60
550,577,0.222250,370,272,66,60
551,587,0.001800,362,257,66,60
551,604,-0.005923,347,246,66,60
551,613,-0.053361,334,236,66,60
552,624,-0.276159,316,223,68,60
554,633,-1.099124,303,211,72,60
556,649,-1.448863,285,200,73,60
558,658,-1.942922,272,186,80,60
560,673,-2.087744,258,176,83,60
562,681,-1.623272,245,167,85,60
565,690,-3.747360,233,157,92,60
567,696,-4.884992,228,149,102,60
569,702,-5.256312,221,143,106,60
573,711,-5.776456,210,137,109,60
576,718,-6.011789,202,131,113,60
580,728,-6.408451,193,121,125,60
583,734,-6.170427,175,111,131,60
587,745,-8.715433,168,104,130,60
591,751,-8.644027,164,98,118,60
596,762,-9.681843,148,90,111,60
600,770,-9.301794,133,79,97,60
603,778,-9.121774,121,71,86,60
608,789,-8.713333,99,60,73,60
611,796,-8.294987,89,53,65,60
614,803,-8.055071,68,42,52,60
618,809,-13.090914,62,37,45,60
620,810,-19.610181,69,36,41,60
621,809,-36.650465,220,50,41,60
621,808,-62.788113,213,72,47,60
622,807,-83.913261,233,198,65,60
621,805,-111.370226,370,210,134,60
620,804,-128.977318,370,270,213,60
619,804,-142.116327,370,370,220,60
623,801,-147.574180,370,370,223,60
632,794,-144.532103,370,370,216,60
636,791,-139.896042,370,370,203,60
644,787,-130.575510,370,370,193,60
648,785,-123.538090,370,220,186,60
655,784,-109.202990,370,192,188,60
659,784,-96.995455,370,174,182,60
663,784,-85.510229,216,163,116,60
666,785,-74.633292,186,167,94,60
672,787,-60.320040,169,175,80,60
675,788,-52.329797,161,124,72,60
680,791,-46.803975,157,103,66,60
685,793,-50.885627,148,98,62,60
695,798,-54.298307,141,95,59,60
699,799,-62.545237,137,130,63,60
701,798,-80.055722,151,128,85,60
702,797,-106.683545,207,126,135,60
703,795,-122.817312,370,144,133,60
707,793,-133.371160,370,166,128,60
713,788,-144.836829,370,370,128,60
719,784,-146.181382,370,370,124,60
727,776,-149.627778,370,370,120,60
732,771,-151.366708,370,370,114,60
740,763,-152.494170,370,370,111,60
745,758,-155.552424,370,370,104,60
752,750,-156.511305,370,370,100,60
757,745,-156.884862,370,370,92,60
761,739,-159.298935,370,370,93,60
767,732,-161.347547,370,370,89,60
771,726,-162.887602,370,341,86,60
775,720,-163.804277,370,333,83,60
780,712,-164.649803,370,331,78,60
783,706,-165.012281,370,319,78,60
786,701,-167.982701,370,306,76,60
790,692,-171.145631,370,353,75,60
791,687,-172.235544,370,370,370,60
793,681,-174.433526,370,370,370,60
795,672,-173.282131,370,370,370,60
796,667,-178.043924,370,370,370,60
797,664,-175.630638,370,370,370,60
799,661,-173.754732,370,370,370,60
802,656,-166.906006,370,260,370,60
805,653,-160.588603,370,370,370,60
810,649,-148.936077,370,370,370,60
813,647,-139.642617,370,370,28,60
819,645,-125.548456,255,370,17,60
823,644,-113.674904,16,6,6,60
832,642,-109.274764,0,0,0,60
845,638,-112.282583,0,0,0,60
850,637,-112.111907,0,0,0,60
853,637,-102.803746,0,0,0,60
854,638,-85.112811,0,0,0,60
855,639,-68.396105,0,0,0,60
854,640,-43.322936,0,0,0,60
854,641,-27.313395,0,0,0,60
852,642,-11.145208,0,0,0,60
852,642,-3.869471,0,0,0,60
850,644,0.062884,7,201,282,60
849,644,2.870350,10,200,286,60
848,645,10.219359,23,202,345,60
845,647,22.893546,48,213,364,60
839,653,27.675230,80,218,344,60
834,657,34.568792,144,225,326,60
824,664,43.080155,189,242,306,60
819,666,51.887668,189,279,295,60
815,667,61.964496,200,324,296,60
811,667,71.021810,219,296,309,60
805,667,82.694032,241,279,329,60
800,666,96.413462,306,268,370,60
796,665,107.162031,319,269,370,60
792,664,118.207330,274,294,370,60
789,662,125.658646,264,318,370,60
784,658,136.551461,258,349,370,60
781,655,146.155288,261,370,370,60
777,650,156.295789,276,370,268,60
775,646,164.748818,302,370,370,60
773,640,171.989191,317,370,370,60
772,636,172.711436,333,370,370,60
772,633,174.981509,345,370,370,60
772,627,-143.842663,353,370,370,60
773,624,-177.972767,370,370,370,60
774,618,-175.517003,370,370,370,60
776,615,-174.589006,370,370,370,60
778,611,-170.264952,370,370,370,60
782,606,-162.218841,370,262,370,60
785,603,-154.630906,370,370,370,60
789,601,-145.932968,370,370,370,60
795,598,-131.986384,370,370,370,60
799,596,-122.212271,262,370,370,60
804,595,-110.317796,370,370,370,60
808,595,-99.223340,370,370,44,60
814,596,-84.190209,370,370,27,60
818,597,-75.506548,370,370,18,60
833,600,-72.851060,370,21,8,60
841,601,-77.887187,370,370,8,60
854,602,-80.720958,370,370,10,60
865,602,-95.059657,370,370,348,60
867,600,-107.470184,370,370,370,60
883,597,-110.106134,370,370,370,60
891,594,-114.038999,370,370,370,60
896,593,-106.675245,370,370,370,60
900,593,-96.969528,370,367,370,60
906,594,-81.443426,370,360,370,60
910,595,-70.404494,370,369,313,60
915,597,-58.472130,364,370,269,60
920,600,-45.422078,354,370,257,60
922,602,-37.290534,355,314,250,60
926,606,-28.036024,364,283,202,60
928,609,-23.630699,370,259,134,60
932,614,-18.055923,370,248,116,60
935,619,-14.111707,370,239,104,60
937,624,-10.763335,370,225,92,60
942,633,-10.081629,370,218,94,60
945,639,-10.275909,362,212,100,60
948,645,-11.203372,357,203,113,60
952,650,-12.459940,360,199,124,60
957,658,-15.240714,368,196,138,60
960,663,-16.925730,368,190,164,60
964,668,-18.930961,355,188,186,60
971,675,-19.797865,348,183,190,60
975,681,-19.708737,341,179,185,60
980,687,-18.118418,340,167,178,60
987,696,-16.995165,330,160,171,60
992,703,-16.906084,310,152,164,60
996,709,-16.975828,296,146,158,60
1003,718,-18.896402,285,137,147,60
1006,722,-22.226731,302,134,138,60
1010,725,-26.886861,292,136,133,60
1017,732,-30.349180,275,136,123,60
1022,737,-31.428354,266,133,117,60
1031,744,-31.059213,258,125,110,60
1036,749,-31.563808,251,120,106,60
1042,753,-32.715124,241,114,97,60
1047,757,-34.343254,234,111,94,60
1055,763,-36.648052,227,109,90,60
1060,767,-37.856421,220,107,86,60
1066,770,-39.640841,210,105,82,60
1071,774,-41.261238,203,103,78,60
1080,779,-43.595429,197,100,75,60
1085,781,-47.957887,190,104,73,60
1091,784,-51.957448,180,115,72,60
1099,787,-58.138454,176,127,72,60
1103,788,-66.006791,175,177,79,60
1106,788,-83.646059,190,162,96,60
1109,787,-101.201390,251,158,145,60
1113,786,-109.519576,300,159,179,60
1119,784,-114.767434,370,162,158,60
1127,780,-124.137008,370,171,148,60
1133,778,-129.127025,370,177,138,60
1141,773,-134.158335,370,179,134,60
1147,769,-137.080078,370,185,127,60
1157,763,-132.628518,370,160,118,60
1163,760,-137.225456,370,170,114,60
1170,755,-136.986490,370,152,103,60
1179,749,-139.516365,370,143,97,60
1185,745,-139.436470,370,136,92,60
1190,741,-143.523408,370,144,87,60
1196,737,-143.395093,370,134,80,60
1203,730,-145.098480,370,143,79,60
1207,726,-143.824422,370,129,73,60
1214,719,-151.400526,370,133,69,60
1219,715,-150.576760,370,123,62,60
1224,709,-148.604509,370,104,56,60
1231,702,-152.721404,370,114,54,60
1235,696,-153.824910,370,123,52,60
1239,692,-161.341594,370,137,51,60
1239,689,-170.104436,370,234,58,60
1238,688,-174.531003,370,370,69,60
1237,687,169.498418,326,370,370,60
1236,681,177.006980,370,370,90,60
1234,671,177.129219,370,370,94,60
1233,665,176.313756,370,370,94,60
1232,659,177.728045,370,370,92,60
1231,654,177.200109,370,370,93,60
1230,649,176.706558,370,370,100,60
1227,640,175.578993,370,370,103,60
1225,635,174.567808,370,370,116,60
1223,629,174.245009,370,370,114,60
1221,623,172.659858,370,370,138,60
1217,614,167.962635,370,370,127,60
1215,608,171.913536,370,370,144,60
1212,602,165.243177,370,370,164,60
1209,596,167.441494,370,370,158,60
1203,586,169.004269,368,370,172,60
1199,579,168.550579,370,370,210,60
1196,572,169.106846,354,370,192,60
1192,565,169.448853,357,370,189,60
1186,554,168.645291,337,370,247,60
1182,547,169.422384,345,370,207,60
1177,537,167.377355,344,370,209,60
1173,527,166.689243,326,370,235,60
1171,521,165.708962,357,370,199,60
1168,511,167.739513,319,370,250,60
1167,504,176.607883,334,370,224,60
1165,497,168.603650,350,370,207,60
1164,487,167.239026,313,370,257,60
1163,480,179.453157,370,365,190,60
1163,469,172.745978,326,364,234,60
1163,462,-144.313493,321,357,243,60
1164,455,-174.633420,370,342,165,60
1164,448,-171.367988,370,337,157,60
1165,437,-176.766503,370,330,155,60
1166,431,-171.486846,370,319,178,60
1168,419,-169.743248,370,313,148,60
1169,412,-177.743228,370,303,154,60
1172,400,-169.053953,347,290,142,60
1173,392,-177.929671,370,277,164,60
1176,380,-169.824702,355,270,155,60
1179,368,-167.871285,303,265,128,60
1181,360,-177.358500,326,246,148,60
1183,352,-165.359336,275,246,120,60
1186,340,-170.381560,275,234,124,60
1188,332,-167.905246,298,221,142,60
1190,321,-169.026480,252,215,118,60
1192,313,-170.777453,244,201,120,60
1194,302,-169.221570,234,194,117,60
1195,291,-170.129713,217,179,116,60
1197,282,-160.852162,206,172,111,60
1198,273,-178.841249,221,162,131,60
1198,266,-172.362581,189,153,116,60
1199,255,-170.282133,171,149,104,60
1200,248,-170.210749,190,137,130,60
1200,241,-176.651924,134,149,80,60
1200,230,-179.026689,165,119,131,60
1199,222,131.080798,154,111,131,60
1199,215,178.351199,147,100,137,60
1199,204,177.756639,161,95,114,60
1198,197,177.917322,123,86,120,60
1197,190,169.369214,114,79,109,60
1196,183,169.504901,118,69,83,60
1194,172,177.061329,92,61,82,60
1193,165,176.386578,78,53,72,60
1191,158,177.392619,71,47,62,60
1190,152,177.004864,55,37,49,60
1187,143,175.994428,45,30,39,60
1186,141,171.478715,41,26,34,60
1185,141,163.809377,49,27,32,60
1184,142,138.118694,93,34,32,60
1184,143,130.750966,272,48,35,60
1185,145,114.357743,283,110,51,60
1186,146,82.394072,329,267,71,60
1187,147,64.485780,370,277,142,60
1187,148,45.933852,370,370,274,60
1188,149,31.133145,370,370,288,60
1184,153,25.454988,334,370,302,60
1180,158,22.463397,360,370,296,60
1177,162,20.465309,292,370,306,60
1172,168,23.109227,321,370,298,60
1168,171,28.232847,370,370,274,60
1163,174,38.059100,370,370,261,60
1158,176,54.930303,370,370,247,60
1154,176,65.525819,370,285,245,60
1149,176,82.392555,370,238,188,60
1145,176,87.140438,370,226,135,60
1141,175,104.338211,258,227,97,60
1135,173,119.242411,233,179,80,60
1131,171,122.158007,220,120,71,60
1126,168,132.160713,216,97,65,60
1116,163,124.482983,207,106,63,60
1109,159,133.544824,200,80,55,60
1101,156,123.868682,189,80,52,60
1099,156,109.470211,197,175,66,60
1097,157,83.716806,233,176,93,60
1096,158,68.642832,370,182,158,60
1095,160,50.776280,370,230,182,60
1091,162,41.131191,370,261,180,60
1087,165,37.806410,370,370,178,60
1082,169,37.749351,370,370,173,60
1073,176,32.558404,370,370,172,60
1067,181,35.370518,370,370,162,60
1061,186,33.876957,370,370,158,60
1052,193,35.304494,370,370,149,60
1046,198,32.680370,370,370,144,60
1039,202,35.592809,370,370,133,60
1029,210,39.073202,370,370,124,60
1023,214,39.462409,370,370,117,60
1013,221,38.331995,370,370,104,60
1005,228,36.908231,370,370,100,60
999,233,36.159700,370,370,94,60
993,237,35.476693,370,370,86,60
985,244,32.060408,370,370,83,60
981,249,30.050690,370,370,79,60
974,256,25.582983,370,370,75,60
970,260,22.804922,370,370,73,60
967,265,19.825389,370,370,72,60
964,269,14.791741,370,328,75,60
956,282,14.004984,370,319,71,60
951,290,12.692990,370,309,65,60
947,297,9.576466,370,299,62,60
941,311,7.555099,370,341,370,60
935,326,6.902449,370,338,370,60
931,337,6.226221,370,332,370,60
928,345,5.390953,370,356,370,60
924,352,10.699084,370,238,370,60
922,355,16.971900,370,370,370,60
919,358,24.885007,370,370,370,60
915,360,31.760403,370,370,370,60
911,363,43.108638,370,370,370,60
907,364,55.639883,233,370,370,60
903,364,62.476959,370,370,20,60
900,365,75.508348,370,370,1,60
896,365,86.684224,0,0,0,60
884,363,95.832497,0,0,0,60
877,363,94.491247,370,348,351,60
871,363,94.449628,370,341,360,60
867,362,104.321893,370,344,316,60
864,360,120.692782,351,370,274,60
860,357,129.806089,337,370,255,60
857,354,144.458553,338,303,104,60
853,349,150.533166,351,270,52,60
851,346,157.752396,357,259,47,60
849,342,163.076183,370,238,32,60
845,331,164.633911,370,230,34,60
842,323,163.769912,370,219,38,60
838,313,172.136205,333,201,38,60
834,305,163.440833,365,199,63,60
827,293,168.048830,333,187,61,60
823,286,165.885824,327,179,71,60
815,275,162.957629,337,172,94,60
810,269,159.125900,321,172,140,60
805,262,158.789238,316,160,152,60
797,253,156.398725,307,155,155,60
792,248,155.962115,296,153,148,60
785,240,152.246202,275,154,137,60
779,234,152.575303,268,150,130,60
774,229,152.442449,268,132,123,60
765,220,149.791802,259,128,116,60
760,215,147.107162,248,125,109,60
754,210,143.006744,240,118,103,60
748,205,144.501269,230,117,97,60
739,198,143.428121,223,113,92,60
734,193,140.035956,212,110,85,60
728,189,139.853763,204,106,82,60
722,186,136.613385,197,109,79,60
714,181,134.199491,192,106,76,60
709,178,130.968943,185,120,76,60
701,174,125.206140,178,120,73,60
695,172,124.475311,172,121,72,60
687,169,122.078461,165,127,71,60
680,166,118.294166,158,126,68,60
673,164,119.577064,148,130,66,60
665,161,116.546287,141,140,66,60
655,158,112.947361,135,138,66,60
647,156,107.543632,130,127,68,60
636,154,100.981040,123,105,76,60
628,153,99.648005,116,96,78,60
618,153,90.176470,114,87,86,60
612,152,87.003980,118,81,100,60
606,152,85.879269,114,75,99,60
597,153,81.030565,114,67,82,60
591,154,75.938059,104,61,73,60
585,155,76.584376,99,53,61,60
579,156,72.057228,100,49,52,60
571,158,65.958948,92,43,45,60
570,159,47.521436,370,58,44,60
570,160,35.942873,370,80,49,60
572,160,18.288560,370,134,59,60
573,160,12.279723,370,291,75,60
575,159,0.761739,370,370,92,60
576,159,-0.242355,370,370,102,60
577,165,-1.871560,370,370,104,60
579,171,-1.793069,370,370,110,60
582,179,-5.695192,370,370,123,60
584,185,-6.284395,370,370,124,60
587,191,-6.071201,370,370,138,60
590,197,-7.949893,370,370,149,60
594,206,-8.984917,370,370,157,60
597,213,-9.972000,370,370,166,60
601,219,-8.362828,370,370,176,60
607,229,-11.538353,370,370,195,60
611,236,-11.887873,370,370,203,60
616,244,-10.717968,370,370,204,60
620,251,-11.819724,370,370,221,60
626,262,-9.662009,370,370,228,60
629,269,-8.416411,370,370,231,60
634,279,-10.072676,370,370,240,60
637,285,-8.490065,370,370,231,60
639,291,-5.711268,370,370,219,60
641,298,-3.879190,370,370,212,60
643,307,-1.741722,370,370,207,60
644,314,-0.818745,370,370,203,60
645,320,-0.577559,370,370,202,60
646,330,-0.019027,370,370,200,60
646,341,-0.000417,370,370,200,60
646,349,0.018277,338,370,200,60
645,357,0.026399,327,370,200,60
645,368,0.266298,309,370,197,60
644,375,0.369862,300,370,197,60
644,382,0.258466,300,370,196,60
643,394,0.199671,303,370,195,60
642,401,0.485067,303,370,195,60
640,412,1.307184,310,370,189,60
639,419,2.099158,316,370,185,60
636,430,2.899782,324,370,179,60
634,437,4.197968,334,370,172,60
632,444,5.090944,351,370,164,60
628,455,6.182877,361,370,158,60
624,466,6.158531,370,370,147,60
619,477,7.718491,370,370,141,60
616,485,7.015280,370,365,141,60
612,496,6.279930,370,354,135,60
609,503,5.151926,370,345,135,60
605,514,4.915359,370,334,131,60
602,522,5.006726,370,328,124,60
599,529,5.137409,370,320,123,60
596,539,4.991947,370,309,120,60
593,546,4.410378,370,302,116,60
591,553,4.233060,370,295,113,60
589,562,3.855564,370,286,113,60
587,569,3.594686,365,276,109,60
584,579,3.113679,357,269,106,60
582,586,2.586943,351,262,104,60
581,593,1.983810,341,251,103,60
579,602,1.116826,336,245,102,60
578,609,1.196730,324,235,102,60
577,619,0.187542,321,229,102,60
577,625,-0.005732,314,223,103,60
577,634,-0.185292,298,210,103,60
578,640,-0.091455,288,204,104,60
579,650,-0.632093,281,197,106,60
579,656,-0.838167,269,188,109,60
580,662,-1.315114,262,182,110,60
582,672,-1.735232,252,175,113,60
583,678,-2.248267,245,169,116,60
586,687,-2.831395,233,160,120,60
587,692,-3.772410,233,154,127,60
590,698,-5.410746,228,147,138,60
593,706,-7.497090,226,141,147,60
596,712,-7.597983,214,136,149,60
599,718,-8.765729,219,131,159,60
604,727,-10.753684,203,122,148,60
607,733,-11.137246,202,116,138,60
611,739,-13.055897,199,109,124,60
614,745,-13.370916,190,103,117,60
620,753,-17.011658,195,99,109,60
624,758,-17.468016,180,93,102,60
628,763,-18.834065,186,87,92,60
634,771,-19.065429,171,79,83,60
638,775,-20.418033,169,76,78,60
644,782,-24.441906,193,74,72,60
648,786,-29.805231,196,70,66,60
653,789,-31.699851,192,70,61,60
657,792,-34.543872,185,69,58,60
659,792,-55.481533,176,91,62,60
659,791,-75.266914,192,175,86,60
658,789,-102.491066,370,168,128,60
658,788,-121.860842,370,186,183,60
658,787,-139.658062,370,370,179,60
664,782,-146.484662,370,370,178,60
669,777,-147.533690,370,370,175,60
677,770,-152.845303,370,370,176,60
682,764,-152.691764,370,370,172,60
688,759,-151.903718,370,370,159,60
696,750,-148.599609,370,370,151,60
702,745,-153.361177,370,370,147,60
710,736,-153.892921,370,370,144,60
715,731,-151.942284,370,370,137,60
720,726,-152.844290,370,370,128,60
728,717,-153.949593,370,353,125,60
732,712,-157.842849,370,342,123,60
738,704,-160.383027,370,328,120,60
742,699,-162.339217,370,352,120,60
746,693,-165.780835,370,370,370,60
750,685,-167.264391,370,370,370,60
753,680,-167.731998,370,370,370,60
758,671,-168.125540,370,370,370,60
761,667,-164.659314,370,370,370,60
764,664,-156.644587,370,280,370,60
769,660,-145.688911,370,370,76,60
773,658,-138.568556,370,370,63,60
778,656,-124.639850,323,370,55,60
787,653,-112.505259,370,49,49,60
804,649,-113.210618,370,31,32,60
812,646,-117.372824,370,23,23,60
819,644,-119.358563,370,12,11,60
825,640,-133.268796,251,11,8,60
825,639,-148.446496,370,370,370,60
825,636,-167.468136,370,370,370,60
824,635,-173.963977,370,257,370,60
824,633,-177.611369,370,370,370,60
824,629,-177.822926,370,370,370,60
825,623,-177.984062,370,370,370,60
827,620,-174.462012,370,370,370,60
828,617,-170.343557,370,218,370,60
832,613,-163.157591,370,219,370,60
835,610,-154.805811,370,370,370,60
838,608,-147.412221,370,370,370,60
843,605,-135.432385,370,370,370,60
847,604,-125.699968,370,370,370,60
852,603,-108.374745,370,370,370,60
856,603,-98.364847,370,370,370,60
860,604,-86.043691,370,370,358,60
866,605,-69.706475,370,370,302,60
870,607,-57.565007,370,370,266,60
874,610,-42.178808,370,358,244,60
877,613,-33.699552,370,301,21,60
880,616,-26.526674,370,259,7,60
885,622,-21.869384,370,245,8,60
892,630,-21.675090,370,235,18,60
898,636,-24.464705,370,231,54,60
904,643,-28.443564,370,232,93,60
914,650,-35.361996,370,241,182,60
925,658,-38.875375,361,245,199,60
931,662,-42.826704,347,253,192,60
937,664,-47.489398,334,279,189,60
942,667,-51.607713,330,302,189,60
953,672,-52.933820,323,305,188,60
960,675,-52.263547,312,295,182,60
967,678,-50.648690,305,279,178,60
978,683,-49.999523,296,267,173,60
985,687,-49.332662,289,258,169,60
993,690,-51.106919,279,263,166,60
1003,695,-53.377592,272,273,164,60
1011,698,-54.451166,265,270,161,60
1018,701,-56.233991,258,267,158,60
1029,706,-57.622368,245,282,155,60
1036,709,-57.714235,238,275,152,60
1047,712,-58.660535,231,266,151,60
1054,715,-58.860027,224,255,148,60
1061,717,-61.437139,219,241,149,60
1067,720,-62.119946,209,227,147,60
1078,722,-64.193208,203,216,147,60
1085,724,-63.731315,192,203,144,60
1096,727,-65.388163,182,188,144,60
1106,730,-67.828969,176,178,142,60
1113,731,-70.620168,172,165,147,60
1120,732,-75.281542,168,150,155,60
1131,734,-81.791279,166,140,164,60
1138,734,-84.699641,164,130,172,60
1145,734,-83.812895,154,120,176,60
1153,734,-88.404815,152,111,161,60
1163,735,-88.035801,144,104,149,60
1171,735,-88.050196,127,93,135,60
1178,735,-86.919486,116,86,128,60
1189,735,-88.120843,109,78,111,60
1197,735,-89.740301,96,71,104,60
1207,734,-94.748526,90,60,80,60
1214,733,-95.721978,83,54,71,60
1220,733,-97.927873,73,45,55,60
1230,731,-103.232572,65,38,45,60
1234,730,-109.755605,72,34,35,60
1236,728,-132.876559,199,42,35,60
1236,727,-145.434359,370,59,39,60
1236,726,-161.519965,370,144,54,60
1236,725,-170.219765,370,291,63,60
1234,724,-175.460119,370,370,69,60
1233,723,173.549526,370,370,111,60
1231,711,174.683408,370,370,93,60
1229,704,175.936950,370,370,102,60
1226,696,174.917972,370,370,111,60
1224,690,173.350802,370,370,118,60
1220,681,173.214770,370,370,123,60
1217,675,171.771989,370,370,137,60
1213,667,168.638878,370,370,154,60
1210,662,162.089656,370,370,176,60
1206,656,162.952389,370,370,207,60
1203,651,163.309657,370,370,212,60
1198,646,159.387426,370,370,257,60
1192,637,152.420746,370,370,370,60
1187,631,157.973486,370,370,348,60
1182,625,160.586436,370,370,282,60
1176,616,158.918812,370,370,259,60
1173,611,168.945182,370,370,238,60
1171,604,173.914869,345,370,209,60
1169,599,176.042855,362,370,195,60
1168,593,177.400075,370,370,189,60
1166,586,177.556535,368,370,192,60
1164,575,171.136041,351,370,206,60
1163,567,177.168554,361,370,199,60
1160,555,171.682015,327,370,233,60
1158,547,174.615738,321,370,240,60
1156,539,168.751469,312,370,257,60
1154,531,170.545907,314,370,251,60
1152,519,170.776643,350,370,213,60
1151,511,168.643431,292,370,296,60
1150,504,177.843690,300,370,275,60
1149,493,176.475295,307,370,262,60
1148,485,169.177818,306,370,265,60
1148,478,169.587456,309,369,259,60
1149,467,-170.637153,370,368,161,60
1150,460,-174.415780,370,356,168,60
1151,450,-177.870147,370,343,168,60
1152,443,-171.118168,370,337,166,60
1153,436,-170.944569,370,326,168,60
1154,425,-169.618545,370,317,168,60
1155,417,-170.197871,369,307,164,60
1156,405,-178.517353,370,296,172,60
1156,398,-178.506313,370,287,189,60
1157,390,-179.641019,370,275,192,60
1157,378,-170.612389,323,267,162,60
1158,371,-178.326089,351,256,185,60
1158,359,-179.750519,344,248,188,60
1159,351,-172.476838,296,238,164,60
1160,339,-177.170496,283,231,162,60
1160,331,-167.591482,259,227,149,60
1161,323,-178.944609,288,208,183,60
1161,311,-172.442713,278,200,183,60
1162,303,174.854973,299,200,219,60
1161,296,178.554533,314,189,219,60
1161,288,168.395464,310,177,209,60
1161,276,165.787736,293,169,200,60
1161,268,177.638521,300,164,180,60
1160,261,179.729212,212,150,190,60
1159,254,178.337045,204,142,196,60
1157,250,176.466524,202,137,185,60
1156,244,175.090982,200,130,168,60
1152,234,173.970929,240,128,144,60
1150,227,164.592177,179,116,149,60
1146,215,173.862884,207,109,121,60
1144,207,161.794558,197,98,106,60
1141,200,166.543500,161,88,102,60
1137,189,173.506687,123,78,102,60
1135,183,172.435981,111,69,86,60
1132,177,170.447613,107,63,76,60
1127,168,167.364695,102,58,68,60
1124,163,164.159196,100,51,56,60
1119,157,160.491742,102,48,51,60
1115,153,157.108538,100,44,45,60
1113,152,146.013535,144,46,42,60
1112,153,122.343460,199,88,51,60
1112,154,102.135876,226,197,73,60
1112,156,71.880552,370,194,128,60
1112,157,48.935625,370,234,200,60
1111,159,29.620346,370,370,207,60
1109,162,26.492515,370,370,210,60
1105,166,25.143191,370,370,213,60
1100,173,21.578772,370,370,219,60
1095,178,21.285820,370,370,210,60
1088,188,19.096368,370,370,207,60
1083,194,19.999955,370,370,202,60
1078,200,20.425324,370,370,199,60
1072,206,20.791561,370,370,186,60
1064,215,21.155254,370,370,179,60
1059,221,23.983992,370,370,169,60
1053,227,24.625678,370,370,161,60
1048,233,24.617223,370,370,154,60
1040,242,25.569276,370,370,147,60
1034,248,26.588181,370,370,141,60
1029,254,24.659472,370,368,134,60
1021,262,23.371834,370,355,127,60
1017,268,21.330122,370,343,125,60
1011,276,18.831999,370,335,123,60
1007,281,16.844663,370,357,123,60
1003,287,14.512699,370,370,370,60
999,295,11.975159,370,370,370,60
996,300,11.550769,370,370,370,60
993,306,11.084372,370,370,370,60
988,313,12.671835,370,370,370,60
985,316,18.824177,370,334,370,60
982,319,25.035625,370,286,370,60
977,323,36.069331,370,370,76,60
974,324,43.927508,370,370,66,60
969,327,57.125273,370,370,58,60
964,328,68.039777,286,56,52,60
949,330,74.010614,370,38,39,60
940,333,70.654058,370,26,28,60
933,335,66.053272,370,16,16,60
927,337,60.958786,370,11,10,60
924,339,49.055413,257,13,10,60
923,341,29.108045,370,370,14,60
924,342,14.630096,370,370,370,60
925,342,5.305490,370,305,370,60
926,344,0.080385,370,370,370,60
926,349,-0.123895,370,370,370,60
926,354,-0.076403,370,370,370,60
926,358,0.061757,370,370,370,60
925,362,1.401463,370,370,370,60
923,367,4.909095,370,370,370,60
921,370,9.812174,370,218,370,60
919,373,15.507319,370,370,370,60
914,377,23.831134,370,370,370,60
910,380,36.362172,370,370,370,60
906,382,45.824103,370,370,370,60
902,383,55.147677,370,370,370,60
896,384,70.130077,370,370,370,60
893,384,84.150872,370,362,370,60
886,383,99.450687,370,355,370,60
882,381,111.818603,370,366,329,60
879,379,125.868510,361,370,289,60
876,377,136.063616,350,370,44,60
872,373,139.920230,354,331,3,60
870,371,150.684945,364,298,1,60
864,363,153.467758,364,281,17,60
854,352,158.571225,370,259,24,60
847,343,158.163340,365,253,39,60
842,338,150.984144,337,258,99,60
831,328,148.492648,324,255,145,60
825,324,142.673570,312,263,220,60
820,321,134.346395,295,305,214,60
815,318,128.173358,289,344,216,60
806,315,125.125372,283,350,214,60
799,312,126.335787,278,334,214,60
789,306,128.407747,266,331,206,60
782,303,127.755070,255,322,200,60
774,299,127.949804,248,312,196,60
764,294,128.647635,241,300,195,60
756,290,126.323510,234,286,192,60
745,285,127.034434,223,277,185,60
738,280,127.219275,216,267,180,60
730,276,129.805166,203,264,172,60
719,270,129.739255,196,246,171,60
712,266,131.001378,189,244,164,60
701,261,125.606633,182,237,159,60
694,257,132.396090,171,212,157,60
687,253,131.723222,161,215,148,60
677,247,132.245798,154,202,145,60
670,243,129.380764,147,190,141,60
664,240,129.678965,137,177,137,60
655,235,127.729582,131,163,135,60
648,232,125.425459,125,154,133,60
642,229,122.886242,116,134,130,60
633,225,117.808888,110,122,131,60
626,222,114.742928,103,110,131,60
620,220,116.092480,94,99,128,60
610,217,111.622253,87,88,131,60
603,215,112.655243,80,80,131,60
593,213,107.663027,72,66,134,60
587,211,105.965030,65,61,130,60
580,210,104.321845,55,48,92,60
571,209,101.848518,48,42,76,60
564,208,98.396312,42,35,59,60
557,208,97.281868,30,23,38,60
551,207,95.660099,23,17,27,60
543,207,88.004774,14,11,17,60
540,208,75.111846,11,7,10,60
539,209,57.962210,37,11,10,60
540,210,37.833200,370,25,17,60
541,210,23.820660,370,59,27,60
543,209,13.423269,370,130,37,60
545,209,3.364651,370,305,47,60
546,208,0.302459,370,370,56,60
546,207,-1.763587,370,370,62,60
549,216,-3.688890,370,370,66,60
551,224,-3.346168,370,370,71,60
556,234,-5.993329,370,370,87,60
561,245,-7.050725,370,370,99,60
568,261,-8.731774,370,370,110,60
573,270,-10.587748,370,370,116,60
577,275,-14.421264,370,370,131,60
583,283,-16.000693,370,370,183,60
587,287,-19.920533,370,370,237,60
592,292,-27.179530,370,370,327,60
597,296,-29.010480,370,370,370,60
605,303,-33.308671,370,370,370,60
610,308,-31.733295,370,370,370,60
615,313,-27.646246,370,370,370,60
619,319,-17.564171,370,370,310,60
621,322,-11.438410,370,370,241,60
622,326,-5.961579,370,370,193,60
622,330,-2.269474,370,370,176,60
623,336,-0.050119,357,370,169,60
622,341,0.570730,347,370,165,60
621,347,1.419864,341,370,161,60
620,357,1.214083,344,370,158,60
619,364,1.063722,341,370,158,60
617,375,1.057379,341,370,158,60
617,382,0.363970,340,370,158,60
616,393,0.189964,340,370,158,60
616,401,0.212877,340,370,157,60
615,412,0.040007,340,370,157,60
615,419,0.000727,340,370,157,60
615,426,0.050499,340,370,157,60
615,437,0.053857,340,370,157,60
614,445,-0.000956,341,370,155,60
615,455,0.002305,340,370,157,60
616,463,-0.059102,340,370,157,60
616,470,-0.034234,337,370,158,60
616,481,0.043751,338,363,158,60
616,488,0.001260,338,356,158,60
617,498,-0.005804,337,349,159,60
617,506,-0.275099,336,342,159,60
618,513,-0.603288,334,335,162,60
620,524,-0.737636,330,324,165,60
621,531,-0.747098,327,313,168,60
621,538,-1.259625,324,306,169,60
623,549,-0.865828,323,299,171,60
625,556,-0.913518,321,291,172,60
626,564,-1.337854,316,284,176,60
628,574,-2.087083,316,273,178,60
630,581,-1.555567,309,267,185,60
632,591,-2.344985,307,257,185,60
634,598,-2.150412,302,249,190,60
636,609,-2.303541,298,239,196,60
638,616,-2.189509,295,228,199,60
640,623,-2.873602,289,221,204,60
644,633,-4.812552,276,215,216,60
646,640,-5.891198,274,208,220,60
649,647,-5.899742,262,198,234,60
654,657,-7.638956,248,192,237,60
657,664,-9.089756,240,183,223,60
660,671,-7.048018,243,175,219,60
665,682,-7.346698,235,168,207,60
668,690,-7.151438,234,160,199,60
671,697,-5.895482,235,152,195,60
675,708,-6.433156,224,141,179,60
678,715,-5.882491,204,130,166,60
683,726,-5.943129,190,123,159,60
686,733,-5.956159,182,116,148,60
689,740,-7.334966,176,108,134,60
694,749,-8.812165,165,99,121,60
697,755,-12.634152,166,92,106,60
700,760,-12.565333,158,87,100,60
706,768,-16.642436,158,82,92,60
709,772,-19.111428,152,78,82,60
713,777,-22.306924,142,75,75,60
719,782,-27.998660,135,72,71,60
723,786,-31.163559,125,72,66,60
727,789,-32.320210,116,70,61,60
732,792,-40.257310,109,71,58,60
734,792,-52.067568,100,92,62,60
734,791,-67.618785,102,103,76,60
734,790,-95.903803,123,92,110,60
733,789,-112.360016,188,97,109,60
731,789,-130.541619,370,132,103,60
730,788,-148.330506,370,370,110,60
732,785,-155.221539,370,370,116,60
735,781,-160.509278,370,370,123,60
739,775,-166.490492,370,370,128,60
741,770,-170.314401,370,370,134,60
744,762,-174.087261,370,370,138,60
746,756,-174.431434,370,370,138,60
747,751,-176.426861,370,370,142,60
749,745,-176.803553,369,370,141,60
750,736,-176.715800,370,370,137,60
751,730,-174.653420,370,370,133,60
752,724,-176.361665,370,370,370,60
753,717,-177.299902,370,370,370,60
753,708,-175.062501,370,370,370,60
753,701,-179.059971,370,370,370,60
753,696,-176.456362,370,370,370,60
754,690,-176.961106,370,370,370,60
756,681,-176.241227,368,370,370,60
757,675,-175.255842,370,370,370,60
760,667,-173.302467,370,370,370,60
762,662,-170.701469,370,370,370,60
766,654,-168.490992,370,370,370,60
771,648,-165.697127,370,370,370,60
774,643,-161.632041,370,260,370,60
778,639,-155.965663,370,258,370,60
782,636,-146.537847,370,370,370,60
789,632,-138.742093,370,370,370,60
793,630,-128.242213,370,370,370,60
798,628,-122.080473,245,370,34,60
803,627,-113.908704,370,370,28,60
811,626,-98.940581,370,19,23,60
822,625,-95.106675,370,10,13,60
829,624,-99.382834,0,0,0,60
838,622,-103.701535,0,0,0,60
842,621,-114.058120,370,370,4,60
843,620,-125.383598,370,370,370,60
844,619,-142.436736,370,370,370,60
844,617,-159.357899,370,370,370,60
846,613,-161.188496,370,370,370,60
850,608,-161.484492,370,370,370,60
855,602,-158.837543,370,370,370,60
859,598,-156.592069,370,370,370,60
863,594,-151.023884,370,370,370,60
869,589,-144.221409,370,370,370,60
874,587,-137.447938,193,370,370,60
880,585,-125.430659,370,370,370,60
884,584,-117.146905,370,370,370,60
889,583,-108.984292,370,370,370,60
897,582,-97.452644,370,370,370,60
902,583,-85.175991,370,363,370,60
907,583,-76.779876,370,367,336,60
914,586,-61.899429,370,370,296,60
919,588,-54.505160,360,370,276,60
923,590,-47.192950,351,370,266,60
928,593,-42.368136,345,351,258,60
935,598,-39.220325,343,333,255,60
941,602,-37.034856,337,311,250,60
950,609,-34.461414,334,297,245,60
956,614,-32.709262,330,287,243,60
962,619,-31.888954,327,273,237,60
968,624,-31.091862,319,262,231,60
977,633,-30.340647,314,253,226,60
984,638,-29.636023,307,245,219,60
990,644,-28.337740,305,235,214,60
996,649,-27.549561,298,224,207,60
1005,658,-28.303657,292,216,202,60
1011,663,-28.476592,283,211,195,60
1019,671,-29.920136,272,207,186,60
1025,676,-30.652091,264,204,180,60
1030,681,-30.925149,255,195,172,60
1038,688,-31.274944,250,190,168,60
1044,693,-31.224384,244,185,162,60
1050,698,-31.885236,234,177,154,60
1058,704,-33.138187,228,173,149,60
1064,709,-34.843160,220,173,145,60
1069,712,-37.389835,209,173,140,60
1075,716,-40.029050,200,176,135,60
1083,721,-43.730337,193,179,133,60
1089,724,-45.824394,183,185,128,60
1094,727,-48.509575,178,191,127,60
1100,730,-51.017256,172,198,125,60
1109,733,-55.162189,165,202,125,60
1115,735,-57.521409,157,182,125,60
1124,738,-62.456598,152,167,127,60
1130,740,-67.341185,149,153,131,60
1138,741,-72.288658,144,138,135,60
1144,742,-75.456968,144,128,144,60
1150,743,-82.158802,141,120,149,60
1156,743,-87.823916,147,108,159,60
1166,743,-93.250752,145,102,142,60
1172,742,-96.910347,151,96,123,60
1182,741,-102.045124,155,87,103,60
1188,740,-104.859735,142,81,96,60
1195,739,-105.138535,140,73,80,60
1204,737,-107.585617,134,67,73,60
1209,735,-114.511158,148,64,65,60
1215,733,-119.251640,169,61,58,60
1219,730,-130.417179,285,62,52,60
1219,730,-142.685097,370,83,55,60
1218,729,-161.246410,370,151,68,60
1216,729,-167.469211,370,274,80,60
1214,730,-178.187507,370,370,104,60
1214,730,137.266678,370,370,99,60
1213,723,173.308380,370,370,121,60
1212,719,171.908365,370,370,130,60
1210,714,172.569100,370,370,131,60
1208,712,169.703528,370,370,175,60
1206,708,162.401365,370,370,206,60
1202,702,157.281533,370,370,243,60
1199,698,159.030457,370,370,238,60
1195,694,157.153671,370,370,290,60
1190,689,151.124747,370,370,370,60
1185,684,150.883956,370,370,370,60
1178,675,154.810687,370,370,370,60
1173,669,153.081300,370,370,326,60
1169,664,159.490642,370,370,319,60
1164,656,162.751685,370,370,278,60
1159,647,169.431370,370,370,247,60
1156,642,170.400272,370,370,248,60
1153,636,170.861837,370,370,250,60
1149,626,170.332489,370,370,321,60
1145,619,169.097550,370,370,316,60
1142,612,171.600939,370,370,262,60
1138,600,172.696176,334,370,264,60
1135,594,174.104017,309,370,258,60
1132,583,171.747889,310,370,255,60
1130,576,169.999975,313,370,251,60
1127,565,170.958581,313,370,252,60
1125,557,170.653885,303,370,264,60
1124,549,173.107703,290,370,281,60
1123,541,175.694274,300,370,268,60
1121,529,169.034999,269,370,320,60
1120,522,170.253937,271,370,316,60
1119,514,169.627779,269,370,317,60
1117,502,168.253578,314,370,254,60
1117,495,174.460147,290,370,279,60
1117,484,169.980528,309,370,258,60
1118,477,-176.844164,369,365,220,60
1119,465,-178.751645,370,359,210,60
1119,458,-174.784183,370,350,213,60
1120,450,-179.120721,333,335,238,60
1121,441,-171.293960,370,330,209,60
1122,434,-166.985210,370,328,196,60
1124,426,-171.117244,370,315,203,60
1125,414,-173.849270,370,301,212,60
1127,403,-171.248695,347,300,192,60
1127,395,-177.346016,337,291,190,60
1128,388,-169.356512,331,278,195,60
1129,376,-168.844428,348,264,224,60
1130,368,-179.599885,348,257,223,60
1131,360,-179.724238,340,245,226,60
1131,348,-171.698381,292,240,195,60
1132,340,-174.501191,293,226,207,60
1132,332,-168.191647,261,222,186,60
1133,320,-166.882307,230,222,168,60
1133,312,-168.508652,281,201,224,60
1134,304,-169.039801,230,192,188,60
1135,292,-170.065617,240,181,209,60
1135,285,-168.002788,204,174,183,60
1135,274,164.183029,221,254,172,60
1136,266,178.401637,252,156,196,60
1135,258,179.307285,213,147,202,60
1135,246,179.268855,196,135,185,60
1135,238,179.799181,182,127,176,60
1134,226,178.508897,216,119,138,60
1134,219,172.660549,152,107,149,60
1133,211,178.435620,168,101,124,60
1132,200,178.836170,130,89,121,60
1131,193,169.757937,124,82,109,60
1130,186,179.086954,103,71,97,60
1129,177,170.071834,116,67,79,60
1128,170,169.922928,86,59,80,60
1126,165,177.072883,76,52,71,60
1125,159,176.559206,66,44,59,60
1122,151,173.189862,62,39,49,60
1119,147,169.642807,56,35,42,60
1118,145,162.795300,61,33,37,60
1115,144,144.340933,123,39,35,60
1114,145,123.373616,202,55,39,60
1112,146,99.747795,227,197,65,60
1111,147,76.542914,265,190,85,60
1111,148,58.530401,370,226,200,60
1112,148,37.679184,370,370,203,60
1109,151,27.274514,370,370,209,60
1106,156,24.025568,370,370,216,60
1101,163,22.164482,370,370,217,60
1096,168,22.525384,370,370,209,60
1089,177,21.132385,370,370,206,60
1084,184,18.414008,370,370,207,60
1080,190,18.650813,370,370,202,60
1075,197,17.384585,370,370,197,60
1069,206,15.233642,370,370,200,60
1065,213,14.374298,370,370,195,60
1061,219,12.257211,370,370,193,60
1057,225,13.106533,370,370,188,60
1051,235,13.281582,370,370,182,60
1047,242,12.565782,370,370,178,60
1044,248,12.982713,370,370,175,60
1038,257,12.087220,370,370,370,60
1035,263,10.895453,370,370,370,60
1030,273,11.439757,370,370,370,60
1027,280,10.592338,370,370,370,60
1022,288,12.343356,370,370,370,60
1018,294,16.121136,370,370,370,60
1015,298,17.879054,370,370,370,60
1009,305,21.599853,370,314,370,60
1003,311,25.720099,370,303,370,60
998,315,29.500846,370,370,99,60
994,318,36.257460,370,370,86,60
987,322,41.484832,370,370,80,60
982,324,52.025288,370,370,72,60
978,326,52.874516,370,370,63,60
970,330,48.789566,370,370,59,60
960,336,47.096470,370,370,54,60
952,341,44.000009,370,370,41,60
937,350,41.464561,370,370,31,60
930,356,38.518067,370,370,370,60
920,363,36.968857,370,370,370,60
909,372,29.728643,370,370,370,60
905,377,23.270518,370,370,370,60
901,381,22.310080,370,370,370,60
895,387,25.999832,370,370,370,60
892,390,29.311335,370,370,370,60
887,393,34.180072,370,370,370,60
881,397,47.528153,196,370,360,60
876,398,55.206604,370,370,351,60
870,399,71.162916,370,370,361,60
866,399,80.775454,370,344,370,60
859,399,98.617501,370,328,370,60
856,397,108.292401,362,340,338,60
851,395,126.614690,326,370,295,60
848,393,133.511037,321,370,288,60
844,389,141.612273,320,370,282,60
842,386,150.569649,336,319,104,60
839,382,155.277803,341,301,89,60
838,378,160.277902,358,284,63,60
835,372,162.219425,370,265,45,60
830,363,168.582987,360,265,71,60
825,354,168.332256,370,249,59,60
820,346,165.634155,358,239,85,60
811,333,163.381714,343,232,104,60
805,326,159.508721,330,227,125,60
801,321,155.342562,307,231,179,60
794,315,148.796481,288,238,213,60
790,312,145.227971,272,246,206,60
782,306,139.365038,262,258,200,60
777,303,137.074909,255,274,197,60
771,299,133.171229,245,281,193,60
761,293,130.624002,237,289,190,60
754,290,127.782802,230,297,189,60
744,285,127.713563,220,280,183,60
737,281,128.353327,214,268,180,60
727,275,128.300667,204,259,175,60
720,272,127.071595,196,246,172,60
713,269,125.512245,186,227,169,60
703,265,120.607518,180,207,169,60
696,262,120.423637,175,198,168,60
690,260,116.605213,171,182,171,60
679,257,113.849980,161,165,172,60
672,254,111.737311,152,151,171,60
662,251,108.815158,144,144,169,60
651,249,104.637818,141,126,180,60
645,248,102.216396,133,114,186,60
638,247,97.293088,131,105,171,60
631,246,100.236278,118,99,169,60
620,245,92.876447,116,86,128,60
613,244,92.122117,107,79,116,60
602,244,92.753298,97,72,106,60
595,243,88.526544,90,65,93,60
588,244,84.672028,85,54,71,60
578,245,81.867907,78,48,62,60
573,246,77.643670,78,44,51,60
567,247,70.622505,79,39,42,60
565,248,56.234552,168,42,37,60
565,249,32.187267,370,65,42,60
566,250,19.426910,370,127,54,60
568,250,4.484199,370,370,73,60
569,250,0.201587,370,370,90,60
570,251,-1.327626,370,370,96,60
572,261,-2.337617,370,370,102,60
575,270,-2.137005,370,370,106,60
578,280,-4.238713,370,370,113,60
580,285,-6.722609,370,370,118,60
583,290,-7.028289,370,370,134,60
587,298,-9.191233,370,370,152,60
590,303,-13.768159,370,370,173,60
594,307,-14.808100,370,370,192,60
600,314,-23.189630,370,370,251,60
604,318,-24.651834,370,370,299,60
609,323,-26.693706,370,370,293,60
614,328,-27.532498,370,370,370,60
623,336,-27.155837,370,370,370,60
628,342,-26.523309,370,370,370,60
633,347,-24.546350,370,370,370,60
640,355,-22.386704,370,370,370,60
644,359,-20.821438,370,370,370,60
649,367,-13.830801,370,370,323,60
651,372,-10.810063,370,370,286,60
653,376,-6.019868,370,370,243,60
655,384,-2.711278,307,370,228,60
656,390,-1.433502,289,370,223,60
656,397,-0.715976,278,370,217,60
658,408,-0.425274,278,370,219,60
659,416,-0.379049,278,370,219,60
660,424,-0.326681,275,370,221,60
660,432,-0.326183,275,370,221,60
662,443,-0.382230,274,370,223,60
663,455,-0.531657,269,370,227,60
664,467,-0.513736,268,370,228,60
665,474,-0.237626,268,370,228,60
666,486,-0.259314,265,362,230,60
667,494,-0.135033,266,354,230,60
668,502,-0.227692,265,346,231,60
668,510,-0.267117,264,334,233,60
669,522,-0.107989,264,326,233,60
670,530,-0.162703,262,318,234,60
671,539,-0.133279,259,305,237,60
671,547,-0.097288,261,297,235,60
672,559,-0.121812,259,289,237,60
672,567,-0.263263,258,277,238,60
673,578,-0.522047,257,270,240,60
674,585,-0.467840,254,263,241,60
675,592,-0.368273,254,255,243,60
676,604,-0.350945,252,244,244,60
676,611,-0.527285,251,233,245,60
677,619,-0.196773,251,225,245,60
678,631,-0.362799,250,217,247,60
679,638,-0.396705,248,210,248,60
680,646,-0.536885,248,202,248,60
681,653,-0.646265,244,191,252,60
682,665,-0.545983,244,183,252,60
683,676,-0.349657,243,171,240,60
684,684,-0.748307,233,163,227,60
685,692,-0.865143,217,152,212,60
686,700,-0.621183,206,144,200,60
688,711,-0.754351,196,137,190,60
689,718,-1.167630,182,126,175,60
691,729,-1.358202,171,119,165,60
691,736,-1.911288,162,112,154,60
693,743,-1.779523,147,101,138,60
695,753,-1.971065,138,94,128,60
697,759,-2.930104,127,85,114,60
700,767,-3.984962,118,79,106,60
701,773,-5.608793,111,71,92,60
705,781,-7.517861,106,67,85,60
707,786,-9.859277,103,62,76,60
711,790,-12.516875,102,56,65,60
714,795,-14.165822,97,51,58,60
719,801,-18.093886,99,48,52,60
721,804,-21.045036,94,45,48,60
722,804,-29.962050,124,50,45,60
723,804,-45.143709,116,58,47,60
723,803,-63.927373,111,119,61,60
723,801,-88.545955,127,105,83,60
722,800,-108.262444,172,104,128,60
721,800,-127.357183,370,138,111,60
719,799,-148.178246,370,184,117,60
718,799,-157.594527,370,370,133,60
720,796,-160.253070,370,370,138,60
725,789,-163.518878,370,370,140,60
728,784,-166.600175,370,370,144,60
731,777,-167.822536,370,370,147,60
734,772,-171.699118,370,370,144,60
735,766,-172.974895,370,370,148,60
737,758,-175.498057,369,370,149,60
738,752,-176.925566,364,370,151,60
739,746,-176.288115,358,370,152,60
740,740,-175.487013,365,370,370,60
742,730,-178.086393,360,370,370,60
742,724,-176.528022,350,370,370,60
743,717,-177.140253,369,370,370,60
743,711,-176.548414,361,370,370,60
744,701,-176.903928,369,370,370,60
745,694,-179.259280,345,370,370,60
746,684,-178.963057,348,370,370,60
748,677,-175.935281,367,370,370,60
750,670,-176.169334,370,370,370,60
753,661,-174.800607,370,370,370,60
755,654,-171.979762,370,370,370,60
758,648,-171.396759,370,370,370,60
763,640,-168.292794,370,370,370,60
767,634,-164.829220,370,360,370,60
771,628,-161.784792,370,275,370,60
777,621,-158.128671,370,239,370,60
782,616,-156.870001,370,237,370,60
786,611,-154.258396,370,370,370,60
794,604,-150.074931,370,370,370,60
798,599,-150.528867,370,370,370,60
804,595,-147.603065,370,370,370,60
812,588,-143.419538,370,370,370,60
818,584,-139.699734,370,370,370,60
824,581,-136.147486,370,370,370,60
833,576,-131.454654,185,370,370,60
842,572,-126.532377,183,370,370,60
849,569,-122.219239,370,370,370,60
859,566,-117.865615,370,370,370,60
865,564,-116.214651,370,370,370,60
872,562,-113.460402,370,370,370,60
881,560,-110.685673,370,370,370,60
888,559,-107.007821,370,370,370,60
894,558,-100.348164,370,370,370,60
904,558,-93.657830,370,370,370,60
910,558,-89.576472,370,357,370,60
917,558,-86.684499,370,348,370,60
927,559,-80.882791,370,342,370,60
934,560,-77.557677,370,338,365,60
944,561,-72.214322,370,338,348,60
951,563,-67.725625,350,341,330,60
958,565,-64.202291,333,344,317,60
968,568,-59.042385,309,349,299,60
975,571,-58.192725,300,345,295,60
985,575,-58.854678,295,334,293,60
992,577,-58.064181,285,334,288,60
1003,581,-56.719929,275,321,283,60
1010,585,-54.515378,262,318,275,60
1017,588,-52.398318,255,319,269,60
1028,593,-50.267448,247,317,265,60
1035,597,-47.517962,240,317,259,60
1042,600,-47.088370,233,319,254,60
1053,606,-45.504536,221,300,250,60
1061,610,-45.122372,216,301,244,60
1068,614,-44.161471,204,294,238,60
1075,618,-44.129111,197,285,234,60
1083,622,-45.544199,189,265,230,60
1093,628,-47.514362,182,245,227,60
1104,633,-50.612453,171,220,224,60
1111,636,-51.755046,161,203,220,60
1121,641,-51.647977,151,190,216,60
1131,646,-51.329505,144,188,210,60
1138,649,-51.465174,133,169,207,60
1148,654,-52.307077,125,159,204,60
1155,657,-53.461048,118,150,202,60
1162,659,-53.960117,113,137,200,60
1168,662,-55.675948,106,127,200,60
1179,666,-56.801355,96,112,196,60
1186,668,-57.936819,89,103,195,60
1193,671,-60.205140,82,93,193,60
1203,674,-63.047054,72,77,196,60
1210,676,-66.118464,65,68,185,60
1216,678,-69.042154,58,57,134,60
1227,680,-74.590216,48,45,96,60
1233,681,-73.983612,37,33,66,60
1240,682,-76.488166,30,26,48,60
1246,683,-75.383800,23,20,37,60
1253,683,-85.328810,16,13,21,60
1255,683,-97.090484,14,10,14,60
1254,681,-119.606708,20,10,11,60
1253,681,-133.101358,111,20,17,60
1252,681,-144.869203,370,42,25,60
1250,681,-164.489753,370,109,38,60
1249,682,-170.513734,370,152,44,60
1247,682,141.319092,370,309,52,60
1246,682,177.147501,370,370,69,60
1245,682,173.431091,370,370,79,60
1242,676,164.757606,370,370,96,60
1237,666,161.322141,370,370,113,60
1233,661,160.254217,370,370,147,60
1229,657,156.001233,370,370,182,60
1225,654,141.803768,370,370,370,60
1219,649,137.065130,370,370,370,60
1215,647,132.211200,302,370,370,60
1207,643,132.195211,296,370,370,60
1201,639,128.502347,290,370,370,60
1195,635,129.916537,285,370,370,60
1190,631,136.282298,370,370,370,60
1181,624,146.324006,370,370,370,60
1176,619,144.992792,370,370,370,60
1172,614,148.514116,370,370,370,60
1165,607,156.523611,370,370,370,60
1160,602,159.229313,370,370,370,60
1156,596,163.319703,370,370,313,60
1153,590,164.388051,370,370,305,60
1147,582,163.155149,370,370,364,60
1144,576,167.515990,370,370,340,60
1140,570,165.000074,370,370,321,60
1136,560,169.724069,290,370,288,60
1132,554,161.834835,370,370,369,60
1128,544,169.719683,295,370,276,60
1126,536,166.368344,266,370,336,60
1123,529,169.498726,272,370,314,60
1119,518,169.959870,259,370,345,60
1117,511,171.622583,285,370,288,60
1115,504,167.681664,257,370,347,60
1113,496,174.561930,279,370,293,60
1110,485,171.728390,282,370,289,60
1109,477,170.223960,255,370,341,60
1107,470,170.076180,261,364,324,60
1106,462,169.841380,255,353,336,60
1104,451,168.531598,251,345,345,60
1103,443,173.068869,248,339,351,60
1103,436,171.530661,258,325,326,60
1102,425,167.682141,247,320,355,60
1102,417,167.851634,243,310,360,60
1102,406,-177.781895,345,305,216,60
1103,399,-173.053315,331,288,245,60
1104,391,-172.990862,350,278,237,60
1105,380,-168.239986,337,272,231,60
1106,372,-169.989503,314,261,223,60
1108,360,-168.980294,295,250,217,60
1109,352,-169.394865,288,242,217,60
1111,341,-179.579727,312,226,251,60
1111,333,-171.211225,269,221,220,60
1112,325,-167.778141,251,215,209,60
1113,314,-171.822106,251,206,219,60
1113,306,-169.830740,274,195,254,60
1114,295,-179.012068,254,184,247,60
1114,287,-167.245374,217,179,216,60
1115,279,-168.185402,209,170,216,60
1115,272,-170.936458,224,161,230,60
1115,260,-175.548037,158,180,168,60
1115,252,-170.409854,175,143,216,60
1116,244,132.535484,186,133,189,60
1116,232,-175.818608,128,155,162,60
1116,225,178.438884,169,110,144,60
1115,217,172.280301,169,103,128,60
1114,207,177.767041,169,97,116,60
1113,200,178.518308,124,85,116,60
1112,190,169.424722,117,78,104,60
1110,184,176.211510,125,74,89,60
1109,178,176.967768,94,63,85,60
1107,173,176.170889,87,58,78,60
1104,164,174.378931,80,52,68,60
1102,159,172.851800,75,47,61,60
1098,152,168.749699,68,40,48,60
1095,148,164.555123,68,37,42,60
1094,148,155.596457,99,39,38,60
1092,149,133.686465,183,51,39,60
1092,150,114.067235,185,118,54,60
1092,151,89.078262,241,171,93,60
1093,152,66.889921,370,180,158,60
1093,153,45.147342,370,214,180,60
1094,153,30.927174,370,370,188,60
1093,156,24.319600,370,370,202,60
1089,160,19.756246,370,370,207,60
1084,168,17.258220,370,370,207,60
1078,176,16.122245,370,370,203,60
1074,181,15.553445,370,370,203,60
1070,187,13.571339,370,370,200,60
1067,193,13.728651,370,370,197,60
1062,203,13.034396,370,370,193,60
1057,212,11.520052,370,370,192,60
1054,218,9.813590,370,370,195,60
1051,224,9.392949,370,370,190,60
1048,230,8.924437,370,370,188,60
1044,240,7.852373,370,370,370,60
1041,247,7.847882,370,370,370,60
1037,256,7.332098,370,370,370,60
1035,262,6.576396,370,370,370,60
1032,270,7.674966,370,370,370,60
1029,278,7.585171,370,370,370,60
1026,284,8.133196,370,370,370,60
1021,293,10.031736,370,370,370,60
1017,299,11.874180,370,370,370,60
1013,305,14.490738,370,370,370,60
1008,313,17.649564,370,370,370,60
1003,318,20.229661,370,314,370,60
999,323,22.793833,370,287,370,60
991,330,26.196715,370,370,370,60
986,335,30.902553,370,370,370,60
981,339,34.268698,370,370,370,60
973,345,37.085038,370,370,370,60
967,349,40.488645,370,370,370,60
959,354,43.301535,370,370,370,60
953,357,46.015051,370,370,370,60
944,361,53.903724,293,370,58,60
938,364,58.778189,241,370,32,60
932,365,61.887918,370,370,24,60
916,371,64.009763,370,370,30,60
907,373,59.755976,370,370,370,60
896,378,56.723601,370,370,370,60
883,384,49.614766,370,370,360,60
878,388,44.384449,207,370,354,60
873,391,43.950665,204,370,350,60
867,394,44.754242,370,370,344,60
861,397,46.068792,370,370,337,60
852,402,47.447097,370,370,329,60
846,405,51.741084,370,370,323,60
839,407,55.305932,370,370,314,60
829,410,60.624965,370,362,310,60
822,412,63.939113,370,325,306,60
811,415,68.279905,370,308,305,60
804,417,69.048244,370,301,298,60
793,419,70.774972,370,280,290,60
785,421,72.758970,370,270,286,60
777,422,74.958799,370,257,285,60
769,424,75.058067,370,244,272,60
757,425,75.532596,370,232,268,60
751,426,68.316779,370,235,238,60
746,428,59.499219,370,249,223,60
740,430,57.876357,370,249,216,60
730,434,55.700206,370,243,204,60
720,438,54.741567,370,237,197,60
713,441,55.313136,370,229,190,60
706,444,53.951523,370,219,183,60
699,446,54.375394,370,210,172,60
690,450,52.403799,370,201,166,60
683,453,51.470220,370,198,159,60
677,456,49.426331,370,202,154,60
669,461,43.755380,370,201,145,60
663,464,40.461030,370,213,142,60
655,470,38.944072,370,226,137,60
650,474,35.179284,370,225,133,60
645,478,32.262594,370,228,128,60
638,484,28.659925,370,240,125,60
634,488,27.008269,370,253,124,60
630,492,23.124970,370,289,123,60
627,497,18.559731,370,350,125,60
623,501,17.064492,370,360,124,60
619,508,11.393019,370,348,128,60
617,512,10.612696,370,338,130,60
614,519,5.452231,370,330,135,60
613,524,4.243884,370,323,141,60
612,529,2.632101,364,315,144,60
611,537,0.583321,353,310,148,60
611,542,0.138286,347,302,151,60
611,551,-0.032511,345,296,151,60
611,556,-0.021153,345,291,151,60
611,562,-0.277035,343,285,152,60
612,567,-0.698588,340,277,155,60
614,575,-2.116767,331,272,159,60
616,581,-2.883695,329,266,162,60
617,586,-2.907781,323,260,168,60
619,591,-4.644251,307,254,180,60
622,597,-6.831527,293,249,196,60
625,604,-9.364441,282,245,210,60
628,609,-10.762113,269,240,228,60
634,617,-15.522659,251,237,264,60
638,623,-17.124231,241,234,257,60
645,631,-17.751433,228,229,243,60
649,637,-19.972918,220,224,234,60
654,642,-20.386406,210,217,224,60
662,650,-23.341855,204,211,217,60
667,656,-24.602199,192,213,206,60
671,660,-24.785705,183,206,199,60
679,668,-27.248647,175,205,192,60
684,672,-26.857792,168,200,186,60
689,677,-30.050497,157,197,176,60
697,683,-32.557178,151,195,172,60
702,687,-34.119056,147,189,168,60
707,691,-36.396463,133,196,161,60
715,696,-39.903636,125,194,157,60
721,700,-43.186994,114,167,152,60
726,703,-47.601735,109,147,151,60
731,705,-48.810144,103,136,149,60
740,708,-55.211849,96,118,151,60
746,710,-58.402214,87,99,152,60
752,712,-61.371269,80,89,154,60
761,715,-64.445591,75,81,152,60
767,716,-68.788878,69,71,157,60
773,717,-73.943339,62,56,113,60
781,718,-79.375167,58,50,93,60
787,718,-83.008987,52,43,71,60
796,718,-90.600052,45,33,48,60
801,717,-96.154408,39,27,37,60
807,716,-110.947885,42,22,24,60
808,714,-125.758140,83,25,23,60
809,713,-142.034524,370,45,28,60
807,712,-165.597989,370,370,41,60
807,711,-174.390369,370,370,59,60
806,710,-178.306019,370,370,66,60
804,708,173.527013,370,370,370,60
802,699,171.603719,369,370,370,60
799,692,170.907188,358,370,370,60
795,683,167.518688,341,370,370,60
792,677,165.194600,333,370,370,60
788,667,166.999050,323,370,370,60
785,661,167.038837,323,370,370,60
780,650,169.981866,327,370,370,60
778,643,172.378458,330,370,370,60
776,636,171.916850,334,370,370,60
772,625,171.257675,330,370,370,60
771,618,174.380788,334,370,370,60
769,610,173.477217,344,370,370,60
767,599,176.140100,343,370,370,60
766,592,174.321381,337,370,370,60
766,584,172.257565,323,370,370,60
765,573,172.087291,319,370,217,60
765,566,171.874601,321,370,206,60
764,558,177.277788,345,370,370,60
765,548,-168.429702,370,370,370,60
765,540,-172.659956,370,370,370,60
765,529,144.286822,370,370,370,60
765,522,179.113207,364,370,173,60
765,515,-170.410272,370,370,370,60
766,504,-177.465039,370,370,370,60
767,496,-171.084808,370,370,152,60
767,489,-171.963914,370,370,140,60
768,482,-172.846713,370,370,130,60
770,471,-174.438292,370,362,117,60
770,464,-174.360309,370,352,116,60
771,455,-171.509261,370,343,114,60
770,449,138.072387,370,342,99,60
770,444,170.532981,319,334,157,60
768,436,169.076180,329,327,149,60
767,431,176.342060,320,323,158,60
765,427,168.259893,313,319,164,60
761,419,171.581419,316,310,164,60
759,414,168.836500,288,312,204,60
756,409,166.304032,275,312,233,60
752,404,159.381463,261,310,269,60
747,396,162.343033,262,296,255,60
743,391,160.681552,252,295,288,60
737,383,159.688768,247,289,299,60
732,377,153.408951,228,298,283,60
727,371,159.163770,231,276,282,60
720,363,158.757860,226,271,275,60
715,356,152.947262,223,263,271,60
710,350,151.042462,199,272,248,60
702,340,159.978681,206,248,252,60
697,334,156.301646,199,242,243,60
691,328,157.444903,186,238,231,60
683,319,151.976536,178,234,221,60
678,314,150.018959,166,240,213,60
673,308,145.450508,155,239,202,60
665,301,146.701278,151,227,197,60
659,296,146.452799,144,226,193,60
654,292,148.007342,137,215,186,60
646,285,144.007096,127,205,179,60
641,281,141.512290,121,196,175,60
635,277,139.132819,111,170,169,60
628,272,137.810645,106,153,166,60
622,269,131.580397,99,133,165,60
617,265,129.262811,90,116,161,60
608,261,125.662669,85,111,158,60
602,258,123.301787,78,87,165,60
596,256,122.023252,72,81,161,60
587,252,115.308299,62,68,161,60
581,250,113.249487,56,59,161,60
575,248,107.981105,48,45,94,60
569,247,105.397172,41,38,73,60
563,246,97.633289,37,30,48,60
555,244,93.615451,28,21,32,60
549,244,82.412532,24,15,20,60
548,246,64.065017,34,16,17,60
548,247,45.665589,137,25,20,60
548,248,30.234788,370,48,28,60
549,249,11.534032,370,122,41,60
550,249,4.637668,370,326,54,60
551,249,0.430065,370,370,62,60
551,248,-0.012097,370,370,66,60
552,247,-2.917782,370,370,73,60
555,253,-4.915503,370,370,83,60
561,266,-7.312807,370,370,97,60
567,279,-8.927570,370,370,106,60
572,287,-11.457893,370,370,133,60
575,293,-12.353101,370,370,142,60
581,299,-22.991664,370,370,216,60
584,302,-29.962013,370,370,354,60
588,305,-35.341110,370,370,370,60
595,309,-43.304711,244,370,370,60
601,312,-46.011789,233,370,370,60
610,317,-45.817811,227,370,370,60
617,321,-44.926301,217,370,370,60
627,328,-43.744072,212,370,370,60
633,332,-40.727274,203,342,370,60
639,336,-37.675451,370,323,370,60
648,343,-35.163073,370,326,370,60
654,348,-32.830583,370,332,370,60
663,355,-24.843715,370,368,370,60
668,361,-24.999128,370,370,370,60
673,366,-24.087687,370,370,370,60
678,371,-23.900958,370,370,370,60
685,380,-23.508501,370,370,370,60
690,385,-23.376533,370,370,370,60
695,391,-22.298961,370,370,370,60
702,400,-19.967148,370,370,370,60
707,406,-16.934020,370,370,370,60
711,412,-15.396744,370,370,370,60
715,419,-14.329385,370,370,370,60
721,428,-13.364875,370,370,370,60
725,435,-11.919879,370,370,370,60
728,442,-10.117016,370,370,370,60
733,452,-9.142747,370,370,370,60
736,459,-8.074661,370,370,370,60
739,465,-7.115244,370,370,370,60
744,475,-6.857357,183,370,370,60
747,482,-6.906756,172,368,370,60
751,493,-5.925196,152,356,370,60
753,501,-5.472209,133,345,370,60
757,513,-4.747714,127,337,370,60
760,520,-4.352819,124,329,370,60
762,528,-3.313066,123,317,370,60
765,539,-3.125606,120,310,370,60
767,547,-2.740321,120,301,370,60
769,555,-2.090838,117,289,370,60
772,566,-2.216369,114,281,370,60
773,574,-2.009695,111,273,370,60
775,582,-2.070635,110,266,364,60
777,593,-1.699136,107,251,344,60
779,605,-1.116260,106,239,330,60
780,613,-1.047725,104,231,320,60
782,625,-0.475361,104,224,312,60
782,632,-0.488876,103,215,300,60
783,641,-0.465073,102,203,283,60
784,652,-0.372216,100,195,274,60
785,660,-0.387041,99,188,264,60
786,671,-0.307099,97,177,248,60
787,679,-0.417148,96,169,237,60
788,690,-0.697129,94,158,220,60
790,697,-1.032678,93,150,209,60
791,704,-1.551321,90,143,197,60
793,714,-2.405326,85,134,182,60
794,720,-2.851998,82,124,166,60
796,726,-3.413384,78,118,158,60
799,735,-4.223478,75,112,149,60
801,741,-5.216207,71,106,138,60
803,746,-6.893062,65,102,130,60
806,752,-8.074344,58,93,116,60
810,761,-7.319270,54,87,107,60
811,765,-2.910011,55,81,106,60
810,767,-0.035121,65,77,109,60
809,769,1.201224,69,75,107,60
807,771,11.451659,85,75,121,60
804,772,29.572903,80,81,203,60
802,772,47.101362,79,102,281,60
802,771,66.017816,86,150,278,60
801,770,99.464807,135,268,355,60
801,768,129.433997,275,345,370,60
801,767,137.159128,276,370,370,60
794,761,138.219218,272,370,370,60
788,757,140.537085,268,370,370,60
782,753,141.395808,261,370,370,60
772,745,143.165118,255,370,370,60
766,740,143.793441,250,370,370,60
760,735,145.299249,244,370,370,60
750,727,146.520791,234,370,370,60
744,722,146.430610,230,370,370,60
735,714,147.702188,223,370,370,60
729,708,148.017843,216,370,370,60
720,700,145.673928,206,363,370,60
714,694,147.460915,204,370,370,60
709,689,147.679370,193,352,370,60
701,680,150.958414,189,352,370,60
695,674,152.805992,193,370,370,60
690,669,154.361428,183,370,370,60
683,659,154.208048,178,370,370,60
675,650,157.057507,172,370,370,60
670,644,157.706707,168,370,370,60
665,637,158.165502,162,370,370,60
660,630,158.763450,158,370,370,60
653,620,159.873406,151,370,370,60
648,613,159.741196,149,370,370,60
643,606,158.972904,140,357,370,60
636,597,157.355698,135,340,370,60
632,590,161.459204,131,348,370,60
628,583,162.821734,130,370,370,60
622,573,162.092412,123,336,370,60
618,566,165.722863,121,367,370,60
612,555,163.225892,113,320,370,60
609,548,165.580173,114,370,370,60
603,536,166.724694,111,370,370,60
600,528,167.036638,109,370,370,60
597,521,166.834130,102,370,370,60
591,509,165.674622,96,354,370,60
588,502,166.536438,92,314,370,60
583,490,167.350485,86,301,370,60
580,483,165.879667,82,278,370,60
577,476,166.010800,79,289,370,60
574,468,166.665745,73,268,370,60
570,457,166.897080,71,254,370,60
567,449,166.201578,66,238,370,60
562,434,172.670054,63,252,370,60
560,421,171.776278,66,314,370,60
559,411,173.454553,63,305,369,60
559,405,-140.652346,65,296,369,60
560,396,-178.611274,85,281,370,60
561,387,-177.876000,85,272,370,60
565,375,-166.733287,90,265,370,60
567,367,-167.951513,128,262,334,60
568,361,-174.140188,107,248,362,60
569,354,-169.143208,131,247,333,60
568,349,168.664251,44,64,241,60
567,340,170.557353,68,234,271,60
566,335,168.692567,68,225,264,60
565,328,165.838365,65,220,257,60
565,324,171.563393,71,212,261,60
564,317,-165.379414,210,301,271,60
566,306,-175.885393,97,196,299,60
568,298,-176.693916,97,187,282,60
569,289,-173.780411,109,175,276,60
571,277,-176.754568,118,168,276,60
572,270,-176.478766,123,161,268,60
573,262,-179.334487,100,147,212,60
574,250,-173.675854,113,140,216,60
575,242,-169.710984,116,132,204,60
576,235,-163.305085,133,126,217,60
576,228,-169.890090,137,115,200,60
576,218,143.307623,123,112,221,60
576,211,-166.581056,120,101,176,60
576,205,169.754152,69,100,106,60
575,198,167.719587,76,86,99,60
574,192,165.696071,73,80,90,60
572,181,167.478884,79,71,86,60
571,176,166.812491,73,65,76,60
569,168,163.180619,68,58,65,60
567,163,161.230882,65,54,59,60
564,159,162.331606,61,49,54,60
561,154,156.115233,51,45,47,60
559,153,147.711292,42,49,44,60
558,153,127.496037,31,39,49,60
556,154,103.052423,27,27,61,60
556,155,89.397210,28,22,37,60
556,155,70.641192,39,22,25,60
557,157,44.417992,262,37,30,60
558,157,26.813856,370,61,37,60
559,157,13.743235,370,190,55,60
560,157,2.620502,370,370,68,60
561,157,-0.024861,370,370,79,60
563,156,-2.610911,370,370,89,60
566,167,-3.969605,370,370,96,60
569,174,-6.207790,370,370,106,60
571,179,-9.099559,370,370,117,60
575,186,-12.363200,370,370,140,60
579,190,-15.623319,370,370,154,60
582,194,-21.520640,295,370,196,60
586,198,-30.980343,279,370,247,60
590,200,-39.009566,258,370,370,60
593,201,-47.902059,241,370,370,60
598,203,-60.361604,240,370,370,60
603,204,-65.326489,241,257,370,60
609,206,-66.627404,235,239,370,60
616,208,-65.864543,227,233,370,60
628,211,-64.267692,217,227,370,60
634,212,-67.947066,210,217,370,60
639,213,-73.229062,213,203,370,60
645,213,-83.313332,226,186,370,60
649,213,-91.695342,175,177,370,60
653,212,-100.103074,149,176,212,60
657,211,-108.833058,130,180,190,60
663,209,-123.247586,114,193,175,60
666,207,-133.971315,104,165,169,60
672,202,-143.049175,96,124,168,60
676,199,-147.474789,90,105,168,60
680,195,-151.105979,87,96,168,60
686,188,-157.898365,83,85,171,60
689,184,-160.827195,80,78,173,60
694,177,-163.381424,73,69,148,60
697,171,-168.986833,71,61,110,60
699,166,-170.636003,65,54,92,60
702,160,-172.777721,56,46,73,60
705,152,-167.420416,52,40,63,60
706,146,-170.918284,41,36,68,60
707,139,-164.283084,32,27,47,60
707,138,141.949213,30,25,41,60
706,138,169.868742,34,23,31,60
705,139,160.578299,51,25,28,60
704,139,153.212006,83,30,28,60
704,140,133.358868,178,49,34,60
703,142,106.442461,180,93,45,60
703,143,83.371222,271,170,99,60
703,144,65.921003,370,186,185,60
703,145,46.498468,370,241,176,60
704,146,26.471803,370,370,196,60
703,148,24.299706,370,370,199,60
698,154,20.580501,370,370,206,60
695,158,16.801117,370,370,202,60
692,163,15.785382,370,370,204,60
687,170,14.139405,370,370,206,60
685,176,10.761320,370,370,210,60
682,182,8.287547,370,370,216,60
680,188,7.602875,370,370,216,60
677,196,4.444236,370,370,223,60
675,202,3.756660,370,370,223,60
674,208,3.595826,370,370,224,60
672,214,2.766700,370,370,224,60
670,224,1.795733,370,370,226,60
669,230,1.826614,370,370,227,60
668,237,1.238639,370,370,224,60
667,247,0.425051,370,370,226,60
667,253,0.344289,370,370,227,60
667,260,0.042230,370,370,230,60
666,267,0.067930,370,370,228,60
667,276,-0.085571,370,370,228,60
667,286,-0.148860,370,370,231,60
668,292,-0.328717,370,370,233,60
669,299,-0.375589,370,370,235,60
670,306,-0.165193,370,370,235,60
671,312,-0.277737,370,370,237,60
672,322,-0.945246,370,370,241,60
673,328,-1.321620,370,370,244,60
676,337,-2.620551,370,370,252,60
678,344,-3.374045,370,370,261,60
680,350,-4.013274,370,370,271,60
683,360,-4.752570,370,370,279,60
686,367,-6.521531,370,370,289,60
688,373,-6.314364,370,370,302,60
692,383,-7.007325,370,370,303,60
695,390,-7.805470,370,370,321,60
700,400,-8.038027,370,370,327,60
704,409,-8.548261,370,370,338,60
708,416,-8.457682,370,370,350,60
711,423,-7.921479,370,370,348,60
715,432,-6.657299,370,370,353,60
715,432,-6.612184,370,370,344,60
715,432,-6.428928,370,370,344,60
715,432,-6.688388,370,370,344,60
715,432,-6.441881,370,370,343,60
715,432,-6.657952,370,370,345,60
715,432,-6.802785,370,370,345,60
715,432,-6.696133,370,370,345,60
715,432,-6.715003,370,370,345,60
715,432,-6.779576,370,370,344,60
715,432,-6.935321,370,370,347,60
715,432,-6.855659,370,370,347,60
715,432,-6.580555,370,370,344,60
715,432,-6.695381,370,370,344,60
715,432,-6.689319,370,370,344,60
715,432,-6.789070,370,370,345,60
715,432,-7.127238,370,370,345,60
715,432,-6.567455,370,370,344,60
715,432,-6.848871,370,370,344,60
715,432,-6.764675,370,370,343,60
715,432,-6.686548,370,370,347,60
715,432,-6.150324,370,370,345,60
715,432,-6.750427,370,370,345,60
715,432,-6.673856,370,370,345,60
715,432,-6.896774,370,370,347,60
715,432,-6.772785,370,370,345,60
715,432,-6.772053,370,370,345,60
715,432,-6.661728,370,370,344,60
715,432,-6.947857,370,370,344,60
715,432,-6.687854,370,370,345,60
715,432,-6.706003,370,370,345,60
715,432,-6.668883,370,370,344,60
715,432,-6.747144,370,370,345,60
715,432,-6.597569,370,370,344,60
715,432,-6.790255,370,370,345,60
715,432,-6.841730,370,370,345,60
715,432,-6.313944,370,370,341,60
715,432,-6.840172,370,370,345,60
715,432,-6.556605,370,370,345,60
715,432,-6.766422,370,370,343,60
715,432,-6.329760,370,370,343,60
715,432,-6.554232,370,370,344,60
715,432,-7.008522,370,370,347,60
715,432,-6.705318,370,370,347,60
715,432,-6.613772,370,370,343,60
715,432,-6.614114,370,370,344,60
715,432,-6.814468,370,370,344,60
715,432,-6.757049,370,370,344,60
715,432,-6.499978,370,370,343,60
715,432,-6.588445,370,370,344,60
715,432,-6.603143,370,370,344,60
715,432,-6.740811,370,370,345,60
715,432,-6.633390,370,370,344,60
715,432,-6.647787,370,370,344,60
715,432,-6.622683,370,370,341,60
715,432,-6.805224,370,370,344,60
715,432,-6.504491,370,370,343,60
