950,507,-9.846139,370,346,109,60
950,507,-9.716145,370,342,110,60
953,513,-9.170644,370,336,114,60
960,528,-9.517554,370,321,127,60
967,540,-11.286704,370,314,141,60
971,547,-12.054806,370,307,154,60
975,554,-11.903070,370,297,165,60
981,565,-10.842284,369,285,171,60
984,572,-9.728414,370,276,169,60
989,582,-8.018484,370,268,169,60
992,589,-6.875894,370,257,169,60
995,596,-5.470017,370,249,168,60
998,606,-3.578707,360,239,165,60
1000,613,-2.378862,340,231,162,60
1002,624,-1.496686,326,224,161,60
1003,631,-1.120043,306,213,162,60
1005,641,-0.961187,296,206,164,60
1006,649,-0.839574,279,195,165,60
1007,659,-0.350143,268,188,164,60
1007,666,-0.109044,258,182,165,60
1007,673,-0.000277,241,171,164,60
1006,680,0.109771,231,164,162,60
1005,691,0.701362,220,157,159,60
1004,698,1.585004,200,146,154,60
1001,707,2.888182,189,140,148,60
999,714,3.933094,178,133,142,60
997,721,4.713072,165,126,137,60
995,728,5.254255,151,117,131,60
991,739,5.486544,141,110,127,60
988,746,5.276237,133,103,124,60
985,754,5.272990,117,91,118,60
981,765,5.497966,107,83,116,60
978,773,5.786767,92,72,109,60
975,781,6.326435,80,64,100,60
970,792,6.814399,72,57,90,60
967,799,6.994140,58,46,73,60
963,809,6.881292,48,39,62,60
959,819,6.625453,37,29,47,60
959,822,3.703777,31,23,35,60
959,822,0.545521,31,22,31,60
961,821,-1.345819,31,22,31,60
961,820,-6.885163,35,23,31,60
962,819,-16.043613,52,27,30,60
962,818,-34.497236,103,34,31,60
962,817,-50.794121,312,48,35,60
961,815,-69.336036,331,129,52,60
959,814,-95.891664,370,304,82,60
958,813,-115.134514,370,320,142,60
958,811,-136.016755,370,370,314,60
963,808,-141.453855,370,370,314,60
968,804,-145.200327,370,370,313,60
973,800,-145.503391,370,370,309,60
979,797,-134.470078,370,370,298,60
983,796,-123.641082,370,353,292,60
986,795,-110.041540,370,322,295,60
993,795,-96.280908,370,278,145,60
996,795,-85.184039,353,269,102,60
1000,796,-71.507835,298,223,78,60
1006,799,-56.358788,274,126,63,60
1012,801,-49.893694,264,93,56,60
1018,804,-48.875906,254,76,51,60
1025,808,-49.017978,247,70,47,60
1032,811,-57.162003,241,72,45,60
1035,811,-72.405198,258,169,59,60
1037,810,-100.102257,326,228,92,60
1038,808,-117.616757,370,243,175,60
1039,807,-131.595910,370,307,233,60
1042,805,-138.292769,370,346,231,60
1049,800,-138.626093,370,363,230,60
1054,797,-140.155480,370,323,221,60
1058,794,-134.579685,370,303,214,60
1065,791,-127.848269,370,275,209,60
1068,790,-121.887762,370,246,206,60
1072,789,-111.690211,370,210,210,60
1076,789,-100.966624,340,192,164,60
1081,790,-89.693503,265,184,124,60
1085,790,-78.306704,230,183,102,60
1089,791,-67.503962,192,190,78,60
1092,793,-57.081779,180,121,66,60
1100,797,-51.956392,175,97,61,60
1106,800,-51.576878,165,89,56,60
1117,805,-51.415105,158,85,54,60
1121,806,-58.263498,151,97,54,60
1122,806,-72.885724,161,151,66,60
1123,804,-102.534708,204,141,102,60
1122,803,-121.747723,370,157,155,60
1122,803,-134.878281,370,199,149,60
1127,798,-142.787020,370,243,152,60
1133,794,-145.141669,370,243,147,60
1138,790,-144.363827,370,235,140,60
1144,785,-140.743722,370,207,131,60
1154,779,-137.172092,370,173,123,60
1160,774,-137.637309,370,169,114,60
1167,770,-135.182979,370,151,106,60
1177,763,-140.456238,370,152,100,60
1184,758,-138.836455,370,137,90,60
1194,752,-138.308007,370,129,85,60
1200,748,-138.840453,370,113,75,60
1206,744,-135.902527,370,97,68,60
1215,738,-137.527753,370,94,62,60
1220,734,-139.948713,370,73,52,60
1229,727,-139.833191,370,81,51,60
1233,724,-147.844204,370,83,47,60
1234,722,-158.135613,370,126,52,60
1232,722,-166.612420,370,269,66,60
1231,722,-176.549894,370,370,82,60
1230,721,171.668490,370,370,102,60
1229,713,178.160942,370,370,103,60
1228,704,178.474346,370,370,97,60
1226,694,172.336881,370,370,114,60
1225,687,175.137438,370,370,111,60
1223,680,177.073473,370,370,106,60
1221,672,176.970636,370,370,113,60
1219,665,176.184040,370,370,116,60
1217,653,169.462598,370,370,130,60
1214,646,169.823528,370,370,145,60
1212,638,166.905254,370,370,164,60
1210,631,164.788304,370,370,180,60
1206,619,174.521011,370,370,141,60
1203,612,174.725849,370,370,148,60
1200,600,176.258415,370,370,145,60
1199,593,176.869496,370,370,154,60
1197,582,177.967255,370,370,154,60
1196,575,167.503159,355,370,190,60
1195,563,178.741631,370,370,154,60
1194,556,174.304893,370,370,175,60
1194,548,170.089274,367,370,178,60
1194,541,-178.762554,370,370,127,60
1195,530,-178.672558,370,370,130,60
1195,523,-175.637752,370,370,117,60
1196,516,-176.283315,370,370,128,60
1197,505,-168.811691,370,370,116,60
1198,497,-170.342738,370,370,111,60
1200,484,-171.633744,370,370,116,60
1201,476,-173.026053,370,364,113,60
1203,464,-171.994368,370,358,107,60
1204,456,-169.498312,370,347,103,60
1205,448,-169.585606,370,339,102,60
1206,440,-168.332624,370,332,97,60
1208,428,-170.136297,370,320,103,60
1210,420,-166.188601,370,314,97,60
1210,413,-167.900473,360,309,93,60
1212,403,-177.807073,345,299,89,60
1212,395,-171.431670,370,284,113,60
1213,388,-167.851147,329,279,90,60
1213,377,-177.464389,369,266,111,60
1214,369,166.902653,302,369,262,60
1214,361,-175.615289,254,104,63,60
1213,350,162.284160,307,305,247,60
1213,342,164.199886,358,237,182,60
1214,334,179.165653,321,219,118,60
1213,323,177.433821,368,218,169,60
1213,317,-163.816663,212,82,59,60
1214,311,-169.676749,240,199,92,60
1216,301,-167.380426,230,194,89,60
1217,294,-175.662094,219,186,85,60
1218,287,-172.698676,233,175,100,60
1219,280,-174.081703,212,166,92,60
1219,270,135.596875,190,162,83,60
1219,263,-179.041319,202,152,97,60
1219,252,178.286762,285,146,162,60
1219,244,179.186595,190,133,107,60
1218,233,177.763661,178,122,111,60
1218,226,178.091772,165,115,110,60
1217,218,167.951778,185,106,124,60
1217,207,166.772158,164,98,118,60
1216,199,170.769840,141,85,104,60
1216,192,179.698717,110,77,109,60
1215,179,179.724260,99,68,93,60
1215,171,168.461923,103,61,75,60
1215,163,179.426287,69,48,66,60
1214,151,178.506592,59,40,55,60
1214,144,179.261981,41,29,41,60
1212,134,177.248595,31,22,31,60
1211,132,172.267932,27,18,24,60
1209,131,158.041074,47,20,20,60
1207,132,128.587229,149,27,23,60
1205,133,114.989708,302,70,35,60
1204,134,84.385087,361,285,56,60
1204,135,64.058607,370,305,148,60
1204,136,44.509063,370,370,290,60
1204,137,28.661958,370,370,307,60
1201,143,19.168663,244,370,330,60
1195,150,22.650885,268,370,321,60
1192,152,32.582091,370,370,292,60
1187,154,45.102765,370,370,282,60
1184,156,50.604701,370,370,271,60
1181,156,56.869062,370,316,271,60
1176,157,74.475947,370,286,241,60
1173,157,82.953321,370,258,137,60
1168,156,96.304640,370,249,94,60
1165,155,105.727405,292,251,78,60
1160,153,118.676249,258,131,59,60
1155,151,120.673334,245,99,52,60
1148,149,110.734012,250,143,58,60
1137,145,119.321617,234,102,51,60
1131,144,112.178885,227,101,48,60
1130,145,99.090214,255,213,68,60
1123,145,89.213136,303,205,90,60
1117,145,87.484665,288,196,90,60
1113,147,67.431145,370,203,148,60
1107,149,61.638568,370,214,203,60
1098,153,56.289334,370,227,188,60
1092,156,53.737384,370,220,182,60
1082,161,57.663632,370,204,172,60
1073,164,59.719228,370,183,165,60
1067,166,61.689392,370,170,157,60
1057,169,66.357021,370,158,151,60
1051,170,69.030258,370,139,151,60
1041,173,73.992192,370,131,140,60
1029,174,79.798011,207,115,134,60
1022,175,82.499018,176,107,131,60
1010,176,83.930654,145,93,121,60
1002,176,86.410781,131,85,111,60
994,176,86.231497,111,73,96,60
985,177,86.643845,97,64,85,60
973,177,91.275930,82,56,76,60
965,177,91.343541,66,48,69,60
957,177,90.913435,51,36,51,60
950,177,87.091505,42,29,39,60
941,178,80.803410,37,23,30,60
939,179,66.159269,54,22,23,60
938,181,43.444199,370,30,24,60
938,181,27.020938,370,53,31,60
939,182,14.299069,370,155,47,60
940,183,6.907810,370,370,56,60
941,184,0.537929,370,370,68,60
942,184,-0.246561,370,370,72,60
944,196,-1.004727,370,370,75,60
947,210,-2.532947,370,370,82,60
951,223,-2.987916,370,370,87,60
955,237,-4.139370,370,370,94,60
957,244,-5.247557,370,370,104,60
960,251,-6.368666,370,370,116,60
964,261,-8.225019,370,370,370,60
967,267,-9.026818,370,370,370,60
971,273,-9.663527,370,370,370,60
974,280,-10.368146,370,370,370,60
977,288,-6.185286,370,370,370,60
978,292,-2.937970,370,370,370,60
978,295,-0.803704,370,370,370,60
978,301,0.149886,370,370,370,60
976,306,2.439423,370,370,370,60
975,310,5.277670,370,370,370,60
973,313,9.127360,370,370,370,60
971,315,13.619978,370,316,370,60
969,318,18.188893,370,282,370,60
965,321,27.685844,370,370,68,60
962,323,34.780731,370,370,59,60
957,325,45.629930,370,370,52,60
948,330,49.004564,370,370,39,60
940,334,49.003067,367,370,27,60
924,342,48.101779,257,21,17,60
915,348,45.569316,250,8,7,60
904,355,44.974194,238,370,370,60
896,360,38.755635,370,370,370,60
893,364,21.082854,370,370,370,60
893,365,13.592382,370,370,370,60
892,367,16.493724,370,370,370,60
889,370,21.459261,370,370,370,60
885,373,30.761712,370,370,370,60
882,375,37.021032,370,370,367,60
877,377,48.932577,217,370,353,60
874,378,57.078015,370,370,351,60
870,379,66.437731,370,370,361,60
864,379,77.512486,370,351,370,60
860,379,89.062568,370,329,370,60
856,378,98.518680,370,325,370,60
850,376,114.754034,351,341,309,60
846,374,125.792048,331,359,289,60
841,370,139.537647,316,370,265,60
838,367,144.219111,321,317,195,60
834,364,150.869407,327,290,135,60
831,358,161.224781,364,256,66,60
830,354,162.992344,360,251,73,60
828,348,169.635747,369,236,47,60
826,339,167.407434,370,230,68,60
823,331,166.990416,368,222,73,60
819,316,166.500082,323,207,61,60
816,308,174.115273,310,198,66,60
812,299,165.865880,350,191,99,60
807,286,164.258086,292,177,85,60
803,277,172.671698,271,164,96,60
800,270,170.783474,269,158,106,60
794,260,168.546346,264,151,116,60
791,253,167.792078,258,142,134,60
786,243,166.536514,251,136,142,60
782,237,157.991587,293,136,138,60
778,230,166.362254,224,119,135,60
771,219,159.715176,220,113,125,60
767,212,162.301016,212,106,117,60
763,205,157.872423,228,99,100,60
757,194,160.607082,158,86,99,60
753,187,158.964623,204,85,85,60
750,180,169.339200,116,67,79,60
744,170,168.286845,144,64,66,60
741,163,167.961183,96,54,62,60
738,157,166.774875,80,44,51,60
733,150,161.319000,78,40,44,60
731,150,150.396061,140,44,41,60
731,150,137.994421,207,56,42,60
731,152,114.507809,206,94,52,60
732,153,98.096307,227,207,68,60
733,154,78.561295,351,203,131,60
734,155,56.495486,370,242,209,60
736,156,37.328344,370,314,212,60
734,158,30.253041,370,370,221,60
726,165,30.709416,370,370,220,60
721,169,31.657445,370,370,207,60
716,173,40.929815,370,296,193,60
708,176,47.461579,370,267,186,60
704,178,55.121640,370,215,178,60
696,180,67.757998,370,187,178,60
690,181,76.456094,338,167,182,60
682,181,90.939578,235,152,154,60
676,180,93.588399,189,142,124,60
667,180,96.289928,173,137,117,60
661,179,98.642789,164,131,113,60
654,178,101.050812,145,123,106,60
646,177,101.997663,134,115,102,60
635,175,101.965733,127,108,100,60
627,174,103.602782,110,97,96,60
619,172,102.724716,102,88,94,60
608,171,101.649410,93,80,94,60
597,169,99.208656,82,69,97,60
590,169,96.889479,75,61,99,60
583,168,96.090889,68,54,85,60
572,168,94.846913,56,42,62,60
561,167,91.425697,45,35,55,60
554,167,93.216818,27,20,30,60
548,167,90.207507,20,14,20,60
544,168,72.199560,24,12,14,60
543,169,52.996077,93,18,16,60
543,171,33.143752,370,33,21,60
544,171,22.256798,370,74,31,60
545,172,8.239528,370,226,45,60
546,172,1.452702,370,370,52,60
547,171,-0.439297,370,370,61,60
548,171,-4.227245,370,370,66,60
551,179,-4.986322,370,370,73,60
555,189,-4.625517,370,370,85,60
562,206,-8.452002,370,370,96,60
567,215,-9.336803,370,370,107,60
573,224,-13.923012,370,370,137,60
577,230,-16.544576,370,370,154,60
581,236,-19.982181,370,370,203,60
588,244,-22.260804,370,370,237,60
594,250,-21.107810,370,370,251,60
598,256,-21.087700,370,370,257,60
605,265,-15.184150,370,370,241,60
607,270,-12.337640,370,370,203,60
609,274,-6.582037,370,370,175,60
609,280,-1.797599,370,370,159,60
610,284,-0.371539,370,370,154,60
609,288,0.240223,370,370,147,60
608,293,3.056054,370,370,141,60
606,297,5.400008,370,370,128,60
604,303,6.971333,370,370,123,60
600,313,7.036287,370,370,118,60
598,320,7.092157,370,370,114,60
593,331,7.133527,370,370,111,60
590,338,8.416493,370,370,102,60
585,349,9.011813,370,370,97,60
582,356,7.037392,370,370,93,60
577,367,9.211330,370,370,90,60
574,373,6.489541,370,370,86,60
571,380,5.613196,370,370,83,60
569,387,5.033245,370,370,82,60
566,397,6.566068,370,370,75,60
563,403,6.173780,370,370,73,60
561,410,5.303406,370,370,71,60
559,417,4.925111,370,370,68,60
554,433,4.479245,370,370,63,60
552,443,3.858504,370,370,63,60
547,461,3.216390,370,370,59,60
544,472,2.006931,370,370,55,60
542,484,1.580758,370,360,51,60
539,501,1.278692,370,348,49,60
537,514,0.755772,370,330,45,60
535,530,0.626493,370,319,44,60
534,544,0.273879,370,307,44,60
533,558,0.038061,370,291,41,60
533,570,-0.006608,370,280,42,60
534,579,-0.060227,370,265,42,60
536,595,-0.903069,364,255,45,60
537,605,-1.304058,350,243,47,60
540,621,-1.777424,330,227,52,60
542,630,-2.874402,317,214,59,60
546,645,-4.008105,307,204,65,60
549,653,-5.169139,298,192,75,60
555,666,-6.097350,289,183,83,60
557,673,-7.047160,276,172,92,60
560,679,-8.404480,276,167,100,60
565,688,-10.294650,276,162,111,60
568,694,-12.211371,276,154,128,60
574,703,-13.706147,292,150,152,60
578,708,-18.248075,303,147,158,60
583,714,-20.221757,289,140,145,60
590,723,-21.261733,281,132,140,60
595,729,-18.290707,275,129,131,60
599,735,-17.853007,241,116,124,60
604,741,-16.387843,217,109,118,60
608,748,-15.489022,196,101,111,60
614,758,-14.680962,178,93,104,60
619,764,-12.095226,158,86,99,60
623,771,-13.079359,144,79,90,60
629,781,-12.009900,123,68,79,60
633,788,-12.935601,113,61,71,60
637,794,-15.251013,102,53,59,60
644,802,-18.335849,94,47,51,60
647,806,-24.768407,114,45,44,60
649,807,-32.107578,180,49,42,60
651,806,-55.103530,182,71,47,60
652,806,-79.723149,210,178,75,60
654,804,-98.448161,370,174,120,60
654,803,-128.476830,370,204,182,60
655,801,-140.050947,370,370,182,60
659,798,-146.200844,370,370,183,60
667,791,-146.090519,370,370,178,60
673,787,-143.978639,370,370,172,60
681,781,-141.926881,370,370,161,60
687,777,-140.804982,370,370,154,60
692,773,-138.058957,370,370,144,60
701,768,-131.196909,370,187,135,60
708,765,-126.442126,370,163,128,60
715,762,-125.772784,370,144,118,60
726,757,-123.751045,370,133,111,60
734,754,-123.153062,370,116,99,60
745,750,-120.944558,370,106,92,60
753,747,-119.716682,370,89,80,60
764,742,-118.516750,370,80,72,60
774,739,-122.335453,367,72,65,60
780,736,-125.214214,357,64,55,60
785,733,-126.214171,347,58,48,60
786,731,-148.169588,370,84,52,60
786,729,-161.072523,370,370,61,60
785,728,-173.195769,370,370,79,60
784,728,-175.713071,370,370,92,60
784,728,175.761647,265,370,370,60
783,723,175.590710,369,370,370,60
782,718,174.909647,368,370,370,60
781,710,176.022098,362,370,370,60
781,705,-143.156809,370,370,370,60
782,701,-177.888460,370,370,370,60
784,696,-175.529359,370,370,370,60
785,693,-172.980816,370,370,370,60
788,690,-168.698254,370,321,75,60
790,688,-163.792396,370,299,66,60
794,684,-154.779783,370,370,58,60
799,680,-145.684808,370,370,44,60
808,674,-142.069554,370,370,30,60
818,666,-146.006673,370,370,21,60
831,654,-148.656206,370,22,13,60
838,648,-149.842180,370,5,3,60
850,635,-151.852944,370,370,370,60
854,630,-160.872379,370,370,370,60
854,627,-167.334122,370,370,370,60
854,624,-176.369400,370,226,370,60
855,622,-174.773490,370,222,370,60
858,618,-169.475972,370,370,370,60
859,615,-167.067057,370,370,370,60
862,613,-162.802841,370,370,370,60
866,609,-153.944403,370,370,370,60
869,607,-147.232742,370,370,370,60
872,605,-138.139740,210,370,370,60
876,604,-131.441725,370,370,370,60
881,602,-117.625241,370,370,370,60
885,602,-108.199617,370,370,370,60
889,602,-97.226029,370,370,370,60
895,602,-81.836927,370,370,362,60
900,603,-70.475092,370,370,290,60
903,605,-61.069398,370,370,265,60
906,606,-52.601722,367,370,252,60
913,611,-35.056099,365,305,241,60
915,614,-29.229194,370,269,142,60
917,616,-23.170970,370,251,102,60
920,621,-15.938257,370,239,83,60
922,624,-10.873514,370,228,69,60
923,628,-6.828913,350,218,58,60
926,636,-5.549604,333,212,58,60
929,645,-5.835336,319,204,61,60
933,653,-7.026079,309,193,73,60
938,666,-8.185730,300,184,80,60
942,673,-9.312400,296,177,90,60
947,682,-9.651545,279,165,104,60
953,693,-10.533787,266,157,113,60
956,699,-12.005864,265,151,124,60
960,705,-13.534645,266,144,144,60
966,714,-15.943258,271,140,155,60
971,720,-17.381215,269,131,141,60
975,726,-18.958597,271,126,133,60
983,736,-18.702806,257,120,127,60
987,742,-17.306773,231,112,120,60
991,748,-15.807280,206,104,114,60
998,758,-13.937121,175,93,104,60
1002,765,-13.382221,152,82,93,60
1008,775,-12.271854,135,75,86,60
1014,785,-11.638790,114,64,75,60
1018,792,-11.262870,102,58,68,60
1021,798,-12.090078,85,48,55,60
1027,807,-13.678492,76,42,48,60
1030,811,-18.755822,76,36,38,60
1032,812,-29.418375,127,41,37,60
1034,812,-49.365800,240,53,39,60
1035,812,-66.004507,247,117,52,60
1036,810,-91.098175,288,230,75,60
1037,809,-114.240225,370,249,203,60
1037,808,-132.327917,370,313,234,60
1038,807,-148.989960,370,370,245,60
1041,803,-147.985115,370,370,251,60
1045,799,-152.060867,370,370,245,60
1051,794,-140.419930,370,368,228,60
1055,792,-129.802903,370,320,220,60
1059,791,-119.533140,370,265,214,60
1064,790,-102.880256,370,216,219,60
1067,790,-94.928184,310,198,137,60
1072,791,-81.604178,255,194,107,60
1076,792,-73.882479,216,196,85,60
1081,794,-59.766840,200,163,73,60
1085,796,-55.024126,189,109,63,60
1092,799,-54.050385,179,98,58,60
1102,803,-57.629540,173,96,56,60
1106,803,-69.243873,171,122,59,60
1107,803,-85.257187,203,158,87,60
1107,801,-112.044666,314,163,159,60
1106,801,-125.418736,370,199,165,60
1105,800,-141.478666,370,267,171,60
1111,797,-144.607419,370,286,171,60
1116,793,-145.205155,370,272,165,60
1123,788,-142.195982,370,245,155,60
1129,784,-140.107466,370,235,149,60
1134,781,-133.604010,370,192,138,60
1143,776,-131.404574,370,182,133,60
1150,772,-128.098058,370,160,125,60
1157,769,-124.950200,370,145,118,60
1164,767,-121.250762,370,122,107,60
1175,762,-122.169564,370,116,100,60
1182,760,-123.041782,370,103,89,60
1189,757,-121.492244,343,93,82,60
1196,754,-126.675777,370,92,75,60
1206,749,-126.496814,370,86,68,60
1213,746,-127.529091,370,72,58,60
1219,743,-131.462997,370,69,52,60
1226,738,-137.150201,370,62,47,60
1227,737,-147.959679,370,83,49,60
1227,736,-161.538331,370,174,63,60
1225,735,-170.892731,370,290,73,60
1224,735,-177.715885,370,370,89,60
1223,732,175.985440,370,370,116,60
1221,724,174.759194,370,370,117,60
1219,712,177.045751,370,370,114,60
1217,704,176.906416,370,370,117,60
1214,693,173.108949,370,370,131,60
1212,685,176.746303,370,370,125,60
1209,674,171.755022,370,370,149,60
1207,667,176.042827,370,370,137,60
1205,659,176.489563,370,370,137,60
1202,647,176.158570,370,370,141,60
1200,639,171.297967,370,370,166,60
1198,631,174.955008,370,370,154,60
1195,620,169.332504,370,370,165,60
1193,613,176.258424,369,370,180,60
1191,602,171.890488,370,370,152,60
1190,595,171.577858,370,370,159,60
1190,588,171.868684,369,370,178,60
1189,577,178.322070,370,370,155,60
1189,570,178.435240,355,370,193,60
1189,563,-175.740811,370,147,89,60
1189,552,-171.561544,370,370,145,60
1190,545,-178.598950,370,370,141,60
1192,538,-169.915436,370,370,118,60
1193,528,-173.853454,370,370,137,60
1195,520,-169.394817,370,370,113,60
1196,513,-168.114020,370,370,110,60
1198,501,-168.321906,370,370,109,60
1199,494,-169.506200,370,370,106,60
1200,486,-168.769078,370,370,106,60
1202,478,-170.987665,370,368,107,60
1204,467,-169.573531,370,361,106,60
1206,460,-169.876386,370,350,114,60
1207,452,-168.380595,370,345,97,60
1209,441,-171.517228,370,336,96,60
1210,434,-171.917485,370,328,96,60
1212,422,-167.264108,367,314,90,60
1214,410,-172.456479,370,298,96,60
1215,403,-166.285465,340,297,85,60
1216,392,-177.098844,370,281,104,60
1216,385,-177.660142,370,273,104,60
1216,378,-171.647884,330,266,93,60
1216,367,166.045394,302,370,265,60
1216,361,179.426052,354,246,113,60
1216,350,179.177130,341,238,113,60
1216,342,-142.226546,330,231,111,60
1217,334,-178.048118,262,228,85,60
1217,327,-170.272346,269,219,90,60
1219,316,-174.446058,282,205,103,60
1219,309,-171.667435,241,197,87,60
1220,297,-178.349083,257,186,103,60
1220,290,-167.702214,234,180,93,60
1220,283,163.185081,306,259,178,60
1221,272,-176.002697,168,98,56,60
1220,264,168.187690,307,216,157,60
1220,257,164.207000,289,148,164,60
1219,246,178.035503,248,138,148,60
1219,239,168.832596,217,126,140,60
1218,229,177.397818,190,118,130,60
1217,221,169.342550,161,110,113,60
1217,213,179.613107,142,98,113,60
1217,205,179.701719,127,90,110,60
1217,194,172.419769,120,83,111,60
1216,186,178.891786,102,71,99,60
1215,176,179.207019,93,64,87,60
1214,169,178.014327,79,54,73,60
1212,158,177.591255,71,47,63,60
1211,151,177.394616,54,36,49,60
1208,143,175.396721,47,30,39,60
1207,141,168.332234,48,27,32,60
1205,140,157.727962,68,29,30,60
1204,141,132.479167,231,40,32,60
1203,142,108.965426,312,133,51,60
1203,143,90.880128,344,287,65,60
1204,144,65.485699,370,310,189,60
1205,145,48.674060,370,370,292,60
1198,149,43.637103,370,370,289,60
1192,154,38.433747,370,370,285,60
1183,161,37.660813,370,370,278,60
1177,164,40.521397,370,370,268,60
1172,167,51.840363,370,370,258,60
1165,169,56.462817,370,307,255,60
1158,171,73.434256,370,267,262,60
1153,171,75.059355,370,242,182,60
1147,172,84.562851,370,227,141,60
1141,171,97.940864,370,222,116,60
1136,170,106.450974,247,225,87,60
1127,168,108.966193,231,219,82,60
1120,166,111.059678,220,196,78,60
1110,164,103.115812,214,205,78,60
1103,163,106.752956,207,191,79,60
1094,162,101.548705,221,178,92,60
1088,161,99.249604,210,173,87,60
1083,161,90.146154,226,162,106,60
1077,162,88.520628,226,156,111,60
1067,163,80.260712,243,150,133,60
1061,164,80.218104,238,145,137,60
1051,166,75.788682,370,138,159,60
1045,167,70.988737,370,134,145,60
1038,169,69.874708,370,126,131,60
1031,170,69.578207,370,119,123,60
1019,173,62.258478,370,114,106,60
1012,176,65.852779,370,103,100,60
1002,179,64.405171,370,98,92,60
992,182,64.642579,370,85,82,60
985,184,62.594814,370,78,73,60
979,186,60.576596,370,71,65,60
970,190,56.670535,370,66,58,60
965,193,52.207590,370,63,52,60
964,194,39.425783,370,73,52,60
964,195,23.147192,370,148,65,60
966,195,9.373795,370,370,85,60
968,194,1.140928,370,370,102,60
969,194,-0.067703,370,370,110,60
970,196,-0.499897,370,370,113,60
971,205,-1.988605,370,370,116,60
972,210,-3.170032,370,370,123,60
974,216,-3.934757,370,370,128,60
977,225,-4.512116,370,370,135,60
979,231,-5.221710,370,370,141,60
983,240,-5.858582,370,370,370,60
985,247,-6.502638,370,370,370,60
988,253,-7.224666,370,370,370,60
991,260,-7.481241,370,370,370,60
993,267,-2.894753,370,370,370,60
993,271,-0.851721,370,370,370,60
993,275,-0.016392,370,370,370,60
993,279,0.252406,370,370,370,60
991,284,2.453783,370,370,370,60
990,288,4.844174,370,370,370,60
988,291,8.673208,370,370,370,60
985,294,13.411280,370,370,370,60
981,299,21.902349,370,306,92,60
978,301,28.367244,370,370,76,60
975,303,34.717836,370,370,68,60
971,305,45.343792,370,370,59,60
965,308,51.548224,370,65,51,60
950,316,51.817087,370,53,42,60
942,320,50.739341,276,36,28,60
932,325,48.657443,274,27,21,60
927,328,41.884268,370,22,17,60
926,330,29.270544,370,370,21,60
925,333,11.576630,370,370,370,60
927,334,1.307909,370,370,370,60
927,334,0.013117,370,370,370,60
928,339,-0.240925,370,370,370,60
928,344,0.048879,370,370,370,60
927,348,0.878555,370,370,370,60
925,353,3.630730,370,370,370,60
923,357,8.554665,370,252,370,60
921,360,13.355402,370,231,370,60
919,362,18.357440,370,370,370,60
915,365,26.884550,370,370,370,60
912,367,33.756097,370,370,370,60
908,369,43.993443,370,370,370,60
905,371,51.078287,226,370,370,60
899,372,61.442769,370,370,370,60
896,372,70.223445,370,370,370,60
892,372,82.895958,370,368,370,60
886,371,96.797177,370,354,1,60
883,370,107.058646,0,0,0,60
879,369,118.232576,365,370,283,60
866,364,124.663891,348,370,269,60
859,362,114.188123,341,370,269,60
855,362,99.316408,370,326,331,60
848,361,101.412615,370,321,337,60
840,360,105.475786,365,318,316,60
833,358,112.054056,344,315,300,60
830,356,119.647665,319,334,274,60
827,354,126.919917,302,370,254,60
824,352,134.526535,298,353,245,60
820,348,144.170818,302,306,243,60
817,344,156.442873,307,274,217,60
815,341,154.366193,313,258,171,60
813,337,168.005695,355,229,93,60
811,332,163.552440,340,227,111,60
810,325,169.278980,358,218,94,60
808,319,169.128132,360,208,96,60
806,308,167.674141,348,201,96,60
805,302,170.268917,336,194,97,60
803,295,176.312237,276,181,85,60
801,289,167.635599,317,178,111,60
797,280,168.257033,319,173,120,60
795,275,165.165428,323,170,141,60
790,267,164.213613,288,159,130,60
787,261,158.058154,296,159,161,60
783,256,163.872984,293,148,162,60
776,246,159.093589,279,152,147,60
772,240,162.539136,290,137,144,60
767,233,161.826597,262,126,134,60
760,223,161.419852,245,119,127,60
756,217,161.761087,230,109,116,60
749,207,158.009209,237,101,103,60
742,198,157.017057,226,93,92,60
735,189,157.622853,193,85,86,60
730,184,156.168152,178,78,80,60
726,178,157.780749,166,70,71,60
720,171,155.430918,173,67,65,60
716,166,150.798654,186,64,61,60
712,162,146.710156,196,61,54,60
708,161,132.263089,185,72,54,60
707,162,109.254948,185,140,66,60
707,163,91.771285,210,177,87,60
706,164,70.115573,370,184,193,60
705,166,48.965905,370,227,179,60
702,168,41.304249,370,259,179,60
697,171,34.921181,370,305,178,60
690,177,32.323179,370,299,173,60
684,182,31.637594,370,313,169,60
676,189,32.632051,370,294,162,60
669,194,35.303153,370,285,155,60
663,199,36.989806,370,236,142,60
653,206,34.823306,370,247,140,60
647,211,34.369763,370,230,131,60
640,216,35.284160,370,205,120,60
633,221,35.500814,370,192,113,60
624,227,33.592143,370,189,109,60
619,232,32.363858,370,183,103,60
613,237,31.406493,370,178,96,60
605,244,30.519318,370,164,89,60
600,248,29.463563,370,165,85,60
595,253,25.687565,370,178,82,60
589,259,22.689009,370,181,80,60
585,264,19.923151,370,197,79,60
581,268,17.012683,370,225,76,60
577,275,14.172430,370,253,76,60
574,280,10.925485,370,281,76,60
571,285,11.588632,370,293,75,60
568,293,7.260000,370,370,75,60
566,299,6.356743,370,370,75,60
565,304,4.394732,370,370,78,60
563,313,1.403041,370,370,76,60
561,321,0.690080,370,370,79,60
561,327,0.728983,370,370,79,60
561,333,0.610358,370,370,79,60
561,341,0.003973,370,370,80,60
561,347,-0.158135,370,370,80,60
561,352,-0.421758,370,370,82,60
562,357,-0.497796,370,370,83,60
564,365,-2.469422,370,370,90,60
566,370,-2.919810,370,370,94,60
569,379,-4.719387,370,370,100,60
572,384,-7.076202,361,370,111,60
574,390,-7.774250,348,370,121,60
579,398,-9.715082,337,370,133,60
584,407,-11.752805,331,370,141,60
588,413,-13.222470,327,370,165,60
591,418,-12.505660,313,370,175,60
598,427,-15.258452,370,370,209,60
602,432,-18.654613,370,370,241,60
609,441,-17.117528,370,370,234,60
615,451,-15.053327,293,370,240,60
619,458,-12.659256,276,370,219,60
622,464,-10.823194,275,370,220,60
625,470,-9.315794,278,370,216,60
629,479,-6.561668,283,370,207,60
631,485,-5.139545,288,364,203,60
633,492,-3.672900,292,357,199,60
636,502,-2.153203,298,346,195,60
637,509,-1.605666,300,338,195,60
639,516,-1.580307,298,328,197,60
640,524,-1.488740,296,320,197,60
642,535,-1.222806,295,313,199,60
643,542,-0.972328,295,302,200,60
643,549,-0.677079,296,295,199,60
644,560,-0.063911,298,288,199,60
644,568,-0.014175,299,280,197,60
644,575,0.008193,299,269,197,60
643,586,0.256757,300,262,196,60
643,593,0.398308,303,251,195,60
641,604,0.758773,307,243,190,60
640,612,1.271153,309,236,189,60
638,623,1.376097,310,225,185,60
636,630,1.516446,298,217,180,60
635,638,2.296480,286,210,179,60
633,645,1.567708,272,201,175,60
631,653,2.254129,259,191,171,60
628,664,2.254574,250,184,169,60
626,671,3.784184,230,173,159,60
624,679,3.736328,219,165,157,60
620,690,4.404440,209,158,152,60
617,697,5.087142,196,152,144,60
614,704,5.320443,182,141,138,60
611,712,5.946885,169,133,134,60
606,723,8.082960,161,126,130,60
603,730,6.858382,149,118,124,60
599,740,5.793818,134,108,116,60
596,747,4.608260,127,97,117,60
594,754,4.921665,117,90,114,60
591,764,3.405212,110,83,114,60
590,771,2.388557,99,73,107,60
587,781,2.221562,90,66,97,60
586,788,1.852030,80,59,86,60
585,794,1.284974,73,53,78,60
584,801,0.986340,59,43,62,60
583,807,0.927568,51,37,54,60
582,816,0.419228,44,31,44,60
582,820,-0.035167,34,24,34,60
583,821,-2.341710,32,23,32,60
584,821,-7.651944,37,23,30,60
585,820,-15.204925,49,26,30,60
585,817,-37.202928,99,33,31,60
585,816,-53.934454,250,66,41,60
584,815,-70.420195,268,138,54,60
582,814,-88.780937,300,246,69,60
581,813,-110.917953,370,250,124,60
581,812,-127.386652,370,370,252,60
586,809,-131.663360,370,370,248,60
597,803,-137.829410,370,370,241,60
603,799,-139.737914,370,370,234,60
611,794,-132.167947,370,370,227,60
617,792,-123.987989,370,259,217,60
623,789,-120.323738,370,240,214,60
632,787,-112.974919,370,221,212,60
639,785,-108.651852,370,206,212,60
645,784,-104.654204,370,188,193,60
652,783,-102.192822,370,179,179,60
663,781,-96.635799,370,169,161,60
670,781,-94.650054,370,157,147,60
682,780,-93.278633,370,148,145,60
690,780,-92.842072,202,136,141,60
698,779,-94.180307,195,128,148,60
710,778,-94.642393,193,121,152,60
718,778,-96.060306,180,113,142,60
726,777,-96.686670,161,101,127,60
737,776,-95.404091,148,94,120,60
745,776,-94.369626,127,85,114,60
753,775,-94.611782,113,73,96,60
763,775,-91.150565,97,66,89,60
774,774,-93.219375,85,55,72,60
782,773,-95.458966,73,48,63,60
788,772,-96.633354,61,38,49,60
796,771,-106.675691,55,32,38,60
798,770,-121.557101,87,34,32,60
799,768,-137.744183,370,53,37,60
799,767,-151.319242,370,85,44,60
798,765,-168.214457,370,370,55,60
798,765,-175.442361,370,370,69,60
796,765,139.439840,370,370,83,60
795,762,172.130954,370,370,100,60
793,751,172.325446,358,370,110,60
790,741,172.432083,354,370,114,60
787,730,171.784396,354,370,370,60
785,724,171.494675,343,370,370,60
783,718,167.715426,324,370,370,60
779,709,168.474604,327,370,370,60
778,705,173.717032,353,370,370,60
777,699,175.886919,353,370,370,60
778,696,175.423258,370,370,370,60
779,689,-177.445097,370,370,370,60
780,685,-175.979291,370,370,370,60
783,680,-172.328677,370,370,370,60
785,677,-166.998245,370,291,370,60
788,673,-161.283779,370,287,65,60
793,669,-150.387773,370,370,55,60
797,666,-141.377652,370,370,41,60
805,661,-136.994539,370,370,31,60
816,654,-137.928315,370,370,23,60
826,647,-136.963656,370,370,16,60
834,641,-143.747847,370,370,4,60
843,633,-143.749615,370,370,370,60
854,623,-149.141641,370,370,370,60
862,615,-154.754793,370,370,370,60
868,608,-158.239347,370,370,370,60
873,603,-150.245789,370,370,370,60
876,601,-142.746706,370,370,370,60
880,599,-132.897129,370,370,370,60
884,598,-122.863149,370,370,370,60
890,597,-107.046765,370,370,370,60
896,597,-91.555434,370,370,370,60
900,597,-83.289059,370,367,367,60
903,598,-72.854212,370,370,303,60
908,600,-60.954896,370,370,278,60
911,602,-53.039548,362,370,257,60
914,604,-45.689350,358,359,248,60
918,607,-35.518002,361,313,245,60
920,610,-27.738157,369,281,180,60
923,613,-21.683363,370,260,124,60
925,618,-12.800000,370,238,83,60
927,622,-8.144383,370,225,68,60
928,627,-4.074730,337,219,61,60
930,634,-3.781807,324,215,61,60
933,643,-4.106472,314,207,63,60
938,655,-4.906588,298,194,73,60
941,664,-5.242312,281,181,82,60
944,672,-7.055319,279,173,92,60
950,684,-8.672415,274,166,102,60
955,693,-13.350604,271,159,114,60
959,698,-16.672241,300,155,148,60
962,702,-18.807147,323,152,159,60
967,709,-21.342396,344,149,152,60
972,713,-22.709380,337,147,145,60
978,721,-25.204755,326,141,137,60
984,726,-26.352814,313,135,128,60
989,731,-26.930129,306,130,123,60
997,738,-29.238894,298,127,116,60
1002,742,-31.621535,289,125,111,60
1007,747,-34.026582,275,123,104,60
1015,752,-38.669472,261,126,99,60
1020,755,-40.868135,255,127,96,60
1029,760,-44.303845,247,128,93,60
1035,764,-46.204547,240,131,92,60
1041,767,-48.268437,230,130,87,60
1049,770,-54.192090,226,141,87,60
1054,772,-57.163129,219,157,87,60
1062,774,-63.620988,216,176,89,60
1068,776,-68.948364,216,217,93,60
1073,776,-77.449888,221,202,102,60
1078,776,-83.464783,237,187,120,60
1087,776,-95.468275,268,180,148,60
1092,775,-102.561674,319,177,195,60
1101,773,-110.446250,369,176,188,60
1110,770,-116.870312,370,175,171,60
1117,768,-117.121609,370,173,161,60
1124,766,-117.620594,370,162,149,60
1135,763,-114.839743,370,152,142,60
1143,760,-115.544287,370,141,135,60
1150,758,-117.196675,370,132,123,60
1160,755,-119.277504,357,124,116,60
1170,751,-121.585699,370,119,106,60
1176,748,-124.110506,370,113,97,60
1182,745,-122.949686,370,104,89,60
1191,741,-127.286986,370,102,83,60
1197,738,-132.288082,370,100,75,60
1204,732,-136.066041,370,96,71,60
1209,729,-139.117523,370,99,65,60
1215,724,-150.960287,370,119,66,60
1218,720,-154.852376,370,120,63,60
1218,718,-163.097837,370,225,76,60
1217,717,-174.803953,370,370,86,60
1216,716,141.517349,370,370,106,60
1215,715,176.461636,370,370,117,60
1213,710,172.272358,370,370,140,60
1210,703,170.036179,370,370,154,60
1207,699,164.029113,370,370,168,60
1203,694,163.464482,370,370,206,60
1200,689,158.521914,370,370,261,60
1194,681,156.293424,370,370,245,60
1189,675,158.933067,370,370,343,60
1184,669,150.563128,370,370,370,60
1180,664,159.109421,370,370,310,60
1174,655,161.252404,370,370,350,60
1171,650,163.414362,370,370,279,60
1169,643,167.066202,370,370,210,60
1168,639,177.073105,365,370,196,60
1168,635,171.818690,370,370,214,60
1169,628,-175.062844,370,168,107,60
1170,622,-178.087335,370,370,171,60
1171,615,-176.846053,370,370,145,60
1173,604,-171.570331,370,370,142,60
1175,597,-169.211272,370,370,152,60
1176,590,-172.664191,370,370,145,60
1177,579,-176.335994,370,370,155,60
1177,572,-170.787067,370,370,138,60
1178,565,-179.326119,370,370,161,60
1178,555,-170.769300,370,370,152,60
1178,547,-174.150004,370,176,102,60
1178,537,179.190594,370,370,182,60
1178,530,179.301439,370,370,173,60
1178,520,174.726836,370,370,175,60
1177,514,171.642972,370,370,172,60
1176,507,168.520700,337,370,219,60
1175,496,170.041366,336,370,220,60
1174,488,168.425061,340,370,216,60
1173,477,167.290143,336,370,221,60
1172,469,169.193323,333,361,226,60
1170,457,176.696911,358,348,196,60
1169,449,167.377845,317,349,251,60
1168,441,166.271133,314,336,255,60
1167,428,170.030452,347,320,210,60
1166,420,169.682369,337,312,220,60
1166,412,167.165384,310,312,265,60
1166,405,-172.531300,298,176,110,60
1166,393,136.605284,293,206,114,60
1166,385,-176.395923,279,196,113,60
1167,374,-168.665728,333,265,158,60
1167,367,-178.893718,344,252,172,60
1168,357,-169.299123,313,247,158,60
1168,351,179.247215,357,237,200,60
1167,341,178.587592,333,229,185,60
1166,333,168.714231,326,222,189,60
1165,326,178.696783,307,211,189,60
1164,318,167.804256,317,208,243,60
1163,306,177.193084,319,200,234,60
1162,298,178.491749,269,183,196,60
1160,290,178.129136,257,175,197,60
1159,280,177.799044,245,168,197,60
1157,273,177.453963,238,162,202,60
1156,267,177.095985,231,155,207,60
1153,256,177.106559,214,145,196,60
1151,248,167.893102,203,137,185,60
1149,241,166.789567,235,130,149,60
1146,229,176.235885,178,118,158,60
1144,222,175.523847,165,110,147,60
1142,214,174.154960,157,100,128,60
1138,204,172.872347,147,94,120,60
1135,198,171.333570,140,84,103,60
1131,189,168.933629,134,79,94,60
1127,184,166.358831,131,73,85,60
1124,178,164.876620,127,66,73,60
1119,171,162.481085,124,62,68,60
1116,166,161.108588,123,58,62,60
1111,162,156.347682,117,52,54,60
1110,161,145.940722,185,57,52,60
1109,162,132.276411,196,83,56,60
1109,163,117.396428,200,135,66,60
1110,165,91.363513,228,192,89,60
1111,165,70.598951,370,202,199,60
1113,166,50.810890,370,238,199,60
1110,168,46.853245,370,264,199,60
1106,171,40.873543,370,370,196,60
1100,176,37.252941,370,370,195,60
1095,180,33.932500,370,370,190,60
1089,185,32.082266,370,370,188,60
1084,189,31.120687,370,370,182,60
1076,197,30.109674,370,370,179,60
1070,202,29.775399,370,370,169,60
1063,209,29.748896,370,370,165,60
1058,214,28.613938,370,370,159,60
1050,221,28.408718,370,370,154,60
1046,226,26.290888,370,370,151,60
1041,232,24.163217,370,370,147,60
1034,240,23.471291,370,370,142,60
1030,245,22.156356,370,370,140,60
1026,250,19.912110,370,363,138,60
1021,256,18.186533,370,370,135,60
1016,264,15.409968,370,370,134,60
1013,269,12.841570,370,370,135,60
1011,275,10.133099,370,370,370,60
1008,280,8.280204,370,370,370,60
1005,288,6.564524,370,370,370,60
1003,294,5.988033,370,370,370,60
1000,299,7.159124,370,370,370,60
996,306,9.683234,370,370,370,60
993,311,14.218667,370,370,370,60
990,315,18.688569,370,286,370,60
985,320,23.078932,370,290,370,60
980,325,33.139772,370,370,79,60
976,328,39.323469,370,370,71,60
971,330,45.704974,370,370,59,60
964,334,53.469911,370,370,52,60
953,338,54.577769,262,370,38,60
945,342,50.963248,282,370,31,60
930,351,46.500449,370,370,23,60
921,356,41.382721,370,370,370,60
910,363,39.047426,370,370,370,60
902,369,35.823098,370,370,370,60
895,375,29.804093,370,370,370,60
889,380,33.188774,370,370,370,60
885,383,36.823035,370,370,370,60
880,386,42.238633,207,370,361,60
874,389,50.706886,370,370,350,60
869,391,59.061671,370,370,348,60
863,393,64.277430,370,370,348,60
858,394,68.389721,370,345,362,60
849,396,71.338922,370,341,351,60
843,397,73.065676,370,327,354,60
837,398,75.175186,370,315,350,60
828,398,84.745758,370,299,370,60
821,398,89.423258,370,290,370,60
815,397,98.419403,351,284,370,60
806,395,106.557543,319,285,350,60
800,394,111.862913,295,291,326,60
794,392,116.946551,276,295,309,60
786,388,123.377624,266,302,298,60
780,385,130.665168,254,332,281,60
775,382,133.243785,248,342,276,60
766,377,136.533965,243,343,272,60
761,372,140.902461,238,341,265,60
755,368,140.253078,233,338,261,60
747,362,142.960366,228,323,257,60
741,357,143.935133,224,308,252,60
732,350,142.297310,220,287,247,60
727,344,148.981200,216,276,243,60
721,338,151.603265,212,258,235,60
712,330,150.152259,202,257,230,60
706,324,148.859698,202,241,226,60
700,318,153.627835,192,230,217,60
692,309,154.861994,189,220,213,60
685,302,151.905988,175,215,199,60
680,296,152.270720,169,208,193,60
671,287,150.660875,157,216,183,60
666,281,146.712842,152,203,178,60
660,276,147.489530,142,196,169,60
652,269,148.301812,138,190,165,60
647,264,146.983763,131,189,159,60
642,259,146.788821,124,178,152,60
634,252,142.534921,114,183,147,60
628,247,143.894901,107,170,140,60
620,241,140.253168,97,152,134,60
614,237,129.654616,90,133,130,60
606,232,131.152514,83,118,127,60
601,229,129.752746,75,96,125,60
595,226,125.362202,68,82,125,60
586,222,121.584786,61,71,124,60
581,220,119.178737,56,63,124,60
575,217,116.109403,49,54,124,60
566,214,117.821606,41,43,121,60
560,212,110.945067,34,34,83,60
555,211,107.638577,27,27,65,60
546,209,106.227751,18,17,31,60
541,208,98.055693,10,7,13,60
536,208,97.580612,3,2,4,60
532,209,75.079463,0,0,0,60
532,210,57.688194,0,0,0,60
533,211,34.577270,370,15,10,60
533,212,21.318521,370,32,16,60
534,213,11.725758,370,81,25,60
534,214,1.606298,370,352,37,60
535,214,-0.045639,370,370,44,60
536,215,-3.292308,370,370,51,60
538,214,-12.369415,370,370,71,60
542,220,-18.472470,370,370,90,60
549,227,-21.927746,370,370,141,60
561,240,-22.934444,370,370,152,60
568,248,-25.591007,370,370,227,60
576,255,-33.031610,274,370,370,60
581,258,-37.697196,262,370,370,60
587,262,-42.238557,248,370,370,60
596,267,-44.838476,241,370,370,60
601,271,-42.777560,234,370,370,60
608,276,-35.932093,231,370,370,60
613,280,-30.836559,233,370,370,60
617,285,-23.840602,370,370,355,60
622,291,-19.435702,370,370,327,60
624,296,-13.592227,370,370,245,60
626,300,-9.897926,370,370,221,60
629,308,-4.514193,370,370,202,60
630,314,-2.198361,370,370,189,60
632,324,-1.192123,370,370,188,60
634,332,-1.266751,370,370,188,60
635,339,-1.683700,370,370,192,60
637,346,-2.133267,370,370,196,60
640,357,-3.059013,370,370,202,60
642,364,-3.220163,370,370,207,60
644,371,-3.808238,324,370,214,60
646,378,-2.916676,309,370,214,60
649,389,-3.740461,299,370,219,60
651,397,-4.295376,292,370,226,60
655,407,-4.480166,275,370,231,60
657,414,-4.861429,268,370,238,60
660,421,-4.222841,257,370,241,60
664,433,-4.375008,251,370,247,60
666,440,-3.629097,250,370,248,60
670,452,-3.635247,247,370,250,60
672,460,-3.355399,245,370,252,60
674,468,-4.101633,241,370,257,60
678,479,-4.612823,235,370,264,60
681,487,-4.469562,227,362,275,60
683,495,-4.036925,226,350,275,60
685,503,-3.604925,224,342,276,60
689,515,-2.902016,224,334,276,60
690,522,-2.308997,223,325,276,60
692,530,-1.904742,223,318,276,60
694,541,-1.189293,224,307,274,60
695,549,-0.494848,224,295,272,60
695,556,-0.254142,226,288,271,60
696,568,-0.074204,226,280,271,60
697,575,-0.099244,224,269,272,60
697,582,-0.023014,224,262,272,60
697,594,-0.124362,224,254,272,60
697,601,-0.138681,224,243,274,60
697,609,0.029647,224,235,272,60
697,617,0.047364,224,227,272,60
696,629,0.176038,226,219,269,60
695,636,0.328530,227,211,269,60
695,642,0.036881,227,202,269,60
696,648,-0.478782,224,196,274,60
697,652,-1.420515,219,192,265,60
699,657,-4.780543,209,188,251,60
700,660,-8.990888,193,187,234,60
704,664,-15.539823,171,188,212,60
706,666,-22.167869,151,194,196,60
711,670,-28.597156,137,206,186,60
715,673,-33.522613,130,211,182,60
721,677,-33.872419,120,207,175,60
730,684,-34.169164,114,200,171,60
736,689,-34.725340,104,180,162,60
745,695,-36.910926,97,164,158,60
751,700,-38.274025,90,144,154,60
760,705,-42.702407,79,119,148,60
766,708,-45.227742,69,93,147,60
772,711,-49.413279,62,81,144,60
778,714,-50.787530,55,70,141,60
787,719,-47.808853,49,64,138,60
789,722,-35.565857,49,83,130,60
790,724,-24.291841,56,126,131,60
791,726,-8.705467,68,122,140,60
790,728,-1.560836,89,116,158,60
789,732,0.197019,94,114,161,60
788,739,0.510161,97,105,149,60
787,749,0.529372,99,99,141,60
786,756,0.345487,99,92,131,60
786,762,0.051584,99,82,116,60
786,768,0.015219,99,76,107,60
787,777,-0.222151,99,70,99,60
787,783,-0.684734,90,64,90,60
788,789,-1.459038,82,57,79,60
790,794,-2.731629,73,50,68,60
792,802,-5.350054,69,45,59,60
794,806,-7.138393,63,40,52,60
796,810,-11.562212,62,35,41,60
799,812,-23.829193,52,37,38,60
801,812,-38.833944,41,43,38,60
802,810,-68.267160,30,32,49,60
803,809,-95.025133,35,23,31,60
804,807,-125.019358,140,33,28,60
804,806,-144.626265,370,57,35,60
803,805,-163.025856,370,112,45,60
803,804,-174.270982,370,370,63,60
801,804,-177.570919,370,370,72,60
800,806,173.515939,370,370,96,60
798,804,171.939264,361,370,103,60
795,794,172.745055,350,370,111,60
790,783,169.791895,344,370,120,60
787,777,167.026158,331,370,134,60
784,772,165.028322,313,370,370,60
779,765,161.122821,305,370,370,60
776,760,160.153340,298,370,370,60
772,756,155.096968,272,370,370,60
768,751,155.319425,268,370,370,60
762,744,157.101386,266,370,370,60
756,736,157.383942,258,370,362,60
752,731,158.967684,258,370,362,60
748,725,160.703384,259,370,370,60
743,716,166.629908,259,370,370,60
740,710,167.240658,271,370,370,60
735,700,169.631884,268,370,370,60
733,694,172.895799,278,370,370,60
730,684,172.072147,274,370,370,60
728,677,174.283866,274,370,370,60
725,667,173.908721,278,370,370,60
724,660,175.925161,285,370,370,60
723,654,175.676429,278,370,370,60
722,647,174.721916,279,370,370,60
721,637,175.606733,279,370,370,60
721,631,177.139908,283,370,370,60
722,621,-174.138546,370,370,370,60
723,614,-177.083128,324,370,370,60
724,607,-175.869194,324,370,370,60
725,601,-177.546183,329,370,370,60
727,591,-175.824653,336,370,370,60
729,584,-175.033609,353,370,370,60
732,574,-173.533261,360,370,370,60
735,567,-173.023727,370,370,370,60
738,561,-170.557034,370,370,370,60
743,551,-170.018671,370,370,370,60
746,545,-168.136969,370,370,370,60
751,536,-168.672248,370,370,370,60
754,531,-166.455045,370,370,370,60
760,522,-163.296981,370,341,370,60
767,515,-159.334591,370,232,370,60
772,510,-156.207590,370,194,370,60
777,505,-151.886736,370,158,370,60
785,499,-146.565062,370,121,370,60
790,495,-141.887870,370,124,370,60
796,491,-136.827987,370,370,370,60
802,488,-132.264342,370,370,370,60
811,483,-127.799912,227,370,370,60
817,481,-127.211202,131,370,370,60
823,478,-125.849708,90,370,370,60
833,474,-122.694839,89,370,370,60
839,472,-119.031368,89,370,370,60
846,470,-114.340239,370,370,370,60
856,468,-107.340381,370,370,370,60
863,467,-103.282253,370,370,370,60
870,466,-100.820133,370,370,370,60
877,466,-98.038016,370,370,370,60
884,465,-93.476548,370,370,370,60
894,466,-85.632521,370,370,370,60
901,466,-82.443279,370,366,370,60
911,467,-78.069798,370,362,370,60
917,468,-76.207842,370,358,370,60
927,470,-71.985076,370,357,370,60
933,472,-67.987347,370,357,370,60
939,474,-63.414591,345,366,370,60
949,477,-58.395557,333,370,370,60
955,480,-54.831347,323,370,370,60
961,483,-51.177096,310,370,370,60
968,486,-48.194696,303,370,368,60
976,491,-43.789644,299,370,364,60
982,495,-41.576980,292,370,357,60
991,501,-36.018016,289,370,354,60
996,505,-32.891345,288,370,351,60
1004,512,-29.250780,285,370,348,60
1012,519,-28.328277,281,370,344,60
1017,524,-27.240059,276,367,340,60
1022,529,-26.016181,274,354,336,60
1029,536,-23.850350,271,345,333,60
1033,542,-20.729418,272,333,331,60
1039,551,-17.181333,275,314,331,60
1043,557,-14.895152,281,302,319,60
1047,563,-12.720712,283,289,305,60
1050,569,-11.106967,286,281,295,60
1056,579,-10.236541,282,273,299,60
1060,586,-9.588913,281,262,299,60
1066,597,-9.368003,276,254,303,60
1070,605,-9.666364,268,243,293,60
1074,612,-11.075459,258,237,279,60
1080,623,-11.710773,251,230,269,60
1084,630,-12.023229,245,224,259,60
1088,636,-12.976667,234,214,245,60
1094,646,-14.164909,224,209,234,60
1098,653,-13.137895,223,197,226,60
1102,659,-12.696842,219,190,219,60
1108,669,-12.785048,213,184,210,60
1112,675,-13.401415,207,178,202,60
1118,683,-15.006690,197,171,190,60
1122,689,-16.266537,186,163,178,60
1128,697,-17.114509,180,158,171,60
1133,703,-19.099222,168,151,158,60
1139,710,-22.251553,159,148,151,60
1143,715,-24.241818,152,145,144,60
1148,719,-26.829360,144,144,138,60
1155,725,-31.993882,130,144,130,60
1160,729,-37.232269,117,151,123,60
1167,733,-44.038786,110,160,120,60
1171,735,-48.461256,100,135,118,60
1179,739,-53.255550,94,120,118,60
1184,741,-57.138335,90,106,120,60
1189,742,-60.922846,82,90,121,60
1197,744,-68.181003,78,80,125,60
1202,745,-72.596831,73,71,131,60
1207,746,-78.333119,69,59,106,60
1216,746,-84.834751,65,52,83,60
1221,746,-88.875051,63,46,66,60
1226,746,-94.814316,58,38,51,60
1234,745,-101.089930,54,31,37,60
1239,743,-116.034896,59,28,30,60
1240,742,-129.938072,141,35,30,60
1239,741,-153.493184,370,59,37,60
1238,740,-163.746285,370,161,54,60
1237,740,-174.209103,370,370,69,60
1236,740,138.050717,370,370,71,60
1235,741,175.227885,370,370,97,60
1231,729,171.130375,370,370,113,60
1228,722,167.743176,370,370,134,60
1223,715,164.697563,370,370,135,60
1220,711,163.344951,370,370,171,60
1217,706,155.967178,370,370,190,60
1213,702,157.596166,370,370,238,60
1207,696,154.128496,370,370,321,60
1203,692,149.404372,370,370,370,60
1195,686,147.325640,292,370,370,60
1190,681,145.174321,370,370,370,60
1184,677,141.111619,275,370,370,60
1176,669,147.406963,370,370,370,60
1167,661,153.137126,370,370,370,60
1162,656,148.698389,370,370,370,60
1157,651,152.906538,370,370,370,60
1152,645,153.369723,370,370,370,60
1144,637,149.883078,370,370,370,60
1139,632,157.109294,370,370,370,60
1131,623,153.957604,370,370,370,60
1127,617,160.931759,370,370,370,60
1122,611,161.598842,370,370,370,60
1118,604,162.588677,370,370,370,60
1112,595,160.510622,370,370,370,60
1108,589,165.341733,370,370,370,60
1105,582,163.880898,370,370,370,60
1100,572,163.923058,370,370,370,60
1097,565,166.198282,370,370,370,60
1094,558,167.417771,370,370,370,60
1091,548,169.319561,370,370,370,60
1088,540,168.994588,254,370,324,60
1086,533,170.929407,234,370,361,60
1082,522,170.180609,226,370,370,60
1081,515,168.474882,220,370,370,60
1078,503,167.637209,221,370,370,60
1076,495,171.216949,219,370,370,60
1075,488,171.151795,217,370,370,60
1073,480,167.200934,209,370,370,60
1072,469,170.858955,213,365,370,60
1071,461,170.396217,209,358,370,60
1071,454,170.428328,214,344,370,60
1070,443,169.540871,210,337,370,60
1070,436,169.779626,209,330,370,60
1070,428,168.302161,206,320,370,60
1070,417,133.028209,274,307,295,60
1070,409,-178.129952,350,307,254,60
1071,401,169.114619,159,236,293,60
1070,395,178.997082,245,280,326,60
1068,386,171.982211,245,275,326,60
1067,380,172.740801,217,267,334,60
1065,369,177.153050,213,260,320,60
1064,361,171.949619,233,250,338,60
1061,351,158.713648,202,242,290,60
1059,341,168.159006,192,232,269,60
1057,329,167.867403,190,224,259,60
1056,321,173.410345,212,211,272,60
1054,309,171.927715,207,199,257,60
1052,302,168.972692,189,195,231,60
1050,296,173.728920,197,182,231,60
1048,285,167.640596,207,173,230,60
1045,277,174.935538,178,170,199,60
1043,270,175.278283,196,160,207,60
1041,263,174.946274,192,149,193,60
1037,253,172.373979,180,142,178,60
1034,247,172.979324,176,133,168,60
1030,238,170.999250,169,128,157,60
1027,232,169.271551,158,120,142,60
1022,224,166.774787,147,116,131,60
1017,217,164.357817,138,109,121,60
1013,212,163.082474,131,104,114,60
1007,205,160.345738,118,100,103,60
1003,201,158.277712,113,96,99,60
1000,197,153.167283,100,95,90,60
996,193,147.679867,92,97,85,60
989,189,139.021970,82,104,83,60
985,187,133.337457,72,100,82,60
978,184,123.243131,66,81,83,60
974,183,112.706441,61,66,89,60
969,183,96.430006,59,51,89,60
965,184,84.438638,68,44,58,60
960,185,68.257877,96,45,48,60
957,187,58.106445,134,46,42,60
954,189,47.921177,370,54,41,60
953,190,35.070033,370,76,45,60
953,192,17.760877,370,123,52,60
953,193,7.552774,370,370,66,60
954,194,1.476658,370,370,85,60
956,194,-0.493426,370,370,90,60
957,194,-3.945948,370,370,103,60
959,200,-7.166650,370,370,113,60
961,203,-10.948547,370,370,125,60
963,206,-16.312217,368,370,370,60
968,209,-27.818949,338,370,370,60
971,211,-36.862010,314,370,370,60
974,213,-46.339884,298,370,370,60
979,215,-51.256367,293,370,370,60
989,219,-53.564233,286,359,370,60
996,222,-52.920652,279,346,370,60
1003,225,-53.371396,269,332,370,60
1014,230,-54.798737,262,320,370,60
1021,233,-55.885539,257,305,370,60
1027,235,-59.489463,248,281,370,60
1032,236,-66.953573,251,255,370,60
1038,236,-79.129320,272,231,370,60
1044,236,-91.297956,241,223,347,60
1048,235,-102.498412,171,221,258,60
1051,234,-112.310645,149,232,234,60
1055,233,-122.805089,135,247,219,60
1062,229,-129.475472,125,197,210,60
1067,226,-131.796466,121,181,204,60
1076,221,-133.041472,117,171,199,60
1082,218,-135.087222,111,158,190,60
1087,214,-136.881136,107,147,186,60
1095,209,-140.608690,104,140,180,60
1100,205,-144.431856,97,119,178,60
1107,199,-147.546798,93,123,169,60
1111,194,-140.779871,89,117,166,60
1116,190,-143.643819,85,110,161,60
1122,182,-146.622212,78,80,171,60
1126,178,-157.756912,72,87,154,60
1130,172,-148.377622,63,72,152,60
1135,165,-153.699007,58,63,152,60
1138,160,-155.172129,54,53,121,60
1140,154,-158.062644,45,44,106,60
1143,146,-161.996145,39,37,79,60
1145,141,-165.538389,31,28,54,60
1147,133,-164.583119,27,22,35,60
1148,128,-165.754211,17,14,27,60
1148,122,143.505071,13,9,13,60
1147,121,177.673323,8,6,8,60
1145,120,168.634973,8,5,7,60
1144,121,156.947117,21,9,8,60
1143,121,130.026170,230,24,16,60
1142,123,113.986826,230,37,21,60
1141,123,92.191742,259,136,37,60
1140,124,60.777664,370,231,103,60
1140,125,46.821815,370,286,227,60
1141,126,32.082411,370,370,234,60
1139,128,24.468356,370,370,250,60
1136,134,17.804742,370,370,259,60
1133,138,16.134434,353,370,266,60
1128,146,15.349357,347,370,265,60
1125,152,13.751035,338,370,265,60
1120,162,12.421702,333,370,265,60
1117,168,10.486170,321,370,266,60
1112,177,9.385402,323,370,265,60
1109,184,7.566602,313,370,268,60
1107,190,6.728877,307,370,370,60
1104,197,5.679773,305,370,370,60
1101,206,4.970659,303,370,370,60
1098,213,4.641597,305,370,370,60
1094,223,5.350916,310,370,370,60
1092,231,6.113164,324,370,370,60
1087,241,6.701606,336,370,370,60
1084,249,6.938470,344,370,370,60
1081,256,7.524721,355,370,370,60
1076,268,8.436995,367,370,370,60
1073,275,9.143190,370,370,370,60
1069,283,9.007442,370,370,370,60
1064,294,8.798855,370,370,370,60
1060,301,8.710923,370,370,370,60
1055,312,8.652287,370,370,370,60
1052,319,8.640880,370,370,370,60
1046,329,10.532304,370,370,370,60
1042,336,11.633526,370,370,370,60
1038,343,13.179692,370,370,370,60
1032,353,14.432377,370,370,370,60
1028,360,15.029593,370,370,370,60
1023,366,14.591731,370,370,370,60
1016,377,17.064114,370,370,370,60
1011,384,17.852481,370,370,370,60
1004,394,17.685486,370,346,370,60
999,400,17.291005,370,343,370,60
992,410,16.929498,370,327,370,60
988,416,16.469045,370,307,370,60
985,421,13.420308,370,329,370,60
982,426,9.945342,370,370,370,60
980,432,5.364102,370,370,370,60
979,435,2.895402,370,370,370,60
979,438,1.007218,370,370,370,60
978,446,0.713887,370,370,370,60
977,453,0.851139,370,370,370,60
976,461,0.968566,370,370,370,60
974,472,0.988470,370,370,370,60
973,480,1.316353,370,368,157,60
971,492,1.606732,370,352,135,60
969,504,2.024664,370,344,124,60
967,512,1.816091,370,336,113,60
966,519,1.354317,370,325,103,60
965,528,0.255697,370,319,103,60
965,533,0.005835,370,314,104,60
966,540,-0.833189,370,306,107,60
967,543,-2.927128,370,303,111,60
968,546,-5.910394,370,300,125,60
971,550,-11.367292,370,299,142,60
973,552,-16.553668,355,305,188,60
975,554,-21.795659,336,314,237,60
979,557,-32.599765,316,331,305,60
982,559,-40.585548,298,370,293,60
986,560,-48.735484,285,370,293,60
993,564,-53.344637,282,357,293,60
999,567,-56.386717,275,325,295,60
1010,570,-57.411963,268,314,295,60
1016,573,-59.496502,259,293,295,60
1023,576,-59.329497,252,285,290,60
1034,579,-59.883081,245,277,289,60
1041,581,-59.453964,238,268,288,60
1048,584,-59.925292,231,260,283,60
1058,587,-60.872035,221,245,283,60
1065,589,-61.300141,210,231,281,60
1076,593,-61.412231,199,218,278,60
1087,596,-63.577047,193,207,278,60
1094,598,-64.325693,183,192,278,60
1105,601,-68.670929,179,179,283,60
1112,602,-71.564215,171,162,292,60
1120,604,-73.603707,165,151,298,60
1130,606,-75.987972,158,144,282,60
1138,607,-74.696003,151,136,265,60
1145,608,-76.367825,140,123,230,60
1152,609,-73.512222,128,118,234,60
1163,611,-75.726900,120,110,219,60
1170,612,-76.412894,114,101,190,60
1177,613,-78.036969,104,90,161,60
1187,614,-82.011421,97,82,142,60
1193,614,-85.189022,92,71,111,60
1203,613,-88.297920,85,64,99,60
1210,614,-91.082067,78,54,75,60
1216,613,-93.113646,72,48,65,60
1221,612,-99.239957,73,44,54,60
1229,611,-105.232696,72,39,44,60
1233,609,-115.123041,96,37,37,60
1235,608,-128.571770,281,45,35,60
1236,606,-150.719153,370,64,39,60
1236,604,-160.985581,370,144,54,60
1235,604,-174.165737,370,370,71,60
1233,604,134.355483,370,370,73,60
1233,604,176.695415,370,370,90,60
1229,590,168.442701,370,370,127,60
1227,583,170.381202,370,370,127,60
1225,577,172.906646,370,370,118,60
1223,572,166.632900,370,370,145,60
1220,565,169.207617,370,370,142,60
1217,560,166.039128,369,370,165,60
1211,554,159.396791,348,370,202,60
1208,550,154.495191,370,370,243,60
1203,547,142.554524,370,370,341,60
1197,542,138.394022,370,370,370,60
1192,539,137.835791,370,370,370,60
1186,535,130.063079,370,355,370,60
1177,530,127.009835,370,370,370,60
1170,526,129.941188,370,342,370,60
1163,521,137.335407,370,365,370,60
1152,515,138.583231,370,328,370,60
1146,510,136.140280,370,336,370,60
1139,505,141.302317,370,366,370,60
1129,498,136.361599,370,347,370,60
1122,494,142.731047,370,325,370,60
1116,489,136.964684,370,298,370,60
1106,481,138.848397,370,303,370,60
1099,477,138.702886,370,283,369,60
1093,472,143.812024,370,308,367,60
1084,465,144.887112,370,276,360,60
1078,460,137.361465,370,264,354,60
1069,452,146.428111,370,299,351,60
1064,449,142.339344,370,270,344,60
1060,446,136.888896,370,231,340,60
1056,444,130.241711,370,187,340,60
1049,442,122.700906,370,167,345,60
1043,440,120.214417,370,151,350,60
1036,438,119.771394,370,137,350,60
1026,434,119.807070,370,130,347,60
1019,432,114.591427,370,113,288,60
1010,430,112.681845,370,118,243,60
1003,429,105.823132,370,370,180,60
996,428,103.462168,370,370,133,60
989,427,99.376770,370,370,117,60
982,426,101.657135,370,370,111,60
972,426,95.647150,370,370,90,60
966,426,85.627757,370,370,72,60
961,426,80.001199,370,370,370,60
956,428,65.491231,370,370,370,60
946,431,61.924159,180,370,370,60
937,435,55.558323,166,370,370,60
926,439,52.528901,161,370,370,60
919,442,54.457877,158,370,370,60
908,447,57.192421,157,370,370,60
900,450,60.074696,370,370,370,60
889,453,61.521278,370,370,370,60
881,456,63.825804,370,370,368,60
870,459,65.778324,370,370,362,60
861,462,66.581358,370,359,354,60
849,465,68.299396,370,347,347,60
841,467,68.070752,370,333,336,60
829,470,64.450308,370,329,323,60
821,472,64.960118,370,324,312,60
813,475,65.202746,370,311,299,60
801,477,65.931690,370,301,290,60
793,479,68.756144,370,283,290,60
786,481,71.089474,370,275,282,60
785,481,73.931510,370,262,288,60
786,481,74.237638,370,262,288,60
785,481,74.297794,370,263,286,60
785,481,74.350071,370,262,289,60
785,481,73.735147,370,267,283,60
785,481,73.650028,370,263,288,60
786,481,73.643821,370,263,288,60
785,481,73.835842,370,263,286,60
786,481,73.672812,370,264,288,60
785,481,73.806063,370,262,288,60
785,481,74.582150,370,265,283,60
785,481,74.160950,370,262,288,60
785,481,73.624789,370,264,288,60
786,481,72.834141,370,263,289,60
785,481,73.701364,370,262,289,60
785,481,74.634086,370,262,288,60
785,481,73.779752,370,263,288,60
785,481,73.818038,370,262,288,60
785,481,73.814737,370,263,288,60
785,481,74.221573,370,263,288,60
786,481,71.773026,370,262,288,60
785,481,73.623955,370,263,286,60
785,481,74.172773,370,262,288,60
785,481,73.909717,370,263,286,60
785,481,70.917100,370,262,288,60
785,481,74.075565,370,263,286,60
785,481,74.439880,370,262,288,60
785,481,72.964383,370,264,285,60
785,481,73.726662,370,263,288,60
785,481,73.317540,370,263,288,60
785,481,74.667685,370,261,289,60
785,481,73.503443,370,262,288,60
785,481,73.986557,370,262,288,60
785,481,74.313670,370,262,288,60
785,481,74.689183,370,254,312,60
785,481,73.599323,370,266,282,60
785,481,74.252873,370,262,288,60
786,481,74.136369,370,263,289,60
785,481,73.711391,370,263,288,60
786,481,74.034215,370,262,288,60
785,481,73.951068,370,263,286,60
785,481,73.944745,370,262,288,60
786,481,74.190553,370,262,288,60
785,481,73.782199,370,265,283,60
785,481,73.777437,370,266,285,60
786,481,71.956048,370,266,285,60
786,481,74.092466,370,263,289,60
785,481,74.564060,370,262,289,60
785,481,71.666099,370,263,289,60
785,481,72.852426,370,269,281,60
785,481,73.903785,370,263,286,60
785,481,74.516302,370,262,289,60
785,481,74.313540,370,263,290,60
785,481,73.844344,370,263,288,60
785,481,73.570707,370,268,279,60
786,481,73.949190,370,262,288,60
786,481,71.407068,370,267,283,60
785,481,74.534144,370,262,289,60
786,481,71.578024,370,263,289,60
785,481,74.227814,370,262,288,60
785,481,74.539583,370,262,289,60
785,481,73.698765,370,263,288,60
785,481,74.644410,370,261,289,60
785,481,74.519488,370,262,289,60
786,481,72.299829,370,262,288,60
785,481,73.642774,370,267,282,60
785,481,74.019466,370,262,288,60
785,481,73.871113,370,262,288,60
786,481,73.664371,370,264,288,60
785,481,74.536283,370,262,289,60
785,481,73.863827,370,263,288,60
786,481,73.933326,370,263,289,60
785,481,73.506871,370,264,289,60
786,481,74.373300,370,263,289,60
786,481,73.816622,370,262,288,60
786,481,74.360408,370,262,288,60
785,481,73.717981,370,263,286,60
785,481,73.358797,370,263,286,60
785,481,73.730591,370,263,286,60
785,481,73.804596,370,261,289,60
785,481,73.872033,370,263,286,60
786,481,73.818068,370,264,288,60
785,481,74.501380,370,263,286,60
785,481,73.821344,370,264,288,60
785,481,73.855169,370,262,288,60
785,481,73.773198,370,262,288,60
785,481,73.911588,370,262,288,60
786,481,74.334488,370,262,288,60
785,481,73.826328,370,263,289,60
785,481,73.950774,370,263,286,60
785,481,73.888009,370,262,288,60
786,481,73.888779,370,263,288,60
785,481,73.757580,370,263,286,60
