645,793,-178.575222,213,370,370,60
645,792,-177.952469,204,370,370,60
649,770,-173.226763,210,370,370,60
652,753,-174.608575,230,370,370,60
655,736,-169.941792,259,370,370,60
660,709,-176.303301,250,370,370,60
664,691,-172.034014,268,370,370,60
670,663,-172.508283,268,370,370,60
675,640,-150.372019,285,370,370,60
681,618,-173.251001,290,370,370,60
686,599,-172.905430,300,370,370,60
691,581,-169.720695,336,370,370,60
699,554,-170.789776,326,370,370,60
704,536,-171.210090,338,370,370,60
710,518,-172.278097,345,370,192,60
719,491,-170.097424,370,370,370,60
726,473,-163.245447,370,370,149,60
732,456,-171.610546,370,345,148,60
742,429,-170.118619,365,340,121,60
749,411,-170.407150,362,301,125,60
760,385,-163.504713,316,294,102,60
767,369,-170.622632,296,274,93,60
772,357,-172.747995,302,245,99,60
777,343,-166.139495,290,236,96,60
780,335,-164.899607,275,228,89,60
783,328,-167.510718,252,219,79,60
786,320,-166.657334,241,211,73,60
789,310,-167.593372,233,205,71,60
792,298,-166.368649,221,194,68,60
795,289,-172.275442,226,180,73,60
797,280,-166.275429,193,171,61,60
800,266,-169.594412,210,156,75,60
802,258,-166.444909,175,151,58,60
803,249,-171.566098,166,136,61,60
805,240,-170.962388,154,127,56,60
806,227,-167.830179,137,120,51,60
807,219,-167.613663,130,111,51,60
807,211,-166.936361,123,102,54,60
807,200,140.773504,117,88,63,60
807,191,147.438850,86,55,32,60
807,185,176.679562,107,70,79,60
806,183,173.166743,109,69,86,60
804,183,160.508965,137,71,80,60
803,183,148.963180,204,78,75,60
802,183,135.481311,276,106,76,60
802,185,108.894509,285,191,90,60
803,186,86.220871,370,269,152,60
803,187,61.866556,370,306,285,60
804,188,42.737282,370,370,279,60
800,192,32.746067,370,370,285,60
792,199,32.519849,370,370,285,60
789,201,40.732265,370,370,271,60
786,202,50.689514,370,337,259,60
780,204,61.361300,370,292,259,60
775,204,73.226623,370,254,274,60
769,204,85.796337,361,236,186,60
765,204,98.713711,289,234,142,60
761,202,107.481643,258,239,123,60
755,200,121.666183,237,216,106,60
750,197,130.152929,227,169,97,60
746,194,138.760954,223,115,86,60
737,188,136.706637,212,111,82,60
731,183,137.634887,207,102,76,60
722,177,136.999118,200,98,72,60
715,173,132.917312,189,98,68,60
707,168,128.626504,183,107,66,60
701,166,124.213965,178,101,63,60
699,166,114.175290,179,163,73,60
697,167,87.536405,209,165,99,60
697,168,61.496864,370,187,175,60
697,170,35.917586,370,246,172,60
694,173,31.133057,370,323,179,60
689,178,28.636307,370,356,179,60
682,185,30.245306,370,334,171,60
677,189,27.963304,370,338,166,60
671,193,33.374984,370,275,154,60
664,200,32.534855,370,267,148,60
658,203,35.343917,370,259,144,60
653,207,41.169656,370,197,130,60
647,211,41.241279,370,186,123,60
637,216,47.564954,370,160,114,60
630,219,50.080696,370,134,103,60
621,223,50.421191,370,124,96,60
612,228,53.894921,370,109,89,60
605,231,57.232561,360,90,78,60
594,235,55.244012,370,84,71,60
588,238,53.511399,370,78,63,60
578,242,48.344219,370,74,58,60
574,245,41.176115,370,67,49,60
573,247,27.939349,370,113,56,60
574,248,12.543665,370,189,66,60
574,249,4.535477,370,370,83,60
575,250,-0.305009,370,370,100,60
577,251,-4.104200,370,370,106,60
579,255,-7.479282,370,370,128,60
584,264,-10.090013,370,370,140,60
587,270,-11.948308,370,370,162,60
594,279,-14.970414,370,370,180,60
598,286,-15.439448,370,370,200,60
603,293,-16.510858,370,370,224,60
607,299,-14.851670,370,370,220,60
613,309,-12.409661,370,370,220,60
616,314,-9.499802,370,370,202,60
618,322,-4.199762,370,370,178,60
619,326,-1.206124,370,370,166,60
619,331,-0.213374,360,370,164,60
618,337,0.758873,351,370,159,60
617,343,2.270713,347,370,155,60
614,352,3.876535,361,370,147,60
612,358,4.549469,370,370,141,60
610,365,4.718265,370,370,138,60
608,372,5.105538,370,370,131,60
604,382,5.538680,370,370,128,60
602,389,6.130477,370,370,124,60
597,400,7.752084,370,370,114,60
594,407,7.107003,370,370,109,60
589,418,8.653294,370,370,103,60
585,426,9.983027,370,370,97,60
582,433,7.647796,370,370,93,60
577,443,9.151178,370,370,86,60
574,450,9.348729,370,370,80,60
571,457,9.631491,370,370,76,60
567,467,8.293604,370,370,75,60
564,474,6.547072,370,370,72,60
562,480,6.108853,370,366,71,60
559,490,4.376171,370,359,69,60
554,507,3.572583,370,343,66,60
552,516,3.151816,370,333,63,60
548,535,2.370058,370,322,61,60
546,546,1.939275,370,304,58,60
543,559,1.262134,370,291,54,60
541,569,1.922014,370,275,49,60
539,581,0.899461,365,263,48,60
537,596,0.545041,351,252,47,60
536,608,0.324900,331,236,45,60
536,621,0.005204,321,228,45,60
536,631,-0.072327,300,213,45,60
538,644,-0.315867,292,205,48,60
539,658,-1.016633,271,190,51,60
541,666,-1.590583,262,182,52,60
543,675,-2.364472,255,174,58,60
545,683,-2.603410,238,161,62,60
547,691,-3.440410,230,153,68,60
551,703,-4.973183,221,146,73,60
555,714,-3.806476,197,130,80,60
559,725,-5.130262,193,124,89,60
562,733,-6.251920,180,116,94,60
565,740,-7.126788,169,105,104,60
570,749,-9.583291,166,100,116,60
573,755,-10.786272,164,94,111,60
576,760,-13.035821,159,87,100,60
580,766,-13.405804,149,81,93,60
586,776,-14.728145,133,73,85,60
593,786,-15.157557,123,64,72,60
597,792,-13.588426,102,54,62,60
601,798,-17.243909,102,50,54,60
607,805,-19.179438,90,43,47,60
609,805,-38.657983,176,50,45,60
609,804,-59.885215,224,79,51,60
610,803,-82.198467,268,219,82,60
609,802,-104.228740,370,225,154,60
608,800,-133.900175,370,271,226,60
608,800,-147.712814,370,370,234,60
612,796,-151.574601,370,370,238,60
617,791,-151.217278,370,370,233,60
624,786,-145.758216,370,370,224,60
628,783,-138.084104,370,370,209,60
632,781,-129.219212,370,370,202,60
639,780,-111.258837,370,221,202,60
643,779,-103.165858,370,189,195,60
649,779,-86.286347,370,179,140,60
654,780,-75.886650,202,178,102,60
658,781,-65.779344,182,187,86,60
664,784,-56.718649,172,141,78,60
671,786,-54.078810,165,118,72,60
677,788,-57.813286,158,131,72,60
688,792,-61.293793,151,138,71,60
695,794,-63.528760,144,129,68,60
702,796,-66.275961,138,143,71,60
714,799,-68.229561,128,128,71,60
722,801,-68.432537,120,119,68,60
734,803,-68.512386,107,105,66,60
741,805,-70.601437,100,97,65,60
748,807,-67.514088,92,88,63,60
755,809,-52.883583,79,92,51,60
758,812,-42.482246,78,55,39,60
761,814,-34.508285,79,43,37,60
765,818,-23.588172,82,34,32,60
766,820,-20.945658,63,28,28,60
768,824,-14.686582,48,24,27,60
769,827,-10.879680,31,18,21,60
770,831,-5.306385,21,13,17,60
770,833,-0.739849,16,11,16,60
769,834,0.173960,14,10,14,60
768,835,3.090362,13,9,14,60
767,836,10.958976,10,9,14,60
765,836,29.539851,11,11,27,60
763,835,49.416216,16,20,186,60
761,835,68.358418,25,47,240,60
759,834,97.607274,52,226,303,60
758,832,117.174030,116,240,370,60
757,830,145.940983,233,343,370,60
756,828,156.556499,254,370,370,60
754,824,161.171332,266,370,370,60
752,819,168.588112,288,370,200,60
751,816,171.020649,299,370,186,60
750,812,173.679608,310,370,175,60
750,807,176.740971,323,370,164,60
750,803,178.596108,337,370,155,60
751,795,-175.900111,370,370,135,60
751,789,-178.365647,360,370,142,60
753,783,-178.105445,365,370,140,60
755,772,-177.046041,370,370,133,60
757,765,-175.952975,370,370,131,60
760,753,-175.472453,370,370,124,60
763,746,-174.417094,370,370,120,60
765,738,-172.899176,370,370,110,60
770,727,-173.423867,370,370,106,60
772,719,-173.201997,370,370,103,60
775,712,-171.988867,370,370,96,60
778,705,-173.237712,370,370,94,60
782,694,-174.259127,370,370,370,60
784,687,-173.945776,370,370,370,60
786,680,-174.795452,370,370,370,60
788,673,-174.715428,370,370,370,60
790,669,-171.793601,370,370,370,60
794,664,-165.196138,370,271,370,60
798,660,-155.464529,370,370,370,60
802,657,-147.125907,370,370,42,60
805,655,-138.785470,370,370,31,60
810,653,-128.267756,266,370,25,60
821,648,-125.398240,262,13,11,60
833,642,-130.449725,0,0,0,60
848,633,-134.344924,0,0,0,60
853,630,-143.681647,237,370,370,60
854,628,-150.507261,370,370,370,60
853,626,-168.642505,370,370,370,60
853,625,-173.645039,370,225,370,60
854,622,-173.495706,370,222,370,60
857,617,-168.970879,370,370,370,60
859,615,-165.193175,370,370,370,60
863,611,-157.341246,370,370,370,60
866,609,-150.711510,370,370,370,60
871,606,-139.771268,213,370,370,60
876,604,-126.653321,370,370,370,60
882,603,-111.607022,370,370,370,60
886,602,-101.005827,370,370,370,60
891,602,-87.128146,370,370,364,60
896,604,-73.969830,370,370,317,60
901,605,-61.399414,370,370,274,60
904,607,-53.613126,370,370,257,60
907,609,-45.876570,365,353,244,60
910,612,-36.843892,367,311,241,60
914,615,-28.359876,370,271,144,60
916,619,-20.607423,370,251,100,60
918,622,-15.211512,370,237,78,60
919,626,-10.279898,370,222,59,60
922,632,-8.068545,357,217,56,60
925,639,-7.897264,340,207,63,60
929,648,-8.197498,327,198,71,60
933,655,-9.149515,321,192,79,60
940,668,-10.213049,314,184,90,60
944,675,-11.975318,309,173,107,60
948,681,-14.318416,319,169,125,60
953,689,-18.308250,337,166,145,60
958,694,-20.269089,358,162,166,60
965,702,-22.405910,348,159,159,60
970,708,-23.075671,336,150,149,60
975,713,-21.570941,334,143,145,60
979,719,-20.586817,306,136,140,60
986,728,-17.795590,271,127,134,60
991,736,-16.722430,228,116,127,60
997,744,-13.876238,206,108,121,60
1001,751,-13.511160,186,101,114,60
1005,757,-12.851264,165,90,103,60
1009,765,-12.484376,148,82,94,60
1014,772,-11.699762,131,74,87,60
1020,782,-12.307218,121,67,78,60
1026,791,-14.323361,113,61,71,60
1030,797,-15.807346,100,53,59,60
1033,802,-18.558640,96,46,49,60
1037,806,-21.958194,100,43,44,60
1040,808,-35.978040,164,47,41,60
1041,807,-50.581943,230,74,48,60
1042,806,-75.466099,244,150,61,60
1042,805,-96.223844,299,222,90,60
1042,805,-111.847487,370,241,202,60
1042,803,-130.558712,370,297,230,60
1046,801,-135.394091,370,330,230,60
1051,797,-139.219384,370,345,227,60
1055,794,-137.600751,370,325,219,60
1062,791,-128.046889,370,293,212,60
1067,789,-121.752802,370,245,209,60
1071,788,-112.844007,370,213,210,60
1075,788,-106.116113,370,198,195,60
1081,787,-93.788966,286,186,138,60
1085,789,-82.020055,226,181,102,60
1091,790,-68.035564,200,184,86,60
1095,791,-59.800878,179,136,71,60
1100,794,-54.815765,172,109,63,60
1110,798,-53.846433,165,102,61,60
1117,801,-54.021376,158,95,56,60
1123,803,-63.151610,151,88,54,60
1125,803,-80.391942,158,149,69,60
1125,802,-98.970812,190,139,96,60
1124,801,-117.512504,370,160,151,60
1124,800,-136.107757,370,209,149,60
1128,797,-142.302294,370,240,148,60
1135,791,-143.092612,370,239,144,60
1140,786,-146.005906,370,251,142,60
1146,782,-139.647982,370,200,128,60
1155,775,-141.333537,370,182,121,60
1165,769,-139.846964,370,169,113,60
1171,764,-137.957439,370,166,107,60
1178,760,-137.093677,370,141,96,60
1184,755,-141.451701,370,146,92,60
1194,749,-141.053477,370,129,83,60
1200,745,-136.715510,370,110,76,60
1209,738,-138.541578,370,113,72,60
1215,734,-138.887841,370,95,62,60
1220,730,-140.601653,370,86,55,60
1225,726,-145.451194,370,90,52,60
1231,721,-146.760346,370,83,48,60
1237,716,-149.030180,370,83,44,60
1236,714,-163.621256,370,95,45,60
1235,714,-169.862813,370,318,65,60
1234,714,-178.910625,370,370,82,60
1232,715,174.543465,370,370,103,60
1231,716,161.200647,370,370,154,60
1229,712,160.690335,370,370,173,60
1223,705,155.436267,370,370,237,60
1219,700,154.334355,370,370,262,60
1215,694,154.527154,370,370,272,60
1209,686,160.594598,370,370,204,60
1207,681,167.738461,370,370,190,60
1205,676,164.302046,370,370,152,60
1204,671,173.510625,370,370,155,60
1204,668,171.511504,370,370,142,60
1205,664,-172.422323,370,370,102,60
1205,656,-172.657532,370,370,117,60
1205,645,-171.963519,370,370,113,60
1206,637,-178.556149,370,370,106,60
1206,630,-178.814668,370,370,114,60
1206,622,-173.389447,370,124,72,60
1206,611,-141.906457,370,370,173,60
1206,602,-143.964807,370,370,178,60
1206,594,-142.118757,370,370,189,60
1206,583,-141.704607,364,370,176,60
1206,577,-177.133136,370,370,116,60
1207,570,-178.685121,370,370,118,60
1209,560,-173.018655,370,370,116,60
1210,554,-170.664253,370,370,100,60
1213,543,-166.074834,370,342,89,60
1215,536,-168.393633,370,365,87,60
1218,525,-165.405013,370,252,79,60
1220,514,-167.913647,370,370,85,60
1221,507,-168.981047,370,196,71,60
1222,500,-166.139881,370,272,76,60
1224,489,-176.653550,370,370,85,60
1225,480,-167.637026,370,302,75,60
1225,468,-169.649802,370,357,92,60
1226,461,133.470698,370,323,76,60
1226,455,178.663440,370,340,103,60
1225,445,178.489041,370,339,131,60
1224,438,169.204965,370,329,134,60
1223,428,167.273737,370,322,145,60
1223,420,165.766702,370,315,152,60
1222,408,170.567568,370,304,142,60
1221,400,167.991391,370,292,145,60
1220,388,165.375626,370,283,161,60
1219,376,167.693536,370,273,154,60
1218,368,166.884601,369,267,165,60
1218,356,166.198060,370,254,145,60
1218,349,147.442032,245,98,59,60
1218,341,-178.482452,296,227,97,60
1219,330,-171.738310,275,220,90,60
1220,322,-170.037356,248,218,80,60
1221,312,-168.691650,254,202,89,60
1222,305,-165.963975,231,199,79,60
1222,298,-167.722746,224,191,79,60
1223,292,-171.915763,226,182,85,60
1223,285,163.348638,310,262,179,60
1223,275,171.535499,274,165,127,60
1223,268,176.834625,252,157,120,60
1222,261,177.755226,214,146,107,60
1221,251,166.719998,293,146,159,60
1220,243,176.985361,266,138,154,60
1219,235,167.745331,220,123,144,60
1218,223,177.324956,206,115,134,60
1218,216,178.620705,145,101,111,60
1218,204,134.205192,100,93,58,60
1218,197,161.984971,182,88,93,60
1219,189,-179.198711,97,74,96,60
1220,181,-170.379376,85,69,87,60
1222,173,-164.516715,79,60,92,60
1223,166,-176.050735,66,51,79,60
1225,156,-170.735074,55,46,79,60
1226,149,-169.304423,42,35,59,60
1226,139,-176.512533,34,28,45,60
1227,132,-177.176384,28,21,31,60
1226,125,178.114753,16,10,13,60
1225,121,174.149854,11,7,10,60
1223,121,166.004010,13,7,8,60
1222,120,142.201094,65,13,11,60
1220,121,126.794579,307,27,17,60
1219,122,99.941995,357,152,37,60
1218,124,73.464628,370,298,63,60
1218,125,57.801019,370,341,182,60
1218,125,48.628631,370,370,305,60
1212,132,33.434944,370,370,310,60
1203,140,33.891577,370,370,303,60
1198,145,35.147882,370,370,299,60
1192,149,42.918595,370,370,283,60
1188,150,48.362519,370,370,275,60
1183,152,59.093943,370,319,275,60
1179,153,69.413033,370,278,192,60
1173,153,84.101030,370,259,128,60
1169,152,95.024878,326,249,85,60
1166,152,100.221173,299,249,75,60
1160,150,117.288138,262,137,58,60
1154,148,120.519456,250,103,52,60
1148,146,111.900739,248,132,54,60
1137,142,112.440350,230,87,45,60
1130,141,114.231979,224,88,44,60
1128,141,101.001705,248,212,59,60
1120,142,85.236655,370,200,90,60
1115,142,83.962082,370,195,96,60
1112,143,67.994720,370,201,137,60
1108,145,59.875877,370,222,200,60
1104,147,56.711864,370,231,193,60
1098,150,51.143777,370,225,188,60
1088,155,52.514411,370,227,178,60
1082,158,52.674121,370,220,172,60
1076,160,58.373936,370,188,164,60
1068,163,60.332025,370,175,159,60
1062,165,65.513356,370,165,155,60
1055,166,66.115738,370,149,147,60
1045,168,74.656650,370,135,147,60
1038,169,78.307274,370,126,142,60
1027,170,81.877549,195,112,134,60
1020,171,83.175251,161,100,125,60
1012,172,82.996253,148,92,116,60
1000,172,86.156415,120,84,117,60
988,172,95.279459,102,76,114,60
981,171,95.888119,85,64,97,60
973,171,93.757291,69,52,79,60
961,171,89.820775,58,44,68,60
953,171,90.816010,52,36,49,60
946,171,89.337273,35,25,35,60
936,171,83.478423,25,17,23,60
934,172,68.802593,28,15,17,60
933,173,51.774946,134,23,18,60
933,175,28.811390,370,42,25,60
934,176,15.682271,370,82,34,60
935,177,2.278275,370,370,54,60
937,177,-0.038375,370,370,63,60
938,178,-3.990003,370,370,73,60
940,178,-15.509141,370,370,102,60
945,184,-18.106607,370,370,138,60
951,191,-20.704069,364,370,370,60
958,200,-25.251350,348,370,370,60
964,205,-27.920446,336,370,370,60
969,209,-29.249523,321,370,370,60
974,215,-22.774322,331,370,370,60
977,220,-14.679440,347,370,370,60
979,224,-9.958387,367,370,370,60
980,227,-6.485818,370,370,370,60
981,231,-3.498827,370,370,138,60
981,237,-0.728852,370,370,131,60
981,241,-0.017286,370,370,127,60
980,247,0.781232,370,370,124,60
978,255,2.490044,370,370,118,60
976,262,3.185730,370,370,113,60
973,273,3.299447,370,370,109,60
971,281,3.041541,370,370,370,60
969,289,2.687465,370,370,370,60
967,296,2.478681,370,370,370,60
965,306,3.431513,370,370,370,60
963,310,6.740417,370,370,370,60
959,314,14.310834,370,317,370,60
957,317,19.951298,370,284,370,60
954,319,28.228875,370,370,51,60
951,321,35.352954,370,370,44,60
945,324,48.485655,370,370,32,60
937,328,54.623030,272,26,23,60
929,331,55.642194,370,16,14,60
914,338,56.055111,370,7,6,60
906,342,47.420590,0,0,0,60
903,344,32.522626,0,0,0,60
902,347,15.659553,370,370,370,60
903,348,6.126312,370,241,370,60
904,349,0.842419,370,240,370,60
905,351,-0.976377,370,370,370,60
905,353,-0.358152,370,370,370,60
904,359,0.255312,370,370,370,60
903,362,1.781186,370,370,370,60
901,367,5.888452,370,221,370,60
899,370,10.066413,370,219,370,60
897,373,15.039199,370,370,370,60
893,377,23.362042,370,370,370,60
890,379,30.823295,370,370,370,60
885,381,43.789891,213,370,365,60
882,382,53.787563,370,370,357,60
878,383,63.333722,370,370,360,60
874,384,75.260993,370,354,370,60
868,383,90.290375,370,340,370,60
864,382,98.308183,370,332,370,60
860,381,111.033432,370,339,336,60
854,378,126.072156,333,370,282,60
851,375,142.012207,330,342,217,60
847,371,152.211126,330,323,152,60
845,368,155.257321,348,282,69,60
843,363,163.131258,367,265,51,60
842,359,166.129011,370,256,42,60
839,352,167.296862,370,244,44,60
835,338,166.081568,370,234,48,60
831,328,164.927650,370,225,56,60
828,320,166.853495,370,212,66,60
824,310,172.172665,327,198,61,60
818,298,168.602193,347,197,94,60
813,290,160.257350,338,190,110,60
809,282,161.785380,330,181,123,60
803,273,161.422433,327,171,131,60
798,267,158.788037,309,165,168,60
792,259,156.146931,303,160,162,60
787,253,153.169012,290,158,154,60
782,247,154.481740,275,159,144,60
777,241,151.985279,271,147,135,60
771,232,163.191178,264,127,137,60
767,225,164.633848,224,115,127,60
761,216,161.556853,231,108,114,60
755,205,160.244275,231,102,104,60
751,198,161.202122,178,91,102,60
747,191,163.231506,161,80,87,60
741,180,163.228610,165,75,78,60
737,173,161.112537,137,66,71,60
733,166,161.759558,116,55,59,60
727,157,157.811569,103,49,52,60
724,152,157.006354,103,43,42,60
721,150,140.272845,203,49,41,60
719,151,125.297895,193,65,45,60
718,151,106.015784,210,194,65,60
718,153,76.604704,276,184,103,60
718,153,56.209552,370,209,197,60
719,154,39.620138,370,272,193,60
715,158,30.335034,370,360,200,60
711,162,33.114308,370,350,195,60
704,167,34.843026,370,314,186,60
699,171,39.762666,370,277,178,60
694,174,42.494977,370,252,169,60
686,178,45.883448,370,229,164,60
681,180,47.275609,370,210,155,60
673,184,49.848102,370,190,148,60
667,186,53.828875,370,177,144,60
657,189,59.424827,370,151,134,60
650,191,61.951477,370,139,130,60
643,193,65.235949,323,123,118,60
632,195,68.662154,250,111,114,60
625,197,73.505687,212,101,109,60
617,198,78.376779,152,85,100,60
605,200,78.933058,134,77,92,60
598,201,77.401368,131,70,79,60
590,202,78.576254,103,58,68,60
579,203,74.943028,106,52,56,60
569,206,67.885596,92,42,44,60
563,207,60.943939,97,38,37,60
560,209,46.973281,151,38,32,60
559,211,27.167301,370,66,38,60
560,212,15.264910,370,172,55,60
561,214,1.682940,370,370,69,60
562,215,-0.163927,370,370,82,60
564,215,-5.387143,370,370,93,60
567,224,-7.746769,370,370,103,60
572,233,-10.004288,370,370,127,60
576,240,-12.053774,370,370,142,60
583,250,-13.787246,370,370,159,60
587,256,-16.983427,370,370,193,60
594,266,-17.991820,370,370,209,60
599,272,-17.604547,370,370,217,60
603,279,-15.855856,370,370,220,60
607,285,-13.632643,370,370,212,60
611,293,-8.756939,370,370,197,60
613,299,-6.028647,370,370,183,60
614,304,-2.764065,370,370,166,60
615,308,-0.509906,370,370,159,60
614,315,0.545705,370,370,155,60
613,319,2.222414,370,370,152,60
612,322,5.048539,369,370,142,60
609,326,11.433439,370,370,123,60
607,329,15.302912,370,370,113,60
604,332,20.532399,370,255,99,60
598,339,23.482079,370,204,89,60
593,344,22.704046,370,204,86,60
587,350,25.579039,370,173,78,60
582,355,23.749014,370,163,71,60
577,360,24.830743,370,144,65,60
570,368,22.359572,370,151,62,60
564,374,21.165262,370,134,54,60
557,383,22.000280,370,128,49,60
551,390,19.188506,370,111,41,60
544,399,17.734110,370,99,35,60
539,405,16.656350,370,90,30,60
533,414,14.271122,370,81,25,60
529,419,12.468156,370,73,23,60
526,426,9.003286,370,87,20,60
526,428,3.395227,370,307,27,60
527,429,-0.285226,370,370,32,60
528,430,-5.947400,370,370,42,60
531,431,-16.572678,368,370,66,60
537,438,-20.780947,360,370,104,60
547,449,-24.117426,370,370,135,60
556,457,-26.327734,370,370,166,60
567,468,-30.336878,370,370,271,60
574,473,-32.551676,370,370,370,60
580,479,-31.343304,370,370,370,60
588,486,-27.285544,370,370,369,60
591,490,-20.321780,279,370,234,60
593,495,-10.796411,302,360,180,60
595,499,-5.563622,323,351,155,60
595,503,-1.900129,354,341,135,60
596,508,-0.032558,367,336,130,60
595,514,0.835332,370,332,127,60
594,517,2.551630,370,328,121,60
592,522,3.806133,370,326,116,60
589,532,4.346956,370,316,110,60
586,539,4.547030,370,306,104,60
584,547,4.261391,370,298,103,60
580,558,4.556334,370,291,97,60
577,565,5.193434,362,280,92,60
575,572,5.917327,350,274,87,60
571,583,5.081612,350,266,89,60
569,589,4.104397,336,256,83,60
566,599,3.397062,331,248,82,60
565,605,3.414805,324,242,80,60
563,612,2.520159,313,235,78,60
561,622,2.124769,300,225,73,60
558,632,1.621337,292,215,73,60
557,639,2.300879,286,209,73,60
554,653,2.128693,275,200,71,60
552,662,1.156883,258,187,66,60
550,672,0.916801,238,172,63,60
548,685,1.165607,227,164,62,60
547,693,0.792847,216,155,59,60
546,705,0.253919,204,147,58,60
545,714,0.312779,188,135,56,60
544,721,0.201255,173,123,56,60
544,729,0.071151,162,115,56,60
544,740,-0.000417,152,108,56,60
544,751,0.008356,135,96,56,60
544,758,0.000250,127,90,56,60
544,765,-0.000011,111,79,56,60
545,772,-1.077769,103,73,56,60
546,773,-4.846863,104,71,62,60
547,774,-9.524380,120,71,82,60
548,774,-27.733928,173,77,79,60
549,773,-40.174189,296,89,76,60
549,772,-55.010278,285,120,80,60
548,771,-72.641783,312,294,104,60
547,770,-98.846356,370,278,138,60
547,769,-118.785315,370,370,295,60
546,768,-138.944335,370,370,289,60
552,764,-143.782824,370,370,290,60
559,759,-140.719219,370,370,279,60
563,757,-131.705589,370,370,274,60
569,755,-113.875281,370,370,271,60
574,755,-101.737729,370,259,231,60
577,755,-89.843712,370,249,169,60
583,756,-75.393229,370,250,138,60
588,758,-61.464404,266,259,118,60
591,760,-52.312036,247,180,100,60
595,762,-44.363838,240,128,90,60
599,765,-40.043905,238,112,86,60
608,771,-36.673737,231,99,80,60
617,777,-38.564740,226,93,76,60
622,781,-37.773104,219,90,72,60
628,785,-36.869422,212,81,66,60
634,788,-42.327169,202,86,63,60
640,791,-48.458830,196,86,62,60
641,790,-65.904471,195,132,71,60
641,789,-84.485010,216,192,89,60
639,788,-106.893041,370,193,178,60
639,787,-125.082587,370,225,197,60
643,785,-130.157670,370,244,192,60
649,781,-133.787300,370,370,185,60
654,778,-132.905599,370,370,180,60
660,776,-129.846276,370,370,173,60
669,772,-120.929968,370,200,168,60
675,770,-114.478102,370,178,165,60
685,768,-105.065254,370,153,164,60
692,767,-100.407334,370,141,164,60
699,766,-96.950161,370,128,161,60
706,766,-95.005459,186,121,157,60
716,765,-91.994599,172,114,151,60
723,766,-89.246484,147,107,149,60
733,766,-83.759101,128,96,142,60
740,767,-82.050902,111,90,130,60
748,767,-78.577358,94,80,121,60
760,769,-74.218857,83,73,117,60
767,770,-73.502434,73,66,111,60
779,772,-72.312313,59,55,106,60
787,774,-70.072687,49,47,102,60
795,775,-70.822804,37,35,75,60
803,777,-71.961765,28,26,54,60
811,778,-74.395653,18,17,32,60
822,780,-77.031410,10,9,17,60
827,780,-85.258907,1,1,3,60
829,779,-99.187985,0,0,0,60
829,777,-128.595062,1,1,1,60
829,776,-142.849335,370,14,8,60
829,775,-158.971757,370,44,18,60
827,775,-172.280662,370,117,27,60
826,776,-176.601354,370,370,38,60
825,778,140.901786,370,370,39,60
824,779,173.003716,370,370,52,60
823,780,165.814932,370,370,66,60
820,773,164.950396,354,370,87,60
815,765,162.249395,338,370,109,60
805,749,160.800212,326,370,370,60
800,741,161.055065,320,370,370,60
793,732,159.345430,310,370,370,60
788,727,156.667493,292,370,370,60
785,722,161.254633,295,370,370,60
784,719,165.977573,310,370,370,60
783,715,170.747851,336,370,370,60
782,709,174.602890,345,370,370,60
782,705,175.162990,360,370,370,60
782,702,-176.026330,370,370,89,60
783,696,-176.509021,370,370,370,60
786,683,-176.013665,370,370,370,60
789,676,-171.792405,370,370,370,60
792,670,-169.040735,370,308,370,60
796,665,-160.213221,370,279,370,60
801,661,-150.632094,370,370,49,60
804,659,-143.209884,370,370,38,60
807,658,-136.454743,370,370,31,60
815,653,-133.525609,370,370,20,60
827,647,-134.205154,370,15,11,60
838,640,-135.335902,0,0,0,60
849,633,-141.486414,370,370,370,60
854,629,-143.029146,370,370,370,60
857,625,-150.886799,370,370,370,60
857,624,-160.355169,370,370,370,60
860,622,-157.456311,370,370,370,60
862,620,-150.066263,370,370,370,60
867,617,-137.652173,370,370,370,60
871,616,-126.304597,370,370,370,60
877,614,-109.599372,370,370,370,60
881,614,-98.046660,370,370,370,60
885,614,-86.581023,370,370,347,60
890,616,-71.982692,370,370,293,60
893,617,-62.107741,370,370,255,60
896,619,-52.838950,370,370,240,60
900,622,-40.489574,370,326,231,60
903,625,-32.442403,370,266,131,60
906,629,-21.643050,370,242,79,60
908,632,-15.487602,370,226,56,60
910,636,-9.957493,370,216,45,60
910,640,-5.385764,320,205,34,60
914,650,-3.772712,300,198,35,60
917,659,-3.774887,288,190,39,60
919,668,-3.855742,266,176,45,60
924,680,-5.759240,258,165,56,60
927,688,-7.099768,252,157,65,60
932,698,-10.366258,257,152,78,60
936,706,-12.148561,255,145,89,60
941,712,-14.592343,261,137,113,60
944,717,-18.287484,282,135,137,60
950,724,-22.159560,303,133,135,60
955,729,-23.701054,319,130,128,60
960,735,-23.229768,299,121,120,60
967,743,-22.226934,274,114,114,60
973,750,-21.255335,248,107,109,60
978,756,-20.986862,220,96,99,60
985,765,-20.759965,200,89,92,60
990,771,-20.185031,186,83,86,60
996,777,-20.248284,164,73,76,60
1000,783,-20.944344,154,67,69,60
1008,791,-23.575406,151,63,63,60
1015,798,-25.806282,151,56,54,60
1019,801,-31.992817,162,54,49,60
1021,802,-46.417757,251,73,51,60
1022,802,-64.648296,258,132,62,60
1024,800,-93.893731,314,242,92,60
1024,799,-125.634426,370,265,241,60
1026,796,-139.053900,370,352,247,60
1032,792,-143.523448,370,370,247,60
1037,788,-146.168535,370,370,244,60
1043,784,-140.667111,370,370,237,60
1047,782,-134.143014,370,334,228,60
1050,780,-125.376305,370,270,223,60
1054,779,-115.454008,370,236,226,60
1060,779,-102.561617,370,216,216,60
1064,779,-91.908451,321,203,157,60
1070,780,-79.472819,272,198,130,60
1073,781,-69.210422,216,204,93,60
1077,782,-59.834824,202,173,82,60
1081,785,-50.789058,190,112,71,60
1090,789,-49.015395,185,101,68,60
1096,792,-48.407434,179,95,63,60
1106,798,-46.889497,166,81,55,60
1110,799,-55.077650,162,99,58,60
1114,799,-79.026730,169,162,72,60
1115,798,-96.577287,210,150,104,60
1115,797,-118.612342,361,161,165,60
1115,796,-138.818040,370,230,158,60
1120,792,-145.995170,370,279,159,60
1125,787,-145.798191,370,270,155,60
1133,781,-144.985163,370,245,148,60
1139,776,-142.524268,370,239,142,60
1145,772,-142.053332,370,201,133,60
1154,765,-140.965928,370,205,125,60
1160,761,-142.013506,370,190,118,60
1166,756,-142.810642,370,180,110,60
1176,749,-141.394605,370,162,103,60
1183,744,-143.531040,370,160,97,60
1189,740,-140.547975,370,136,86,60
1195,735,-142.169876,370,130,80,60
1204,728,-142.398457,370,117,75,60
1210,724,-140.895734,370,103,65,60
1215,720,-144.533464,370,106,62,60
1223,714,-146.235899,370,102,58,60
1228,709,-142.983117,370,86,51,60
1233,705,-149.692479,370,89,48,60
1233,703,-159.446912,370,114,52,60
1233,702,-166.877557,370,237,63,60
1232,702,-177.201125,370,370,80,60
1231,704,176.302193,370,370,116,60
1230,705,168.835981,370,370,123,60
1228,698,171.989387,370,370,125,60
1226,694,172.850520,370,370,123,60
1223,687,166.207539,370,370,147,60
1220,680,172.993584,370,370,125,60
1216,669,167.891006,370,370,128,60
1211,658,167.389545,370,370,144,60
1207,647,170.990684,370,370,142,60
1205,639,168.649924,370,370,171,60
1201,628,168.244680,370,370,173,60
1198,620,166.699984,370,370,175,60
1196,613,171.671329,370,370,173,60
1194,605,170.192961,365,370,180,60
1191,595,173.149706,357,370,195,60
1190,585,172.908015,350,370,199,60
1189,578,170.504438,365,370,182,60
1189,568,175.530911,350,370,200,60
1189,562,-173.185517,370,370,123,60
1190,556,-173.670532,370,370,130,60
1190,550,-177.679296,370,370,138,60
1193,542,-171.597855,370,370,123,60
1194,534,-168.412525,370,370,111,60
1196,527,-167.350833,370,370,109,60
1199,516,-174.872408,370,370,106,60
1202,509,-174.608456,370,370,106,60
1204,501,-166.104954,370,345,97,60
1208,490,-165.317975,370,304,90,60
1210,483,-165.547168,370,299,89,60
1214,472,-168.958437,370,367,93,60
1215,465,-164.951615,370,242,80,60
1217,458,-165.113089,370,353,87,60
1220,447,-166.433077,370,276,79,60
1222,440,-169.219573,370,332,80,60
1223,433,-167.142015,370,293,76,60
1225,423,-171.636674,370,306,76,60
1226,417,-172.462306,370,309,79,60
1226,407,-178.324866,362,299,78,60
1226,401,-174.836092,370,287,86,60
1226,391,176.019535,370,289,148,60
1226,385,177.739883,370,274,109,60
1225,379,167.412734,370,276,145,60
1225,372,167.506944,370,264,138,60
1224,364,169.544951,370,254,133,60
1223,353,168.178842,370,247,138,60
1223,346,166.396371,370,238,148,60
1222,334,168.901854,370,228,141,60
1221,325,167.378528,370,221,147,60
1221,313,176.909426,302,202,111,60
1221,304,165.179196,364,195,154,60
1221,292,165.574713,345,187,152,60
1221,285,164.992617,351,181,162,60
1221,277,164.352555,347,174,169,60
1222,266,132.526885,162,93,56,60
1222,258,-161.796697,152,67,49,60
1224,246,-170.916741,186,135,97,60
1224,238,-168.446307,157,129,80,60
1225,232,-177.277768,158,117,90,60
1224,228,177.079377,180,114,117,60
1223,219,169.613663,155,107,104,60
1221,213,176.828684,149,101,109,60
1220,207,171.446368,145,95,114,60
1218,200,175.360175,131,85,111,60
1216,188,176.105082,117,77,102,60
1214,181,175.424685,102,66,87,60
1212,173,176.507403,87,58,78,60
1210,165,175.332141,78,50,66,60
1208,154,169.804164,65,42,55,60
1206,147,176.139029,55,35,45,60
1204,141,174.204974,41,26,34,60
1202,137,170.875653,38,23,28,60
1200,136,155.717917,51,24,25,60
1199,136,141.725034,212,34,28,60
1198,138,116.648937,286,58,35,60
1197,139,99.124653,316,158,51,60
1197,139,77.519913,370,282,109,60
1197,141,52.150756,370,321,259,60
1198,142,35.522658,370,370,285,60
1197,143,30.697232,370,370,299,60
1188,152,26.318676,361,370,302,60
1185,155,33.309089,370,370,290,60
1180,158,44.497242,370,370,272,60
1176,159,57.099310,370,312,265,60
1172,160,64.705505,370,281,259,60
1167,160,79.661553,370,260,175,60
1164,160,86.476757,370,248,133,60
1160,159,97.041523,370,243,124,60
1157,158,109.549836,264,193,71,60
1151,156,120.351211,247,123,59,60
1145,154,118.163483,235,96,55,60
1137,150,126.961993,224,78,48,60
1129,147,125.809514,216,75,45,60
1118,142,117.382156,212,86,45,60
1112,140,114.150093,202,69,39,60
1110,140,105.568962,214,145,51,60
1111,141,80.153636,271,189,80,60
1111,142,65.136677,370,211,195,60
1113,143,48.087294,370,246,199,60
1111,144,39.616264,370,370,200,60
1106,149,34.636071,370,370,200,60
1101,152,34.961424,370,370,196,60
1094,157,41.293428,370,370,192,60
1089,160,46.205428,370,246,176,60
1081,164,57.350532,370,213,169,60
1075,166,61.469496,370,180,164,60
1066,168,65.841187,370,166,161,60
1060,170,71.968673,370,153,158,60
1054,171,74.742905,370,139,154,60
1047,172,76.806601,370,130,149,60
1037,172,85.285653,212,122,144,60
1030,172,87.275964,162,109,133,60
1018,173,88.282478,144,101,125,60
1011,172,93.865390,135,94,128,60
1004,172,88.796521,118,83,116,60
1000,173,81.917974,130,80,100,60
991,175,74.817910,145,76,86,60
985,176,71.310465,147,69,73,60
979,178,71.343811,134,63,66,60
969,180,68.882780,131,57,58,60
962,182,65.803981,118,50,51,60
960,184,52.145684,370,57,45,60
958,186,35.637309,370,82,49,60
959,187,16.772400,370,143,61,60
960,187,6.442799,370,370,83,60
962,187,0.147843,370,370,96,60
963,186,-1.038798,370,370,102,60
964,189,-2.267925,370,370,106,60
965,194,-3.293010,370,370,113,60
968,203,-4.543260,370,370,120,60
971,210,-4.843623,370,370,124,60
973,216,-4.573088,370,370,130,60
977,227,-5.089355,370,370,134,60
979,234,-5.092464,370,370,138,60
983,245,-5.561543,370,370,370,60
986,253,-6.075597,370,370,370,60
990,264,-5.493922,370,370,370,60
992,271,-4.364352,370,370,370,60
993,276,-1.946661,370,370,370,60
993,282,-0.043724,370,370,370,60
992,286,0.460798,370,370,370,60
991,290,2.584325,370,370,370,60
989,293,5.588150,370,370,370,60
986,298,12.256844,370,370,370,60
983,301,20.029171,370,303,90,60
980,304,28.312962,370,370,79,60
975,307,40.292940,370,370,68,60
971,309,52.091539,370,370,61,60
968,310,57.950279,293,64,54,60
960,312,62.210241,370,48,45,60
946,317,61.786102,370,38,34,60
939,319,60.439520,370,28,25,60
932,322,57.952924,370,18,16,60
930,324,40.023997,370,25,18,60
931,324,26.788954,370,370,24,60
932,324,16.221008,370,370,32,60
933,325,4.026633,370,300,370,60
934,325,0.353968,370,370,370,60
934,338,0.014987,370,370,370,60
934,346,-0.009854,370,370,370,60
933,354,0.540294,370,370,370,60
932,357,2.456489,370,370,370,60
929,362,7.028687,370,370,370,60
927,365,12.767159,370,225,370,60
924,368,18.718562,370,370,370,60
920,372,31.645640,370,370,370,60
914,375,46.751227,370,370,370,60
910,377,57.647118,221,370,370,60
906,377,69.346284,370,370,370,60
900,378,84.453928,370,370,370,60
897,377,90.427659,370,365,10,60
893,376,100.765883,0,0,0,60
888,374,113.356210,0,0,0,60
879,370,121.701917,0,0,0,60
871,368,116.625792,357,370,283,60
869,368,100.248812,370,342,333,60
867,369,81.644861,370,333,370,60
865,370,70.848198,370,357,365,60
862,370,75.047384,370,345,370,60
859,370,85.646605,370,326,370,60
853,369,97.345370,370,321,370,60
850,368,102.599965,370,324,327,60
844,366,119.743127,333,349,285,60
841,364,127.215936,317,370,266,60
837,361,138.409964,313,363,257,60
834,358,146.276292,316,315,252,60
830,353,154.393909,334,267,109,60
828,350,156.852672,336,258,107,60
827,347,163.516660,355,244,79,60
826,342,168.698085,370,235,68,60
824,335,171.689795,370,227,63,60
822,328,166.149376,364,220,79,60
818,317,165.287055,354,210,90,60
814,304,168.027349,354,200,93,60
811,297,165.246933,345,189,104,60
807,288,171.068204,289,178,83,60
804,282,161.510578,324,177,135,60
801,275,161.734550,321,170,142,60
796,266,163.223975,320,163,145,60
793,260,167.737948,288,153,134,60
789,253,159.202064,300,149,154,60
785,246,161.546967,296,140,148,60
780,235,161.528386,220,127,142,60
776,227,164.172070,234,118,128,60
771,216,162.748446,202,109,124,60
767,209,168.170495,221,105,111,60
764,202,161.620407,196,93,99,60
759,193,161.506711,175,86,93,60
755,187,162.303730,159,77,82,60
750,177,163.593859,173,74,73,60
746,171,164.523218,131,63,68,60
742,165,160.903753,117,55,58,60
738,160,159.648102,111,50,52,60
736,158,143.625808,164,53,49,60
735,159,132.030573,210,69,51,60
735,160,114.354091,216,144,66,60
736,162,94.456956,261,203,96,60
737,163,67.221374,370,208,154,60
738,163,53.664149,370,242,214,60
736,164,51.723604,370,264,210,60
728,169,45.446206,370,272,204,60
722,171,46.623716,370,262,199,60
717,173,51.525814,370,243,190,60
709,176,60.104268,370,223,186,60
704,177,67.902925,370,196,186,60
699,178,72.805719,358,174,188,60
690,179,78.847937,293,164,183,60
684,180,83.707455,269,156,175,60
678,179,89.388702,206,144,135,60
669,178,101.179125,171,140,110,60
663,177,103.792937,151,134,99,60
657,175,106.882958,141,130,93,60
647,173,106.665996,130,126,85,60
640,171,110.381506,121,119,83,60
633,169,110.515011,114,110,83,60
623,166,109.281081,104,98,82,60
616,164,108.946945,96,92,78,60
609,163,106.732522,86,80,79,60
601,162,107.907455,80,73,79,60
593,161,101.326519,78,64,87,60
587,160,97.361909,71,57,90,60
578,160,91.873552,62,47,71,60
572,160,83.104285,61,38,49,60
565,160,82.572758,51,31,39,60
556,160,83.280720,41,25,30,60
553,162,68.223185,39,21,24,60
553,162,50.547996,228,33,25,60
554,163,29.482593,370,50,31,60
555,164,14.866587,370,162,49,60
557,163,2.722933,370,370,65,60
558,162,-0.151419,370,370,76,60
560,161,-6.168354,370,370,87,60
563,169,-7.038025,370,370,102,60
569,182,-9.380102,370,370,114,60
573,188,-10.726376,370,370,125,60
576,194,-11.024428,370,370,127,60
580,200,-13.310051,370,370,157,60
586,210,-13.571912,370,370,171,60
593,221,-12.574743,370,370,178,60
597,228,-12.868387,370,370,189,60
601,235,-12.181489,370,370,189,60
605,241,-11.351995,370,370,193,60
609,250,-9.291738,370,370,192,60
612,256,-7.264408,370,370,183,60
614,262,-5.855413,370,370,179,60
616,271,-3.167251,370,370,173,60
618,277,-2.136432,370,370,169,60
619,287,-1.167730,370,370,168,60
620,293,-0.518920,370,370,165,60
620,300,-0.079242,370,370,164,60
621,310,0.026308,370,370,165,60
620,317,0.273151,370,370,164,60
619,324,0.761477,368,370,162,60
618,331,1.050605,353,370,157,60
617,338,1.332115,345,370,155,60
615,348,1.637779,350,370,152,60
613,358,2.536304,360,370,147,60
611,365,3.045369,368,370,141,60
608,375,3.737382,370,370,134,60
605,382,6.132393,370,370,127,60
601,393,7.854958,370,370,120,60
598,399,8.630499,370,370,111,60
595,406,7.600839,370,370,109,60
590,417,8.280554,370,370,102,60
584,428,11.349940,370,370,96,60
580,436,9.882496,370,370,87,60
576,443,10.784155,370,353,80,60
572,453,8.602671,370,370,79,60
569,459,8.091999,370,370,79,60
566,466,7.243647,370,370,73,60
563,474,5.557601,370,370,72,60
560,485,3.958258,370,364,72,60
556,498,3.213949,370,354,71,60
552,514,3.640262,370,341,65,60
548,526,3.644141,370,324,61,60
546,536,3.165905,370,309,54,60
542,554,1.841236,370,296,51,60
541,563,0.903372,370,285,51,60
539,575,0.698476,370,269,48,60
537,590,0.445852,362,259,48,60
537,602,0.044854,347,248,47,60
536,611,0.122476,329,233,45,60
536,627,-0.070754,313,222,45,60
537,636,-0.136360,293,208,47,60
537,645,-0.031273,281,199,47,60
538,654,-0.362767,269,190,48,60
540,667,-1.168384,259,181,51,60
542,675,-1.859355,252,173,55,60
544,684,-1.125564,231,160,59,60
547,696,-3.447274,226,152,65,60
549,705,-3.597989,212,143,68,60
553,715,-5.764352,204,133,78,60
556,723,-6.359819,197,126,85,60
559,729,-8.329422,193,119,93,60
561,734,-9.400882,189,112,106,60
566,741,-13.286629,193,108,121,60
569,746,-15.922651,188,103,118,60
573,751,-16.925470,209,101,109,60
577,756,-17.678055,214,97,102,60
583,764,-23.075009,214,91,92,60
588,769,-24.108110,214,87,86,60
593,774,-21.867507,185,78,79,60
598,779,-28.100756,230,77,72,60
605,785,-30.068169,245,75,68,60
612,790,-34.062078,235,75,63,60
615,791,-43.017078,226,74,59,60
616,791,-58.955093,220,127,69,60
617,790,-92.998296,264,211,100,60
616,789,-114.218885,370,231,228,60
616,787,-132.545294,370,370,217,60
622,783,-142.018689,370,370,217,60
626,779,-140.973775,370,370,216,60
634,774,-140.915573,370,370,209,60
639,770,-133.097872,370,370,195,60
649,765,-132.154250,370,370,188,60
655,762,-127.807007,370,216,180,60
662,759,-126.233047,370,211,172,60
672,754,-123.944095,370,192,162,60
683,750,-123.087003,370,180,155,60
691,747,-119.762951,370,160,144,60
701,743,-120.038653,370,156,135,60
709,740,-118.487453,370,143,130,60
717,738,-118.174740,370,128,117,60
728,734,-115.343132,368,120,110,60
735,731,-118.447555,360,107,99,60
746,727,-118.769657,358,99,92,60
752,725,-120.438229,350,94,83,60
761,721,-126.301244,370,88,73,60
768,717,-125.793662,370,83,68,60
774,714,-129.182469,370,75,59,60
780,710,-140.099838,370,74,55,60
780,709,-151.605806,370,370,61,60
780,707,-166.333934,370,370,73,60
779,707,-175.507550,370,370,93,60
778,707,-175.334978,370,370,370,60
777,692,176.605739,357,370,370,60
776,680,175.630478,370,370,370,60
776,673,175.517745,351,370,370,60
776,668,-141.453854,370,370,370,60
777,664,-176.626670,370,370,370,60
778,661,-176.001402,370,370,370,60
781,656,-171.238154,370,370,370,60
783,652,-166.579384,370,370,370,60
786,649,-161.279618,370,260,370,60
791,645,-152.317428,370,370,370,60
794,643,-143.617279,370,370,370,60
799,640,-130.924405,370,370,38,60
803,639,-120.450196,254,370,31,60
808,639,-109.829467,370,21,23,60
822,636,-102.125295,370,11,13,60
829,635,-103.693171,0,0,0,60
835,634,-106.273365,0,0,0,60
842,631,-118.332074,0,0,0,60
843,630,-132.433633,370,370,8,60
844,628,-149.011298,370,370,370,60
843,627,-161.799491,370,370,370,60
843,626,-173.265251,370,226,370,60
844,621,-174.207225,370,220,370,60
845,618,-173.822058,370,217,370,60
847,615,-169.472726,370,217,370,60
849,612,-163.724129,370,370,370,60
853,609,-155.953881,370,370,370,60
856,606,-147.644216,370,370,370,60
859,605,-139.087706,210,370,370,60
865,603,-125.827362,370,370,370,60
868,602,-114.995769,370,370,370,60
874,602,-99.569338,370,370,370,60
879,602,-84.948196,370,370,370,60
883,603,-73.679831,370,370,321,60
886,605,-62.173255,370,370,276,60
890,607,-51.313650,370,370,250,60
893,609,-41.131818,370,324,243,60
898,614,-27.127183,370,278,90,60
900,617,-19.236707,370,250,51,60
902,621,-12.430856,370,234,35,60
904,627,-6.087858,360,222,25,60
907,636,-5.118379,331,214,25,60
910,643,-6.085852,319,202,35,60
915,655,-7.440831,313,195,41,60
918,661,-9.808155,314,189,49,60
924,673,-11.976778,313,178,66,60
928,679,-14.828901,327,172,87,60
936,689,-17.041659,330,166,106,60
940,695,-20.228325,340,162,124,60
944,699,-24.456231,360,162,158,60
950,704,-31.615969,343,168,151,60
955,707,-34.751207,331,172,147,60
960,711,-35.940152,320,171,140,60
966,715,-36.150981,313,167,137,60
976,723,-35.155630,307,159,131,60
982,727,-35.776550,302,153,125,60
988,732,-37.008583,295,148,121,60
998,739,-40.101931,281,148,116,60
1004,742,-43.368922,269,151,110,60
1011,746,-46.529682,261,155,107,60
1021,751,-49.947609,254,162,106,60
1027,754,-52.525821,248,162,103,60
1033,757,-54.362856,243,166,102,60
1042,761,-56.495535,234,173,99,60
1049,763,-59.517906,228,182,99,60
1055,765,-61.494623,221,197,99,60
1061,767,-63.702269,217,209,99,60
1070,769,-67.557998,213,218,100,60
1076,770,-69.549467,210,207,102,60
1083,772,-71.643490,203,192,103,60
1089,773,-75.738784,204,182,109,60
1099,774,-77.125900,202,172,113,60
1106,775,-80.766107,196,164,114,60
1112,775,-84.572783,195,157,118,60
1119,775,-87.246057,195,145,131,60
1126,775,-87.714150,188,138,133,60
1137,775,-95.009077,199,131,152,60
1143,774,-99.829363,207,126,155,60
1150,773,-99.612685,197,116,140,60
1161,772,-100.350078,182,105,125,60
1169,771,-100.311396,168,97,116,60
1176,770,-100.722470,157,90,107,60
1188,768,-102.246662,142,82,97,60
1195,767,-104.259391,140,75,85,60
1202,766,-106.806969,123,67,78,60
1209,764,-110.120207,121,61,68,60
1218,762,-112.712446,127,55,56,60
1224,759,-112.655189,111,46,45,60
1230,757,-119.640911,141,44,39,60
1232,755,-142.280661,370,58,41,60
1232,754,-156.037980,370,78,45,60
1231,753,-161.462576,370,165,59,60
1230,753,-176.992394,370,370,75,60
1229,754,138.192408,370,370,76,60
1228,754,167.856232,370,370,120,60
1226,749,171.034239,370,370,123,60
1223,744,166.928702,370,370,145,60
1218,737,164.495071,370,370,162,60
1215,731,156.416697,370,370,175,60
1209,724,154.589427,370,370,272,60
1204,718,154.974579,370,370,296,60
1197,708,153.948760,370,370,344,60
1192,702,162.049474,370,370,295,60
1189,697,161.105401,370,370,310,60
1186,692,164.637092,370,370,235,60
1185,687,165.871045,370,370,197,60
1184,683,175.425856,370,370,192,60
1184,680,172.709124,370,370,183,60
1184,673,175.610224,370,370,158,60
1185,666,-176.184636,370,370,130,60
1185,660,-179.290834,370,370,151,60
1186,648,-179.048275,370,370,151,60
1187,641,-178.906458,370,370,147,60
1187,633,-178.388427,370,370,145,60
1188,622,-177.668054,370,370,144,60
1189,614,-173.348540,370,370,128,60
1190,606,-174.744866,370,370,133,60
1192,594,-170.771883,370,370,118,60
1192,586,-172.120071,370,370,123,60
1193,575,-176.070114,370,370,130,60
1193,568,-172.176672,370,370,120,60
1194,561,168.974336,345,370,204,60
1193,550,176.493073,370,370,158,60
1193,543,175.611979,368,370,178,60
1192,536,171.676141,370,370,176,60
1192,526,169.305378,370,370,161,60
1192,518,168.459351,370,370,148,60
1192,511,170.078689,364,370,182,60
1191,499,172.350466,368,370,179,60
1192,491,-178.625347,370,370,128,60
1192,483,-173.268351,370,370,127,60
1192,470,-177.407175,370,364,118,60
1192,459,-176.340962,370,350,125,60
1193,450,-178.707238,370,342,124,60
1193,443,133.933052,370,331,141,60
1192,435,172.363469,369,324,178,60
1191,425,165.958930,355,320,192,60
1191,418,167.597304,348,311,200,60
1190,407,168.459404,351,299,199,60
1189,399,167.782135,345,291,204,60
1188,391,168.579655,350,282,200,60
1188,380,167.700736,370,271,175,60
1188,368,-144.594041,353,262,196,60
1189,361,-177.349460,327,247,137,60
1189,353,-169.267945,290,242,121,60
1191,341,-168.314768,279,233,120,60
1191,332,-168.100844,264,228,114,60
1192,325,-166.530636,247,217,111,60
1193,317,-177.787526,272,202,134,60
1193,306,-172.694655,264,195,135,60
1193,299,168.131808,334,196,214,60
1193,292,167.368683,327,182,197,60
1193,281,179.306440,240,169,144,60
1193,273,-142.937809,258,163,165,60
1193,266,179.418710,227,151,155,60
1193,255,168.383495,257,144,168,60
1193,243,162.605176,281,194,137,60
1194,230,132.428282,155,120,127,60
1195,221,-178.034655,138,106,127,60
1194,211,179.398760,151,99,131,60
1194,204,179.289795,135,93,127,60
1193,197,177.004189,121,82,110,60
1191,186,168.561865,109,75,103,60
1190,179,177.798908,100,68,92,60
1189,172,176.531218,90,61,82,60
1187,162,177.081304,73,50,68,60
1186,155,176.987833,59,40,54,60
1183,146,175.834511,52,34,45,60
1181,141,174.411888,44,28,37,60
1180,140,168.535278,42,26,31,60
1179,140,159.515660,62,28,30,60
1179,141,145.749969,176,38,32,60
1179,143,117.636695,265,55,37,60
1180,144,106.979055,272,91,45,60
1181,145,85.528128,370,261,93,60
1182,146,64.016736,370,275,149,60
1182,147,52.447462,370,336,269,60
1184,148,29.649041,370,370,288,60
1179,156,18.545099,289,370,307,60
1173,164,16.471710,268,370,312,60
1169,169,18.068728,282,370,306,60
1166,173,23.203120,330,370,290,60
1161,177,33.876810,370,370,265,60
1157,178,42.449786,370,370,245,60
1154,180,45.970115,370,370,241,60
1149,181,63.656304,370,289,238,60
1145,182,75.782229,370,240,238,60
1141,182,85.118506,370,227,186,60
1137,181,97.136774,276,217,118,60
1133,180,101.948327,254,217,106,60
1128,178,124.478924,220,157,82,60
1124,175,130.811683,216,148,78,60
1116,171,132.147938,204,100,68,60
1110,168,125.988585,196,109,66,60
1104,166,119.990453,193,128,68,60
1094,162,123.787283,189,140,68,60
1089,160,117.750128,179,132,63,60
1083,159,99.650694,183,175,72,60
1077,159,100.369728,189,159,83,60
1070,158,95.960657,192,150,90,60
1057,158,92.285246,185,140,94,60
1049,157,89.912837,175,132,93,60
1042,158,85.304025,190,125,113,60
1033,159,81.860347,193,117,131,60
1027,160,79.043793,192,111,133,60
1020,161,74.891784,200,104,116,60
1015,162,72.308233,207,100,107,60
1008,164,70.193463,207,94,97,60
998,167,66.433795,370,89,89,60
991,169,64.831239,370,84,82,60
984,172,65.371112,189,72,71,60
978,174,63.829973,186,67,63,60
968,178,57.866634,370,64,56,60
963,180,52.694688,370,60,51,60
961,182,40.609097,370,76,51,60
960,184,26.423935,370,121,58,60
960,186,8.517837,370,370,72,60
961,187,1.492667,370,370,90,60
963,187,-0.238631,370,370,102,60
964,186,-4.059145,370,370,114,60
966,190,-7.829731,370,370,124,60
969,195,-10.234819,370,370,145,60
972,200,-10.999157,370,370,154,60
977,209,-12.246494,370,370,370,60
981,215,-12.774454,364,370,370,60
984,221,-13.436936,355,370,370,60
990,230,-13.357320,348,370,370,60
992,234,-10.849790,353,370,370,60
993,238,-6.660897,370,370,370,60
994,243,-2.737898,370,370,370,60
994,247,-0.983721,370,370,370,60
994,251,-0.173618,370,370,370,60
993,256,0.457622,370,370,370,60
992,260,1.793888,370,370,370,60
991,263,4.549182,370,370,370,60
988,269,9.909326,370,370,118,60
985,272,15.101893,370,370,106,60
982,275,21.531537,370,331,93,60
977,279,31.136040,370,370,76,60
973,283,32.277664,370,370,72,60
969,287,30.974014,370,370,65,60
962,293,29.201648,370,370,62,60
953,302,26.659818,370,370,56,60
945,310,23.358868,370,370,45,60
937,319,23.889865,370,370,37,60
926,331,20.888736,370,370,30,60
919,341,19.868178,370,370,370,60
911,352,16.226965,370,370,370,60
905,362,14.416716,370,370,370,60
900,371,13.360899,370,370,370,60
895,377,20.595672,370,370,370,60
892,379,28.210949,370,370,370,60
889,381,36.203384,370,370,370,60
885,383,48.354560,210,370,361,60
881,384,58.857898,370,370,361,60
878,385,66.957814,370,370,370,60
874,385,72.934974,370,357,370,60
869,385,91.192439,370,338,370,60
865,384,99.747513,370,333,370,60
862,382,105.344347,370,341,333,60
858,381,121.525176,337,370,289,60
853,378,133.564046,329,370,276,60
851,375,142.209732,327,361,269,60
848,373,150.600938,340,303,89,60
845,368,156.099915,361,275,51,60
843,364,162.336452,362,269,52,60
841,358,166.914105,370,255,44,60
839,349,166.292362,370,242,45,60
836,341,171.274397,370,229,41,60
833,332,165.890302,370,225,58,60
828,320,164.404622,369,217,65,60
824,311,163.625808,365,208,73,60
821,304,164.064032,348,203,90,60
815,292,168.034707,331,186,82,60
810,286,165.059766,323,179,93,60
806,280,160.051953,321,177,140,60
802,275,158.364394,312,174,162,60
796,268,154.330831,300,175,169,60
792,264,149.330792,286,176,161,60
787,260,147.336941,275,181,155,60
779,252,148.236979,268,171,148,60
772,246,149.053999,262,161,142,60
767,240,152.303773,259,146,134,60
761,235,151.004570,252,141,128,60
752,226,151.506414,244,136,123,60
747,221,147.911062,233,130,113,60
741,216,148.053894,227,124,109,60
732,208,142.849175,213,130,103,60
726,203,144.028065,209,120,97,60
721,198,142.001623,199,114,90,60
715,194,141.011110,193,110,86,60
709,190,136.527326,185,113,83,60
701,185,132.302023,179,112,80,60
695,182,132.117169,169,114,78,60
688,178,127.266495,164,119,76,60
682,175,123.731577,158,127,75,60
677,173,122.023163,151,135,73,60
671,171,118.000850,147,152,75,60
662,169,116.103505,144,148,78,60
655,166,115.918375,131,138,72,60
648,164,113.921481,124,128,72,60
642,163,108.798397,121,116,76,60
632,161,105.041062,118,106,80,60
625,160,98.316884,111,97,82,60
619,160,93.803459,111,89,90,60
610,160,86.636285,113,79,107,60
605,161,77.654855,118,74,93,60
599,162,74.385023,134,69,76,60
590,164,64.853491,149,65,66,60
585,165,62.714243,159,62,61,60
579,167,59.436632,193,57,51,60
572,169,55.921152,209,52,45,60
571,171,41.639313,370,58,44,60
571,171,29.563263,370,103,54,60
573,171,16.145098,370,146,61,60
574,171,8.922747,370,370,80,60
575,171,0.821075,370,370,96,60
577,171,-1.200902,370,370,102,60
578,176,-1.842715,370,370,109,60
580,183,-4.375501,370,370,116,60
583,189,-7.083422,370,370,134,60
585,194,-6.185377,370,370,134,60
590,203,-11.371005,370,370,151,60
593,208,-11.864454,370,370,173,60
597,214,-12.799665,370,370,179,60
602,224,-12.171937,370,370,197,60
607,231,-14.095050,370,370,213,60
613,241,-13.120668,370,370,216,60
617,248,-12.735941,370,370,219,60
623,258,-11.296067,370,370,224,60
626,266,-8.726982,370,370,216,60
631,275,-6.830316,370,370,212,60
633,282,-5.972736,370,370,209,60
637,292,-4.845057,370,370,207,60
639,299,-4.839233,370,370,212,60
641,305,-4.308441,370,370,213,60
642,312,-3.876162,370,370,213,60
645,322,-2.032672,370,370,210,60
646,328,-1.544697,370,370,206,60
647,336,-0.739979,370,370,204,60
647,346,-0.107691,370,370,203,60
647,353,-0.020220,327,370,202,60
647,360,0.260291,316,370,200,60
647,370,0.246211,307,370,202,60
646,378,0.881872,302,370,197,60
644,388,1.113276,305,370,195,60
643,396,1.235802,305,370,193,60
642,403,1.429914,310,370,189,60
640,414,1.541619,314,370,186,60
638,421,2.017005,320,370,182,60
637,428,2.396173,324,370,179,60
633,439,3.775052,337,370,171,60
631,447,3.624860,337,370,169,60
629,454,4.626739,353,370,161,60
626,461,4.669808,358,370,157,60
623,468,6.201331,370,370,148,60
619,479,6.893000,370,370,144,60
616,487,7.607693,370,364,140,60
612,494,8.577915,370,354,128,60
607,505,9.508976,370,348,123,60
604,512,9.337987,370,337,117,60
601,518,6.468928,370,328,118,60
597,528,6.548494,370,322,114,60
594,535,5.076661,370,314,113,60
592,542,5.224780,370,303,110,60
589,548,4.441713,370,297,109,60
586,558,4.146346,370,291,106,60
585,564,3.024989,370,280,107,60
583,570,2.593314,369,274,104,60
581,577,2.329213,362,267,103,60
579,586,1.867004,357,261,103,60
579,592,1.285615,347,252,103,60
577,601,1.119354,341,246,102,60
576,608,1.125303,334,240,102,60
576,614,0.990159,319,230,99,60
575,623,0.304564,312,224,97,60
574,630,0.123490,305,217,97,60
574,636,0.006911,293,208,99,60
575,646,-0.089527,283,201,99,60
575,652,-0.517365,274,192,102,60
576,658,-1.182768,268,186,104,60
578,667,-2.201281,262,180,107,60
579,672,-2.657064,254,172,113,60
582,681,-4.537361,248,166,117,60
584,686,-5.559440,247,161,125,60
585,692,-6.009159,241,153,133,60
588,697,-7.267847,240,148,142,60
592,705,-7.982631,233,143,148,60
594,711,-8.908727,224,135,159,60
599,719,-10.298867,223,130,157,60
602,724,-10.499307,213,124,149,60
605,730,-13.448935,217,118,135,60
609,736,-13.443100,206,112,128,60
615,745,-13.307608,189,103,117,60
621,754,-15.059179,173,96,111,60
625,760,-14.454987,166,88,99,60
629,765,-17.753741,173,84,90,60
635,772,-21.939975,176,80,83,60
639,777,-25.796769,207,77,75,60
646,783,-29.027375,204,74,69,60
650,786,-29.826381,197,71,65,60
656,791,-35.460581,190,71,61,60
660,793,-39.627014,180,72,59,60
662,793,-54.512711,172,106,63,60
663,793,-70.801253,182,175,79,60
662,791,-97.383965,224,163,113,60
662,790,-116.591034,370,173,186,60
661,789,-131.077182,370,226,172,60
665,787,-138.305533,370,370,171,60
671,782,-142.309471,370,370,171,60
676,778,-145.921725,370,370,168,60
685,770,-149.118285,370,370,161,60
690,765,-151.802673,370,370,159,60
696,760,-151.631799,370,370,152,60
701,755,-149.142300,370,370,144,60
709,747,-150.734494,370,370,140,60
714,742,-148.512081,370,370,133,60
720,737,-148.614821,370,370,124,60
725,732,-153.673104,370,370,124,60
731,725,-155.378626,370,370,121,60
736,719,-158.534766,370,348,121,60
740,714,-159.811874,370,335,116,60
744,709,-160.229116,370,328,113,60
750,701,-162.423636,370,321,111,60
753,695,-164.511349,370,351,370,60
758,687,-165.148755,370,370,370,60
761,681,-168.783782,370,370,370,60
763,676,-170.137444,370,370,370,60
767,670,-166.889831,370,370,370,60
770,667,-160.028564,370,283,370,60
775,663,-149.671908,370,370,72,60
778,662,-140.574738,370,370,63,60
784,659,-128.268742,370,370,52,60
794,654,-124.796944,269,370,44,60
801,651,-126.776396,266,370,34,60
812,646,-125.869425,259,370,20,60
826,638,-132.915824,250,370,11,60
837,632,-133.791277,243,370,8,60
845,626,-141.925960,370,370,370,60
853,620,-144.302218,370,370,370,60
863,610,-153.617008,370,370,370,60
866,606,-159.392998,370,370,370,60
869,603,-158.574790,370,370,370,60
872,600,-152.065811,370,370,370,60
877,597,-140.711523,204,370,370,60
881,596,-131.593878,370,370,370,60
884,595,-121.517299,370,370,370,60
890,594,-105.162353,370,370,370,60
894,594,-94.167817,370,370,370,60
899,595,-77.028136,370,370,345,60
903,596,-66.071689,370,370,299,60
907,598,-54.296177,367,370,262,60
912,601,-39.849553,362,351,252,60
914,604,-30.681646,370,285,158,60
917,607,-24.750150,370,265,113,60
920,610,-19.879090,370,251,92,60
923,617,-14.375007,370,239,78,60
927,622,-14.012690,370,230,83,60
930,627,-14.900348,370,225,92,60
935,635,-16.672243,370,221,102,60
938,639,-18.698642,370,219,120,60
942,643,-21.376074,370,218,152,60
946,648,-25.160846,357,219,196,60
951,651,-27.541751,344,221,206,60
957,657,-31.506059,336,222,200,60
962,661,-33.372144,324,227,193,60
967,665,-35.865607,313,227,186,60
972,669,-36.533406,307,225,182,60
981,675,-36.093549,300,220,179,60
987,679,-36.360799,293,216,175,60
996,686,-36.353684,285,205,168,60
1002,690,-37.045015,279,204,164,60
1008,694,-38.799202,272,200,159,60
1014,698,-40.365630,261,201,154,60
1019,701,-43.320890,254,207,151,60
1025,704,-45.859225,247,213,149,60
1034,709,-49.391406,241,222,147,60
1040,712,-53.487402,231,241,145,60
1049,716,-56.332392,227,250,145,60
1055,718,-58.432692,221,257,144,60
1062,720,-59.826925,216,245,144,60
1071,723,-63.777260,209,225,145,60
1077,724,-67.653728,204,205,149,60
1083,726,-70.525864,202,194,152,60
1090,727,-73.698792,199,183,158,60
1099,728,-77.100681,199,173,164,60
1105,729,-77.687466,195,166,166,60
1112,729,-79.475284,188,160,168,60
1118,730,-79.725702,183,151,171,60
1129,731,-83.445341,175,141,173,60
1139,731,-88.404364,162,129,176,60
1146,731,-88.517745,162,118,171,60
1156,730,-94.681491,172,111,145,60
1163,729,-100.210217,169,105,131,60
1170,729,-101.353519,169,96,113,60
1180,727,-106.823554,182,92,100,60
1186,726,-108.931096,179,87,93,60
1196,723,-112.672042,179,78,80,60
1201,722,-113.761393,176,73,73,60
1207,720,-116.128155,185,67,63,60
1214,717,-122.361021,240,64,56,60
1219,714,-131.846995,370,66,52,60
1219,713,-144.274685,370,84,55,60
1218,713,-157.822163,370,166,69,60
1216,713,-167.059232,370,308,83,60
1215,714,-177.395622,370,370,99,60
1214,715,-178.501017,370,370,100,60
1214,711,-171.260959,370,370,99,60
1214,705,172.064397,305,370,370,60
1213,701,172.709446,370,370,137,60
1212,696,171.725310,370,370,142,60
1211,688,174.264759,370,370,124,60
1210,683,176.967265,370,370,147,60
1208,677,172.498004,370,370,145,60
1206,667,172.395174,370,370,149,60
1204,662,170.054383,370,370,149,60
1202,656,173.252983,370,370,154,60
1198,647,166.083799,370,370,188,60
1195,642,170.499231,370,370,165,60
1191,633,167.393300,370,370,180,60
1188,627,170.130320,370,370,192,60
1184,620,170.214921,370,370,199,60
1179,611,164.039168,370,370,212,60
1176,605,161.697869,370,370,283,60
1170,596,160.553943,370,370,309,60
1164,587,157.990372,370,370,338,60
1160,581,158.758942,370,370,370,60
1156,575,160.646514,370,370,338,60
1153,568,163.916904,370,370,313,60
1148,560,165.606538,370,370,341,60
1146,554,166.807922,317,370,245,60
1145,548,165.252306,288,370,306,60
1143,542,170.636937,303,370,266,60
1141,532,171.504591,337,370,227,60
1140,525,170.653353,299,370,272,60
1138,514,169.108012,283,370,305,60
1137,507,170.192960,292,370,285,60
1136,495,169.107355,289,370,290,60
1135,487,168.930942,285,370,298,60
1134,476,168.528428,278,370,316,60
1133,468,167.648892,289,363,286,60
1133,461,169.620430,289,352,289,60
1133,450,-141.896319,312,339,252,60
1134,443,-174.043231,370,339,186,60
1135,432,-173.300970,355,321,217,60
1136,425,-177.861187,370,319,188,60
1138,414,-167.224124,361,311,178,60
1140,406,-167.171528,348,304,175,60
1142,399,-167.661283,337,291,172,60
1144,387,-169.577908,327,283,169,60
1146,380,-168.590856,319,271,171,60
1147,373,-170.526992,316,262,173,60
1148,362,-168.700154,303,256,169,60
1149,355,-167.012960,292,250,166,60
1150,348,-170.495992,282,243,164,60
1151,337,-169.898363,275,230,166,60
1152,330,-168.711048,264,224,164,60
1152,320,-178.558101,292,208,199,60
1152,313,-144.446401,302,207,241,60
1152,307,170.527528,289,204,224,60
1152,300,165.382044,295,192,216,60
1152,289,146.904525,186,209,125,60
1151,283,173.190086,275,170,212,60
1151,276,179.247997,233,161,207,60
1150,265,168.908669,262,156,190,60
1149,258,165.524081,212,147,203,60
1148,251,173.233933,221,137,172,60
1147,243,176.982337,195,128,169,60
1145,232,176.482939,180,121,162,60
1142,221,168.785718,189,112,135,60
1140,214,175.134204,213,108,118,60
1139,207,176.217481,140,92,123,60
1136,197,176.075043,130,85,113,60
1133,191,175.185856,117,76,99,60
1130,182,174.244833,111,71,90,60
1128,176,172.648506,103,65,82,60
1124,169,169.746477,96,57,69,60
1121,164,167.542548,93,53,62,60
1118,159,164.604812,89,48,55,60
1113,153,158.811567,92,44,47,60
1111,153,148.898204,166,49,44,60
1110,154,123.516306,199,62,47,60
1110,155,107.557172,212,187,68,60
1111,156,78.566990,264,190,99,60
1112,157,56.616966,370,210,206,60
1112,158,37.379943,370,370,203,60
1111,160,32.237521,370,370,209,60
1105,166,25.431220,370,370,212,60
1101,171,23.105468,370,370,213,60
1094,179,22.706245,370,370,209,60
1089,185,21.672765,370,370,207,60
1085,190,20.735481,370,370,203,60
1077,200,21.147539,370,370,195,60
1072,206,22.147550,370,370,183,60
1065,215,21.760940,370,370,176,60
1060,221,20.858779,370,370,173,60
1053,230,18.553826,370,370,172,60
1049,236,17.117100,370,370,168,60
1043,245,14.344329,370,370,168,60
1040,250,13.455293,370,370,166,60
1035,259,13.514908,370,370,161,60
1031,265,12.757238,370,370,370,60
1028,270,12.384330,370,370,370,60
1025,276,12.083092,370,370,370,60
1020,285,11.400618,370,370,370,60
1016,291,11.648085,370,370,370,60
1012,298,17.242042,370,370,370,60
1008,303,21.417479,370,305,370,60
1002,308,29.358091,370,370,103,60
998,311,35.006923,370,370,93,60
993,314,42.821201,370,370,82,60
986,318,46.053284,370,370,75,60
981,321,43.882285,370,370,72,60
977,324,39.500318,370,370,69,60
973,327,34.462760,370,370,66,60
961,337,31.054388,370,370,59,60
955,343,28.835774,370,370,370,60
942,356,25.242787,370,370,370,60
936,363,21.868836,370,370,370,60
932,368,17.818511,370,370,370,60
927,375,18.801358,370,370,370,60
923,379,21.911369,370,370,370,60
917,386,28.813893,370,370,370,60
912,389,32.923322,370,370,370,60
907,393,39.531722,370,370,370,60
900,397,46.619710,197,370,370,60
894,400,49.186359,197,370,370,60
886,403,55.165977,370,370,364,60
881,405,59.062782,370,370,361,60
876,407,62.780110,370,370,361,60
867,408,70.340282,370,365,367,60
861,409,73.645580,370,348,370,60
853,409,84.282693,370,330,370,60
847,409,89.309717,370,316,370,60
842,408,99.915722,370,313,370,60
836,407,102.734894,357,310,370,60
830,405,111.291312,326,319,337,60
823,402,122.203728,306,337,314,60
818,399,127.602166,293,370,295,60
813,396,133.845244,289,370,292,60
809,392,143.403239,290,361,286,60
802,386,146.681640,283,352,281,60
797,382,149.090669,285,317,279,60
792,377,152.244525,286,300,262,60
785,368,155.796854,272,309,266,60
780,362,157.655104,271,294,262,60
775,357,159.429800,286,265,220,60
768,347,160.335418,279,249,234,60
760,338,157.140184,279,240,227,60
756,331,163.683223,272,233,243,60
751,324,155.927743,251,231,226,60
744,314,163.048346,258,216,226,60
739,307,160.291208,251,208,217,60
735,302,156.383288,234,208,203,60
729,295,150.454449,221,210,193,60
724,290,150.038774,212,207,185,60
718,284,150.659574,207,198,179,60
711,275,149.905841,203,190,173,60
706,269,152.715010,195,187,166,60
701,264,148.019546,186,180,158,60
695,258,150.961805,183,168,152,60
688,251,149.257291,178,163,147,60
683,246,149.767839,169,157,140,60
675,239,144.101774,155,159,131,60
669,235,138.919209,145,168,127,60
661,229,138.446158,141,159,123,60
656,225,134.592809,134,163,120,60
650,221,132.747115,124,169,116,60
645,218,130.688343,118,156,114,60
637,214,124.682980,113,137,114,60
632,212,120.052146,106,118,116,60
624,209,114.392427,100,105,118,60
616,207,108.156526,94,94,121,60
611,206,104.377015,90,81,131,60
602,205,98.166003,87,72,121,60
596,205,94.493173,82,62,96,60
590,204,84.963526,86,56,73,60
584,204,83.456359,79,50,65,60
575,205,81.792183,72,45,56,60
570,205,76.973582,66,39,47,60
568,206,62.605152,117,42,39,60
569,208,44.601584,370,61,44,60
570,208,24.765329,370,105,52,60
571,209,14.230351,370,160,61,60
572,209,5.169661,370,370,78,60
574,209,0.068822,370,370,96,60
575,209,-4.047489,370,370,100,60
576,212,-6.063204,370,370,116,60
579,217,-10.466405,370,370,134,60
583,222,-16.151762,370,370,173,60
587,226,-20.253491,370,370,214,60
590,230,-26.015399,268,370,298,60
597,235,-30.350818,255,370,370,60
602,239,-33.129948,247,370,370,60
608,244,-34.239791,235,370,370,60
616,250,-32.120155,230,370,370,60
620,255,-28.171835,234,370,370,60
624,260,-23.946544,234,370,370,60
629,267,-17.157693,370,370,303,60
631,271,-11.724731,370,370,250,60
633,276,-7.801137,370,370,220,60
634,280,-3.543413,370,370,200,60
635,287,-0.435558,370,370,189,60
635,293,-0.018197,370,370,185,60
635,300,-0.000920,370,370,185,60
635,311,-0.025504,370,370,185,60
635,318,-0.126684,370,370,185,60
636,329,-0.204352,370,370,186,60
637,336,-0.317530,353,370,189,60
638,343,-0.231442,343,370,190,60
639,351,-0.753021,334,370,193,60
640,362,-0.935805,323,370,195,60
642,370,-1.215057,314,370,197,60
643,377,-1.036121,299,370,200,60
645,388,-2.072435,288,370,207,60
647,398,-2.257850,282,370,212,60
649,405,-2.396128,282,370,213,60
651,412,-2.425729,276,370,219,60
653,420,-1.602867,278,370,217,60
655,431,-1.893090,274,370,220,60
657,438,-2.280753,269,370,227,60
658,446,-2.663193,265,370,230,60
661,457,-3.165554,261,370,234,60
664,465,-3.594537,257,370,240,60
666,473,-3.247114,252,370,245,60
668,485,-2.641864,252,363,244,60
670,493,-2.687210,250,351,248,60
673,505,-2.049184,248,344,248,60
675,512,-1.923075,247,335,250,60
676,520,-1.559349,245,324,251,60
678,529,-0.938103,247,315,250,60
680,541,-0.935687,245,307,251,60
681,549,-0.546854,245,299,251,60
682,557,-0.544183,243,287,254,60
683,566,-0.687009,241,278,257,60
684,578,-0.809122,238,270,259,60
685,586,-0.934090,235,262,261,60
686,594,-0.581202,237,254,259,60
687,603,-0.484475,235,241,261,60
688,615,-0.410309,235,233,261,60
689,623,-0.247631,235,225,261,60
689,631,-0.066891,235,213,261,60
690,643,-0.071257,233,205,264,60
690,651,-0.021837,234,193,262,60
690,664,0.018893,234,180,254,60
690,675,0.051751,234,172,243,60
690,684,0.004056,233,165,233,60
689,691,-0.032963,216,153,216,60
689,699,-0.013363,204,145,204,60
689,711,-0.012843,193,137,193,60
689,719,-0.003845,182,129,182,60
690,727,-0.036249,165,117,165,60
690,738,-0.121647,155,110,155,60
691,745,-0.232203,145,103,145,60
691,751,-0.404142,133,93,130,60
692,758,-0.714281,123,86,120,60
693,767,-1.404552,116,81,113,60
694,772,-1.903804,107,74,102,60
696,778,-2.684990,97,66,89,60
698,787,-2.700578,89,60,82,60
700,792,-3.616078,79,52,69,60
702,798,-5.243299,72,46,61,60
704,802,-7.693904,69,43,54,60
707,806,-11.183490,69,39,47,60
709,809,-21.949018,80,39,42,60
711,809,-32.746959,116,42,41,60
712,808,-53.545298,123,63,44,60
713,808,-74.618539,130,119,66,60
714,806,-102.793055,171,112,106,60
713,805,-124.051685,370,140,120,60
712,804,-148.412038,370,195,124,60
711,804,-157.706053,370,370,144,60
714,799,-164.422985,370,370,149,60
716,795,-168.568640,370,370,161,60
719,788,-171.631284,367,370,165,60
721,783,-173.116422,357,370,166,60
723,774,-174.608184,348,370,169,60
726,764,-174.360337,347,370,168,60
727,758,-175.811108,343,370,168,60
729,752,-176.375735,343,370,370,60
730,742,-177.678762,345,370,370,60
731,732,-175.792674,345,370,370,60
732,726,-178.071123,344,370,370,60
733,719,-177.828208,338,370,370,60
734,713,-177.790916,340,370,370,60
736,703,-175.282530,355,370,370,60
739,697,-175.448456,358,370,370,60
741,691,-172.859364,370,370,370,60
745,681,-170.419424,370,370,370,60
748,676,-169.612013,370,370,370,60
752,670,-168.394784,370,370,370,60
755,663,-166.088262,370,370,370,60
761,655,-162.253182,370,313,370,60
766,649,-160.819090,370,263,370,60
770,643,-158.129198,370,262,370,60
778,635,-155.720768,370,370,370,60
782,631,-154.560156,370,370,370,60
787,626,-152.967417,370,370,370,60
793,621,-150.814656,370,370,370,60
801,614,-146.555169,370,370,370,60
806,611,-142.869919,370,370,370,60
815,605,-136.939081,370,370,370,60
821,602,-132.895438,370,370,370,60
830,598,-126.651897,210,370,370,60
837,595,-120.827645,370,370,370,60
843,593,-114.969736,370,370,370,60
853,591,-107.925229,370,370,370,60
860,590,-104.545935,370,370,370,60
866,589,-102.560946,370,370,370,60
876,588,-100.465314,370,370,370,60
882,587,-97.587884,370,370,370,60
889,587,-94.024013,370,370,370,60
896,587,-89.799637,370,368,370,60
907,588,-84.490881,370,362,369,60
914,588,-79.665339,370,359,347,60
924,590,-74.270289,370,356,319,60
930,591,-69.769940,370,356,307,60
937,593,-65.068252,351,363,286,60
944,595,-62.576564,338,363,278,60
954,599,-59.804704,329,361,274,60
962,601,-59.298411,320,360,266,60
969,604,-59.731504,309,346,262,60
976,606,-60.250240,302,336,262,60
987,610,-60.121425,295,325,259,60
995,613,-57.515502,285,326,252,60
1002,616,-56.189729,272,321,245,60
1014,621,-55.664797,262,317,241,60
1021,624,-54.691978,251,304,235,60
1028,627,-54.037213,244,298,231,60
1039,632,-55.780754,237,285,230,60
1047,634,-53.769485,230,276,227,60
1054,638,-55.450248,219,262,221,60
1065,642,-55.120839,212,255,219,60
1072,645,-55.030099,200,241,214,60
1079,648,-57.542782,195,225,214,60
1090,651,-60.728349,188,209,216,60
1097,654,-63.548375,179,190,217,60
1107,657,-64.318711,173,182,217,60
1114,659,-64.630474,166,173,216,60
1121,661,-65.138311,159,165,214,60
1131,664,-66.251082,148,151,213,60
1138,666,-68.293699,141,142,213,60
1149,668,-69.249188,131,130,213,60
1156,669,-70.309872,124,121,212,60
1163,671,-71.437564,118,110,220,60
1170,672,-75.004119,111,103,207,60
1178,673,-76.347494,102,89,168,60
1189,675,-75.943808,93,82,154,60
1196,676,-78.452079,86,75,138,60
1207,676,-82.698614,76,62,103,60
1216,677,-87.074787,69,54,86,60
1222,677,-90.629640,62,45,65,60
1228,676,-96.749482,58,36,47,60
1233,675,-98.847548,52,32,39,60
1239,674,-112.436088,55,28,31,60
1241,673,-125.432624,94,31,28,60
1240,672,-141.265558,370,55,35,60
1240,671,-151.073164,370,79,41,60
1238,671,-166.588388,370,161,52,60
1237,670,-175.779768,370,322,63,60
1237,670,136.938528,370,370,73,60
1236,670,172.622475,370,370,102,60
1232,658,169.053616,370,370,109,60
1229,651,170.475985,370,370,116,60
1227,645,167.406897,370,370,135,60
1222,638,162.024974,370,370,171,60
1219,634,157.393737,370,370,226,60
1214,628,157.816407,370,370,276,60
1210,624,151.185040,370,370,344,60
1203,617,141.916503,370,370,370,60
1197,613,146.871934,370,370,370,60
1189,605,146.607971,370,370,370,60
1183,600,142.599066,370,370,370,60
1178,595,145.745063,370,370,370,60
1171,587,156.603636,370,370,370,60
1167,581,152.813530,370,370,370,60
1162,576,158.378676,370,370,362,60
1157,567,163.079840,324,370,274,60
1154,561,169.764182,331,370,299,60
1150,552,168.286466,319,370,245,60
1147,546,163.279807,303,370,324,60
1143,535,166.557983,299,370,275,60
1141,528,163.082358,317,370,247,60
1137,517,165.460260,275,370,329,60
1134,510,164.833349,278,370,316,60
1131,502,165.936101,271,370,330,60
1127,490,166.169407,269,370,331,60
1125,483,164.269778,265,370,338,60
1122,472,169.846656,272,368,316,60
1119,460,167.573544,264,358,333,60
1118,453,168.851886,265,345,326,60
1117,445,165.994083,255,341,354,60
1115,434,169.009071,265,329,326,60
1115,427,169.287057,264,321,327,60
1114,420,169.046033,261,311,331,60
1113,409,170.330890,257,305,345,60
1113,401,174.796173,305,290,264,60
1114,394,-169.862590,331,286,206,60
1115,382,-169.161616,327,276,209,60
1115,375,-169.051937,319,268,210,60
1116,367,-170.983022,310,256,213,60
1117,359,-168.771791,293,249,206,60
1118,348,-168.988415,286,241,206,60
1119,340,-168.681411,265,238,192,60
1120,332,-166.992575,257,223,197,60
1120,321,-172.276599,258,213,207,60
1120,314,163.744829,207,281,209,60
1121,303,170.167653,282,192,257,60
1120,297,169.753942,262,185,248,60
1119,286,166.813626,269,179,212,60
1119,279,167.065926,261,169,195,60
1118,267,178.013667,262,160,186,60
1118,259,168.809909,257,151,180,60
1117,251,167.074545,254,140,162,60
1116,240,165.690171,237,132,155,60
1115,233,178.887374,175,121,166,60
1113,226,172.969090,168,115,157,60
1111,216,173.251426,183,106,127,60
1110,209,168.940294,157,99,125,60
1107,199,176.804805,127,84,111,60
1105,190,174.882352,137,80,96,60
1102,184,170.396493,113,72,93,60
1100,179,163.072896,152,72,76,60
1096,172,169.950469,100,60,73,60
1094,167,167.070867,99,54,62,60
1089,161,161.879903,103,51,56,60
1086,157,157.068934,116,48,48,60
1083,156,141.156967,182,54,47,60
1081,156,125.976857,169,73,51,60
1081,157,106.318857,182,169,72,60
1080,158,78.454560,370,162,137,60
1080,160,53.513022,370,187,169,60
1079,161,38.654474,370,236,168,60
1076,164,30.415413,370,370,173,60
1073,169,24.931271,370,370,179,60
1067,176,20.548393,370,370,180,60
1064,181,17.925652,370,370,183,60
1059,189,14.829953,370,370,183,60
1055,195,11.983646,370,370,186,60
1052,201,10.364895,370,370,189,60
1049,210,7.701487,370,370,192,60
1046,216,6.053044,370,370,195,60
1043,225,4.161568,370,370,370,60
1041,232,3.378873,370,370,370,60
1039,241,2.617724,370,370,370,60
1037,248,2.531555,370,370,370,60
1036,254,3.246151,370,370,370,60
1032,263,5.024382,370,370,370,60
1030,269,6.881627,370,370,370,60
1026,278,10.281959,370,370,370,60
1022,284,12.457936,370,370,370,60
1019,290,14.725717,370,370,370,60
1013,298,16.110944,370,370,370,60
1009,304,17.650996,370,361,370,60
1005,309,17.730962,370,343,370,60
999,317,20.596294,370,301,370,60
994,322,23.426736,370,289,370,60
989,327,26.990729,370,370,370,60
981,334,31.339521,370,370,370,60
976,338,35.505911,370,370,370,60
970,342,38.092422,370,370,370,60
964,346,38.799502,370,370,370,60
956,352,45.305582,370,370,47,60
950,355,49.371374,370,370,39,60
943,357,54.303078,243,370,28,60
928,364,54.719057,241,370,31,60
920,368,50.208836,233,370,370,60
910,373,46.727008,221,370,370,60
901,379,41.988390,213,370,370,60
894,385,32.626164,370,370,370,60
889,389,32.715454,370,370,370,60
884,392,34.955502,370,370,370,60
878,396,38.957351,199,370,361,60
870,402,43.388079,193,370,347,60
863,405,46.142768,370,370,337,60
857,408,48.261202,370,370,330,60
848,412,53.003325,370,370,324,60
842,415,58.919745,370,370,323,60
835,417,58.415359,370,359,313,60
824,420,63.131745,370,336,310,60
817,422,64.764657,370,322,306,60
810,424,66.598517,370,316,298,60
800,427,68.459189,370,293,293,60
792,428,70.864766,370,275,288,60
784,429,73.317286,370,262,285,60
772,431,74.675151,370,255,276,60
764,432,77.528464,370,242,274,60
756,433,77.685076,370,228,264,60
750,434,74.235142,370,225,248,60
743,436,63.507691,370,231,230,60
739,438,58.051744,370,246,217,60
733,441,54.445087,370,257,210,60
727,443,54.503264,370,244,202,60
720,446,52.348181,370,242,193,60
710,451,55.096482,370,227,186,60
703,453,53.605518,370,224,179,60
693,458,50.954385,370,218,171,60
687,461,48.584976,370,219,164,60
682,464,46.109256,370,217,157,60
673,469,41.515297,370,220,151,60
668,472,38.498589,370,233,148,60
660,478,35.677847,370,232,141,60
654,482,31.773147,370,258,141,60
650,486,30.631097,370,255,134,60
645,491,28.650580,370,263,131,60
638,497,25.819235,370,280,131,60
634,502,22.633839,370,306,130,60
631,506,20.998245,370,321,127,60
626,513,16.702894,370,353,127,60
623,517,13.831062,370,338,130,60
619,525,12.252268,370,331,128,60
616,530,9.618659,370,323,131,60
614,535,9.938834,370,315,131,60
610,544,7.222056,370,306,128,60
608,549,6.663089,370,297,128,60
605,558,5.284315,370,290,130,60
603,563,3.959479,370,282,128,60
602,568,1.830695,370,276,133,60
601,577,1.205891,369,270,133,60
601,582,0.327837,362,265,135,60
600,590,0.000539,361,257,135,60
601,595,-0.152820,353,249,137,60
602,600,-0.738010,348,244,141,60
603,607,-1.768245,345,239,145,60
605,612,-2.593753,337,232,151,60
607,620,-4.909063,329,228,157,60
609,625,-6.116744,316,222,169,60
611,630,-8.061716,300,216,183,60
614,635,-9.463751,290,212,196,60
618,643,-10.932394,278,209,216,60
622,648,-12.086193,268,205,234,60
625,652,-13.772812,261,199,224,60
629,658,-17.349450,245,196,212,60
635,665,-20.645398,234,195,202,60
639,670,-19.448578,228,187,195,60
646,678,-22.469624,220,183,186,60
651,683,-24.326120,212,179,180,60
656,688,-24.201170,206,175,173,60
661,692,-24.548286,195,170,165,60
668,699,-27.925769,188,168,158,60
672,703,-29.589757,175,166,149,60
677,707,-31.566800,168,165,145,60
682,711,-33.307111,161,165,141,60
689,716,-41.601483,152,174,137,60
694,718,-46.257036,142,187,135,60
702,722,-51.435471,134,174,134,60
708,724,-57.593768,128,154,135,60
713,726,-63.208729,123,130,141,60
719,727,-66.876428,117,119,145,60
727,729,-70.455201,113,109,149,60
733,729,-75.966417,111,100,158,60
739,730,-81.662462,109,88,147,60
748,730,-86.062841,104,82,128,60
753,729,-92.340644,107,73,100,60
762,729,-95.224423,103,67,87,60
767,728,-98.765880,97,61,79,60
772,727,-106.767889,116,58,63,60
780,724,-115.852677,370,55,55,60
784,722,-121.042598,370,54,48,60
788,720,-126.265531,334,54,44,60
790,718,-143.057737,370,67,45,60
789,717,-157.414512,370,370,54,60
788,717,-168.298510,370,370,66,60
787,717,-174.596012,370,370,85,60
785,715,-178.677448,370,370,89,60
786,706,173.017573,338,370,370,60
784,694,173.216797,351,370,370,60
782,686,173.220731,354,370,370,60
780,680,173.134575,343,370,370,60
777,671,171.858718,341,370,370,60
775,663,171.966693,336,370,370,60
774,656,172.972719,337,370,370,60
771,645,174.691105,333,370,370,60
769,637,173.120580,341,370,370,60
768,630,173.923653,333,370,370,60
767,622,172.735317,327,370,370,60
765,611,174.403513,333,370,370,60
764,604,177.021976,350,370,370,60
764,596,176.192198,343,370,370,60
763,585,178.015948,344,370,370,60
763,578,-173.464737,370,370,370,60
764,570,-179.502907,370,370,370,60
765,559,-177.565501,370,370,370,60
766,552,-175.083466,370,370,370,60
767,544,-175.263732,370,370,370,60
769,533,-175.536952,370,370,370,60
771,526,-176.957835,370,370,370,60
772,518,-173.919305,370,370,370,60
775,507,-174.680548,370,370,370,60
777,500,-174.760200,370,370,370,60
780,493,-174.069207,370,370,370,60
784,482,-173.097071,370,351,370,60
788,472,-170.944609,370,269,370,60
791,465,-170.197152,370,354,109,60
795,459,-169.289553,370,298,102,60
800,449,-164.260266,370,228,94,60
803,444,-165.675233,370,162,370,60
806,436,-164.967731,367,135,82,60
808,432,-168.129437,370,194,61,60
809,427,-173.532877,370,314,55,60
810,419,-172.944698,370,240,51,60
812,411,-172.107784,367,230,49,60
812,404,-171.308563,364,264,49,60
812,391,-169.281998,351,277,49,60
812,383,169.840328,358,279,92,60
810,368,167.144933,353,266,99,60
809,361,172.970344,370,251,79,60
808,356,171.374749,370,244,87,60
805,349,174.125334,370,237,83,60
803,344,164.904229,370,234,92,60
799,338,165.952743,333,234,125,60
796,334,162.639093,320,231,147,60
792,330,155.540385,303,235,185,60
789,328,144.335567,278,258,224,60
785,326,130.938623,261,307,220,60
781,325,121.160284,257,316,224,60
777,324,112.729993,264,267,244,60
769,322,104.912066,271,250,259,60
763,321,101.991452,272,235,272,60
757,321,99.870644,272,227,281,60
745,319,98.644855,266,218,285,60
738,319,97.840202,262,210,289,60
726,317,99.323575,244,198,283,60
719,316,97.773045,234,190,283,60
711,316,97.257551,223,179,286,60
699,314,94.768383,223,170,258,60
691,314,92.679738,212,157,233,60
679,313,90.668641,200,145,209,60
670,312,93.211810,182,136,204,60
658,311,92.480161,172,129,195,60
651,311,91.280002,161,117,169,60
644,310,89.881360,155,110,155,60
634,310,85.699671,152,103,140,60
627,310,82.576915,152,94,117,60
618,311,80.022062,145,88,109,60
611,312,77.066364,145,82,96,60
605,313,74.667800,144,75,83,60
597,314,71.697654,145,71,76,60
592,315,65.157443,172,67,65,60
585,318,56.809179,217,66,59,60
580,320,51.670826,345,67,55,60
576,322,47.232766,370,66,51,60
575,324,33.645286,370,96,55,60
574,326,17.185136,370,157,63,60
575,327,7.428692,370,321,76,60
576,329,0.108236,370,370,97,60
577,329,-1.728281,370,370,103,60
578,333,-3.033431,370,370,113,60
580,338,-7.074598,370,370,128,60
584,343,-12.731870,370,370,138,60
586,346,-19.923729,370,370,213,60
591,350,-25.746507,370,370,279,60
595,353,-30.984707,370,370,370,60
602,358,-37.099731,370,370,370,60
608,362,-40.026928,370,367,370,60
617,367,-41.666105,370,342,370,60
623,371,-42.249856,370,320,370,60
629,375,-42.189033,370,308,370,60
639,382,-39.909158,370,305,370,60
645,386,-38.372584,370,309,370,60
650,391,-37.298593,370,310,370,60
657,396,-40.161168,370,298,370,60
661,398,-43.478454,370,269,370,60
665,399,-53.372271,370,370,370,60
669,400,-59.069289,180,370,370,60
672,401,-67.453035,168,370,370,60
677,401,-79.006952,176,370,298,60
682,401,-80.115995,176,370,255,60
691,402,-79.799629,169,370,255,60
698,403,-78.613865,158,370,247,60
706,404,-75.839571,147,370,240,60
717,406,-74.616828,130,370,233,60
725,407,-76.546081,118,370,235,60
736,408,-79.170506,113,370,238,60
743,409,-80.112268,104,370,370,60
754,410,-85.654499,97,370,370,60
760,410,-87.539943,89,370,370,60
767,410,-87.899573,80,370,370,60
778,411,-83.946888,69,370,370,60
789,412,-80.348880,75,370,370,60
796,413,-78.126929,370,370,370,60
809,415,-78.503031,370,370,370,60
826,417,-75.909686,370,370,370,60
836,419,-70.256665,370,370,370,60
844,421,-66.892862,370,370,370,60
856,424,-65.669455,370,370,370,60
863,426,-64.504643,370,370,370,60
870,428,-64.314816,370,370,370,60
880,432,-61.660526,370,370,370,60
887,434,-58.174691,370,370,370,60
897,439,-52.453462,370,370,370,60
904,442,-48.756468,370,370,370,60
910,446,-46.262193,361,370,370,60
917,450,-43.706067,355,370,370,60
926,456,-41.110280,350,370,370,60
936,462,-37.630549,344,370,370,60
942,467,-35.656975,338,370,370,60
948,471,-34.124087,334,370,370,60
957,478,-33.041935,330,370,370,60
963,483,-33.204037,320,370,370,60
969,488,-32.887743,314,370,368,60
977,495,-31.840719,309,370,362,60
983,500,-30.190384,305,370,360,60
990,508,-27.126314,305,370,357,60
996,514,-24.155415,305,365,329,60
1003,522,-21.283812,305,348,307,60
1008,528,-19.121729,306,336,289,60
1015,537,-16.511906,307,326,278,60
1019,544,-15.319289,307,316,275,60
1024,551,-15.098460,305,309,278,60
1028,557,-15.730885,298,302,290,60
1035,566,-17.880567,285,295,319,60
1040,572,-19.950950,275,292,307,60
1044,577,-22.086019,259,290,292,60
1049,583,-23.585607,250,287,282,60
1057,591,-24.999074,238,287,274,60
1062,596,-25.098070,234,280,268,60
1070,605,-25.212427,226,271,259,60
1076,610,-25.277381,223,262,257,60
1081,615,-25.970260,212,258,245,60
1088,623,-26.087952,207,251,241,60
1093,627,-27.273988,199,250,233,60
1101,634,-27.885197,190,243,226,60
1109,642,-29.310443,180,239,217,60
1114,646,-30.431197,171,234,209,60
1122,653,-32.446746,159,231,200,60
1128,657,-35.984433,149,238,195,60
1136,663,-40.086040,142,226,190,60
1142,666,-43.938880,135,201,188,60
1150,670,-49.171248,125,171,185,60
1158,674,-54.335154,116,144,185,60
1164,676,-56.636860,110,131,185,60
1169,678,-59.246202,102,116,186,60
1178,681,-59.913424,96,107,186,60
1184,683,-62.059045,90,98,185,60
1190,685,-64.849776,82,85,186,60
1196,686,-67.050536,76,76,186,60
1204,688,-72.811378,72,69,154,60
1210,689,-78.545989,65,56,99,60
1219,689,-84.241876,61,49,79,60
1224,689,-87.280269,54,40,59,60
1234,688,-93.818153,52,34,45,60
1239,687,-97.554211,44,28,37,60
1243,686,-105.323160,41,23,27,60
1244,685,-120.187472,87,27,25,60
1244,684,-144.781669,370,43,30,60
1243,684,-158.841722,370,72,37,60
1242,683,-170.670899,370,258,56,60
1240,684,-178.020063,370,370,65,60
1239,685,174.262425,370,370,102,60
1238,686,166.431575,370,370,117,60
1233,675,169.642515,370,370,134,60
1229,668,168.136311,370,370,130,60
1224,661,161.408594,370,370,148,60
1221,657,153.090060,370,370,266,60
1218,654,150.962838,370,370,323,60
1212,650,144.118860,370,370,370,60
1208,647,135.303421,370,370,370,60
1203,644,132.373829,289,370,370,60
1193,638,128.612786,283,370,370,60
1187,634,131.583207,276,370,370,60
1180,630,136.316630,370,370,370,60
1170,623,135.335319,370,368,370,60
1164,619,136.752452,370,370,370,60
1157,614,140.294783,370,370,370,60
1150,609,134.428441,370,331,370,60
1140,603,135.912054,370,330,370,60
1134,597,137.366774,370,338,370,60
1128,592,141.266211,370,367,370,60
1122,589,142.195073,370,348,370,60
1116,586,131.305534,370,296,370,60
1112,584,122.586078,228,370,370,60
1106,581,121.376288,207,370,370,60
1100,579,121.655509,223,370,370,60
1092,576,112.209387,188,370,370,60
1085,575,112.017671,180,370,370,60
1074,571,113.230536,172,370,370,60
1067,569,117.871245,171,370,370,60
1060,566,117.718054,370,370,370,60
1059,566,119.963734,370,370,370,60
1059,566,118.715533,370,370,370,60
1059,566,117.374993,169,370,370,60
1059,566,117.721817,370,370,370,60
1059,566,118.901065,370,370,370,60
1059,566,116.289860,370,370,370,60
1059,566,118.112309,370,370,370,60
1059,566,121.727931,370,370,370,60
1059,566,119.532238,370,370,370,60
1059,566,119.677554,370,370,370,60
1059,566,118.735053,370,370,370,60
1059,566,117.843173,370,370,370,60
1059,566,119.180920,370,370,370,60
1059,566,118.117772,370,370,370,60
1059,566,119.388639,370,370,370,60
1059,566,117.281620,370,370,370,60
1059,566,118.660024,370,370,370,60
1059,566,118.445419,370,370,370,60
1059,566,118.909559,370,370,370,60
1059,566,121.156015,370,370,370,60
1059,566,121.145893,370,370,370,60
1059,566,118.130587,370,370,370,60
1059,566,121.504755,370,370,370,60
1059,566,121.175984,370,370,370,60
1059,566,116.756471,370,370,370,60
1059,566,115.635461,370,370,370,60
1059,566,119.054826,370,370,370,60
1059,566,121.024228,370,370,370,60
1059,566,117.048280,370,370,370,60
1059,566,117.564133,370,370,370,60
1059,566,117.621383,370,370,370,60
1059,566,118.973802,370,370,370,60
1059,566,116.640971,370,370,370,60
1059,566,116.655609,178,370,370,60
1059,566,117.925300,370,370,370,60
1059,566,121.322168,370,370,370,60
1059,566,117.102573,370,370,370,60
1059,566,117.464751,370,370,370,60
1059,566,116.817262,370,370,370,60
1059,566,117.424282,370,370,370,60
1059,566,117.413280,370,370,370,60
1059,566,121.388167,370,370,370,60
1059,566,118.458380,370,370,370,60
1059,566,117.440615,370,370,370,60
1059,566,118.314777,370,370,370,60
1059,566,116.623094,370,370,370,60
1059,566,117.791996,179,370,370,60
1059,566,117.840762,370,370,370,60
1059,566,121.940541,370,370,370,60
1059,566,117.317269,370,370,370,60
1059,566,116.439712,370,370,370,60
1059,566,117.712004,370,370,370,60
1059,566,117.211412,370,370,370,60
1059,566,118.008615,370,370,370,60
1059,566,116.927666,370,370,370,60
1059,566,116.717403,370,370,370,60
1059,566,117.460451,370,370,370,60
1059,566,117.229990,370,370,370,60
1059,566,121.026973,370,370,370,60
1059,566,116.078380,370,370,370,60
1059,566,116.421829,370,370,370,60
1059,566,118.504210,370,370,370,60
1059,566,117.638539,370,370,370,60
1059,566,119.379533,370,370,370,60
1059,566,119.235430,370,370,370,60
1059,566,117.600860,370,370,370,60
1059,566,121.756459,370,370,370,60
1059,566,118.350853,370,370,370,60
1059,566,118.840797,370,370,370,60
1059,566,117.592154,370,370,370,60
1059,566,119.225383,370,370,370,60
1059,566,117.768083,370,370,370,60
1059,566,121.892765,370,370,370,60
1059,566,117.781213,370,370,370,60
1059,566,116.872997,370,370,370,60
1059,566,118.911180,370,370,370,60
1059,566,118.104386,370,370,370,60
1059,566,116.861524,370,370,370,60
1059,566,119.182029,370,370,370,60
1059,566,117.296977,370,370,370,60
1059,566,117.289474,370,370,370,60
1059,566,119.082841,370,370,370,60
1059,566,121.647243,370,370,370,60
1059,566,118.101521,370,370,370,60
1059,566,117.981072,370,370,370,60
1059,566,121.880758,370,370,370,60
1059,566,117.428184,370,370,370,60
1059,566,121.259961,370,370,370,60
1059,566,117.640656,370,370,370,60
1059,566,121.342811,370,370,370,60
1059,566,117.080431,370,370,370,60
1059,566,116.785153,370,370,370,60
1059,566,116.385620,370,370,370,60
1059,566,121.711771,370,370,370,60
1059,566,118.274590,370,370,370,60
1059,566,118.700075,370,370,370,60
1059,566,118.355651,370,370,370,60
1059,566,121.165856,370,370,370,60
1059,566,121.429064,370,370,370,60
1059,566,116.864533,370,370,370,60
1059,566,117.534280,370,370,370,60
1059,566,118.501242,370,370,370,60
