642,793,-175.740014,207,66,38,60
642,793,-179.735968,196,71,39,60
643,790,-178.558732,199,68,38,60
643,787,-178.150858,202,63,35,60
643,785,-178.405128,203,60,34,60
642,785,175.189373,175,82,39,60
641,785,168.467756,168,370,42,60
639,786,150.091604,135,327,59,60
639,788,132.148072,117,183,370,60
638,788,115.611256,113,119,333,60
627,785,106.370131,110,107,245,60
620,783,108.782857,102,94,192,60
615,781,121.087566,90,97,283,60
611,779,129.299794,86,103,370,60
608,777,138.353875,83,125,370,60
603,773,148.004031,85,153,370,60
599,767,158.960114,92,227,370,60
598,764,165.199666,99,330,370,60
596,759,171.758869,106,370,72,60
596,756,174.928061,116,370,65,60
595,748,174.885572,116,370,62,60
594,739,177.075507,117,370,56,60
595,732,-177.712896,147,370,45,60
598,716,-173.915701,142,370,370,60
600,709,-175.446812,151,370,370,60
606,693,-170.333704,190,370,370,60
609,686,-171.867694,183,370,370,60
612,681,-167.754848,209,370,370,60
615,678,-162.499137,257,370,370,60
617,675,-154.556109,337,370,370,60
622,672,-142.845492,370,370,370,60
625,671,-139.319560,370,370,331,60
629,669,-125.323180,370,370,351,60
632,668,-121.188230,370,370,370,60
636,667,-112.492015,370,370,35,60
642,667,-99.724089,370,370,18,60
646,667,-90.285669,370,324,3,60
661,668,-86.538499,0,0,0,60
670,668,-88.937438,0,0,0,60
682,668,-91.065446,370,288,3,60
692,666,-104.738399,370,265,10,60
693,664,-123.364078,370,370,370,60
694,663,-135.624956,370,370,275,60
702,656,-146.692298,370,370,370,60
707,652,-144.303065,370,370,370,60
710,650,-140.425994,370,370,370,60
714,648,-131.413587,370,370,251,60
717,647,-121.937801,370,370,283,60
722,646,-109.532304,370,370,370,60
725,646,-99.473461,370,370,370,60
729,646,-89.153110,370,223,353,60
733,647,-76.249668,370,259,275,60
737,649,-68.987380,370,370,245,60
740,650,-61.144274,370,370,223,60
745,653,-49.198872,220,341,206,60
748,655,-41.413877,241,279,199,60
750,657,-33.582972,370,236,196,60
754,662,-21.325346,370,208,197,60
755,665,-16.656592,370,193,203,60
757,669,-12.439458,344,183,207,60
759,673,-7.869712,285,173,214,60
760,679,-2.586307,254,167,221,60
760,683,-0.402877,228,161,226,60
760,689,0.115578,221,157,221,60
759,692,0.831609,216,154,219,60
758,695,2.727342,202,149,220,60
757,698,4.727662,192,147,224,60
754,702,9.992729,179,145,235,60
752,705,14.229688,168,144,63,60
749,708,19.531081,158,145,48,60
747,710,25.206156,145,151,30,60
740,716,28.069729,140,151,23,60
735,721,26.846135,135,145,20,60
729,727,25.943512,131,135,21,60
722,734,22.981140,124,125,18,60
717,740,19.794292,117,113,223,60
712,747,15.617604,114,106,212,60
708,753,13.727840,107,95,176,60
704,760,13.441870,104,90,161,60
701,764,16.439211,96,85,159,60
696,770,20.416893,86,83,182,60
692,774,23.809309,78,79,189,60
687,778,24.143987,73,75,182,60
680,784,30.010080,69,75,171,60
675,789,32.755143,63,72,162,60
669,792,44.671719,59,75,148,60
666,792,60.006782,69,128,140,60
664,791,86.623108,86,135,151,60
663,790,106.810885,142,130,212,60
662,789,123.965205,135,159,370,60
657,786,126.985312,130,161,370,60
647,781,133.771723,124,163,370,60
643,778,140.420653,120,177,370,60
640,774,150.176002,125,240,62,60
638,771,158.262166,133,325,51,60
635,766,165.427714,141,370,44,60
631,759,166.194040,141,370,42,60
627,752,164.523641,138,370,41,60
619,737,162.635801,123,370,44,60
614,729,158.671753,109,274,370,60
606,718,155.833905,96,221,370,60
600,710,157.361747,92,219,370,60
594,703,154.652051,85,190,370,60
592,700,162.810977,89,258,370,60
590,695,169.123954,94,362,370,60
589,690,173.890674,104,370,370,60
588,686,176.347267,109,370,370,60
589,681,-142.416418,107,370,370,60
589,678,-178.034343,124,370,370,60
591,672,-176.367028,134,370,370,60
593,669,-172.935322,149,370,370,60
596,665,-165.961020,175,370,370,60
599,662,-160.319557,213,370,370,60
603,659,-149.987518,343,370,370,60
606,657,-136.472750,370,370,370,60
610,656,-130.797009,370,370,370,60
614,654,-114.611416,370,370,83,60
618,654,-109.975696,370,370,61,60
624,654,-91.041777,370,330,25,60
630,655,-80.136324,370,53,11,60
646,657,-75.298254,370,21,7,60
655,658,-78.060253,370,16,4,60
665,659,-85.355936,370,39,7,60
669,659,-95.792230,370,297,16,60
672,657,-116.065642,370,370,56,60
672,655,-138.207061,370,370,312,60
672,654,-151.948752,370,370,370,60
677,648,-153.573685,370,370,370,60
685,639,-156.495300,370,370,370,60
688,637,-150.994988,370,370,370,60
693,634,-140.696731,370,370,370,60
696,632,-129.381741,370,370,370,60
700,631,-124.301041,334,370,281,60
706,630,-110.506507,370,370,370,60
710,630,-101.162272,370,370,370,60
716,630,-85.796607,370,234,351,60
720,631,-76.369994,370,266,293,60
724,633,-65.769740,370,370,245,60
730,635,-51.295018,370,370,227,60
733,638,-42.188603,243,311,11,60
735,640,-34.565047,272,266,7,60
739,645,-25.610006,0,0,0,60
746,651,-24.774072,370,217,213,60
753,657,-29.991774,370,218,199,60
756,660,-33.467830,370,221,195,60
760,662,-39.287430,261,239,190,60
763,665,-38.861326,252,239,186,60
767,668,-35.522117,370,224,183,60
772,673,-26.071059,370,203,183,60
775,678,-21.493326,370,186,185,60
778,682,-17.522947,355,171,183,60
783,690,-12.415923,303,163,185,60
786,696,-10.138965,271,154,182,60
788,701,-7.566064,248,148,180,60
792,710,-5.164910,217,138,176,60
794,716,-3.890664,200,131,172,60
796,725,-2.614270,182,122,164,60
797,732,-2.115084,169,115,157,60
799,742,-1.584032,154,106,145,60
800,748,-1.212264,138,96,133,60
801,755,-0.599537,127,89,124,60
801,766,-0.224336,116,82,116,60
801,773,-0.045089,104,74,104,60
801,782,-0.014167,93,66,93,60
802,790,-0.003682,76,54,76,60
801,801,-0.000349,66,47,66,60
801,808,-0.005611,55,39,55,60
802,816,-0.016938,39,28,39,60
802,822,-0.134784,31,22,31,60
804,824,-6.400624,30,20,27,60
805,823,-16.019452,37,21,25,60
805,822,-29.459663,90,29,27,60
805,820,-44.367715,370,44,32,60
805,820,-71.142589,370,84,42,60
804,818,-99.484018,238,370,99,60
802,817,-118.201672,370,221,230,60
800,817,-141.649021,370,226,370,60
799,816,-148.647013,370,370,370,60
803,812,-153.084503,370,370,227,60
809,808,-145.207593,370,370,370,60
812,806,-136.323136,370,214,370,60
817,804,-120.972245,370,205,370,60
821,803,-111.874758,370,199,262,60
827,803,-95.504474,370,370,140,60
831,804,-83.509720,199,370,97,60
836,805,-71.849568,370,198,68,60
839,806,-60.393569,370,109,55,60
847,809,-51.677992,370,82,49,60
854,813,-49.614437,370,64,42,60
863,817,-59.921202,370,64,39,60
865,816,-77.110188,370,214,59,60
867,814,-106.842274,178,370,103,60
868,813,-127.492969,370,370,237,60
869,812,-140.623480,370,168,370,60
875,806,-149.791787,370,173,370,60
880,802,-148.050184,370,175,370,60
885,798,-140.459449,370,158,370,60
888,796,-134.514459,370,144,370,60
891,795,-126.180455,370,133,370,60
897,794,-113.426415,161,370,259,60
901,794,-102.685394,140,370,165,60
907,794,-88.902035,130,361,128,60
911,795,-77.844443,370,358,94,60
915,796,-69.093866,370,239,79,60
921,799,-57.056758,360,120,63,60
927,801,-54.398536,350,100,58,60
933,804,-54.199670,340,89,54,60
944,808,-53.339769,333,82,49,60
948,809,-61.575389,329,86,49,60
950,809,-79.809541,370,307,72,60
951,808,-101.095410,370,318,123,60
951,806,-128.557914,116,356,265,60
951,805,-140.883495,370,94,324,60
955,802,-145.615755,370,92,327,60
963,795,-147.377173,370,87,326,60
967,792,-138.733179,370,77,314,60
971,791,-128.700475,118,370,303,60
976,790,-112.105912,78,328,307,60
980,789,-99.569845,370,296,178,60
984,790,-89.864608,370,280,118,60
987,790,-80.507206,341,281,97,60
992,792,-66.549633,305,223,82,60
996,793,-59.121774,281,128,68,60
1004,797,-57.836272,274,115,63,60
1011,800,-56.935372,268,112,62,60
1018,802,-56.553690,259,101,58,60
1029,806,-58.536057,250,101,55,60
1036,809,-60.510600,244,99,52,60
1041,810,-65.677570,240,123,55,60
1042,809,-89.628857,271,226,72,60
1042,808,-107.928355,370,234,159,60
1042,807,-135.498395,140,295,230,60
1043,806,-145.963734,78,370,238,60
1049,799,-151.825213,65,370,247,60
1053,794,-149.214808,73,370,233,60
1061,787,-147.220633,82,370,224,60
1071,780,-143.296022,97,345,212,60
1078,775,-131.004129,121,294,199,60
1086,772,-124.438025,370,235,189,60
1091,770,-118.047989,370,206,186,60
1096,769,-113.800521,370,191,185,60
1104,767,-109.837042,370,177,179,60
1110,766,-104.539636,307,160,179,60
1120,765,-96.554073,274,151,175,60
1126,765,-92.780988,213,140,169,60
1133,765,-86.263490,175,131,142,60
1143,766,-78.323684,154,127,128,60
1153,768,-72.359653,140,122,117,60
1160,770,-68.555304,121,116,106,60
1168,772,-66.635774,106,107,97,60
1175,774,-65.545598,97,101,93,60
1183,776,-65.045890,89,92,90,60
1194,779,-67.859840,82,82,92,60
1201,780,-69.385440,75,73,90,60
1211,782,-73.242408,65,60,93,60
1218,784,-74.759496,58,52,94,60
1225,785,-76.786279,47,41,76,60
1235,786,-77.180588,39,35,65,60
1242,787,-78.909411,32,27,47,60
1249,788,-81.111531,24,20,34,60
1256,788,-88.254203,11,9,14,60
1258,787,-104.335646,11,7,10,60
1257,786,-126.525468,23,10,10,60
1256,785,-140.286848,370,24,17,60
1255,785,-155.743573,370,47,25,60
1253,784,-167.985732,370,189,42,60
1252,784,-177.841615,370,370,55,60
1251,783,169.217400,370,370,370,60
1249,781,171.131217,195,370,89,60
1242,768,164.161306,185,370,100,60
1238,761,165.490599,173,370,127,60
1236,756,167.552971,168,370,120,60
1233,751,164.902795,162,370,135,60
1230,744,158.363813,158,370,131,60
1225,735,166.021265,152,370,130,60
1221,728,169.554991,145,370,135,60
1215,717,167.450677,133,345,180,60
1212,710,170.080300,127,353,168,60
1209,702,170.425465,370,365,158,60
1205,695,171.702790,370,370,158,60
1201,684,173.845083,370,370,152,60
1199,678,174.854924,370,318,189,60
1197,671,176.357173,370,370,149,60
1195,664,169.863740,370,321,179,60
1193,654,169.066073,370,314,180,60
1192,647,177.022987,370,370,151,60
1191,640,175.786251,370,370,157,60
1190,630,176.654865,370,370,155,60
1190,623,177.682870,370,370,151,60
1190,616,-141.223436,370,370,165,60
1191,605,-178.973891,370,370,141,60
1191,598,-178.110382,370,370,140,60
1192,587,-176.547568,370,370,141,60
1193,579,-177.303699,193,370,114,60
1195,568,-175.875709,182,370,120,60
1197,560,-174.333012,175,370,123,60
1198,552,-169.046416,179,370,109,60
1199,545,-175.081139,168,370,120,60
1201,534,-177.583188,171,370,109,60
1203,526,-173.245667,169,370,106,60
1205,514,-172.332007,169,370,99,60
1206,506,-173.068217,165,370,99,60
1208,499,-168.595135,151,370,109,60
1210,487,-167.892200,154,370,97,60
1211,480,-175.095895,151,370,96,60
1212,473,-172.603094,142,361,99,60
1214,462,-165.858002,144,357,92,60
1214,454,-168.515586,141,350,89,60
1215,443,-167.042523,370,339,87,60
1216,436,-176.742725,121,325,104,60
1216,425,-177.080462,118,315,100,60
1217,419,136.172660,111,307,106,60
1216,409,178.355526,102,297,118,60
1216,401,167.642858,92,292,151,60
1215,394,169.031732,86,285,151,60
1215,383,177.801574,370,273,128,60
1215,375,173.088428,370,264,117,60
1214,367,179.172120,365,252,117,60
1214,355,147.654525,251,93,61,60
1214,347,133.706705,303,237,99,60
1214,339,-144.366968,370,235,164,60
1214,331,-177.690805,292,216,106,60
1214,320,136.182644,219,123,66,60
1214,313,176.885386,370,209,173,60
1214,306,177.177310,276,194,114,60
1214,297,165.447405,347,188,165,60
1213,287,178.680021,254,176,118,60
1213,280,177.608299,290,172,147,60
1213,269,178.443489,224,158,116,60
1213,262,170.041540,257,152,147,60
1213,254,-178.689695,182,140,103,60
1214,241,-135.309927,268,137,151,60
1215,233,-169.115034,171,122,111,60
1215,221,-170.504056,148,110,104,60
1216,214,-177.182281,141,102,107,60
1217,206,-178.348565,130,95,106,60
1217,198,-169.575342,102,85,87,60
1218,186,-176.998317,97,75,96,60
1219,178,-178.362789,93,67,96,60
1219,168,-179.353639,78,56,80,60
1220,160,144.006672,68,48,68,60
1220,153,-142.535224,59,41,58,60
1219,142,167.662568,48,31,41,60
1219,136,178.413690,35,24,32,60
1218,133,174.223815,28,19,25,60
1217,134,166.727421,38,20,24,60
1216,135,142.055813,130,30,25,60
1215,136,127.912169,171,33,27,60
1215,137,119.870972,370,49,32,60
1215,138,97.399738,370,113,45,60
1215,139,80.062094,200,344,99,60
1214,141,53.596556,159,370,221,60
1214,142,34.383513,370,171,370,60
1215,142,19.658635,213,370,370,60
1213,147,13.195343,165,370,370,60
1211,150,14.578816,178,370,370,60
1205,157,25.673477,220,370,370,60
1202,159,35.238226,370,149,370,60
1198,160,40.387395,370,161,341,60
1193,162,52.610990,370,178,370,60
1190,163,64.005128,135,370,312,60
1185,163,78.284494,155,368,172,60
1182,163,87.021031,188,370,120,60
1178,162,98.669383,370,370,92,60
1174,161,111.883334,370,228,76,60
1170,159,121.536775,355,138,65,60
1163,156,128.918652,370,88,54,60
1157,153,127.067698,370,82,51,60
1150,150,128.055840,370,75,47,60
1141,146,120.614521,299,104,51,60
1139,146,108.436452,370,155,56,60
1139,148,82.151390,370,370,86,60
1139,148,72.009709,168,309,152,60
1141,149,44.329559,135,370,370,60
1140,150,42.388577,134,370,362,60
1135,154,36.188247,130,159,288,60
1129,158,35.013978,125,151,292,60
1123,162,40.949467,123,370,268,60
1119,164,51.508267,123,370,370,60
1114,165,68.676534,134,370,320,60
1110,165,75.163217,370,266,166,60
1106,165,88.567932,370,291,125,60
1101,164,104.804196,370,370,92,60
1098,163,113.260474,306,196,75,60
1094,161,113.511763,258,146,68,60
1086,158,127.081348,237,129,63,60
1079,154,123.519796,231,128,61,60
1071,151,124.578558,216,116,56,60
1064,148,126.500991,370,76,45,60
1056,145,125.910211,370,72,44,60
1046,140,123.606096,370,71,41,60
1036,137,121.083571,370,69,38,60
1031,136,114.619145,252,73,38,60
1029,136,99.858247,235,246,55,60
1029,137,83.868016,370,370,85,60
1031,138,56.680508,370,206,204,60
1032,138,41.657507,145,370,370,60
1028,141,34.417740,144,370,180,60
1023,146,30.323579,140,370,176,60
1019,149,30.980165,135,370,175,60
1016,151,40.145520,370,370,154,60
1012,153,50.426542,370,370,370,60
1006,155,65.654848,370,222,355,60
1002,155,75.842806,370,145,176,60
996,155,87.391635,370,370,113,60
992,155,97.141320,217,370,85,60
987,153,108.992448,145,228,71,60
984,152,117.013117,134,136,59,60
977,149,108.664861,183,107,54,60
965,145,120.159667,219,93,49,60
957,142,119.838378,370,86,45,60
949,139,120.102290,370,77,41,60
942,137,118.257995,370,79,39,60
940,137,100.092766,130,144,49,60
940,138,80.579602,370,370,97,60
941,140,57.221987,370,90,189,60
942,140,45.167622,370,154,370,60
938,143,38.610843,370,370,370,60
933,146,37.664162,370,370,148,60
926,150,40.249168,370,370,140,60
923,152,47.028490,370,370,370,60
920,153,57.259773,370,63,370,60
916,154,67.313945,370,50,247,60
910,155,76.021345,370,85,169,60
904,155,91.704409,42,370,109,60
900,154,98.692568,82,256,72,60
896,153,113.613748,127,143,61,60
893,151,120.792571,370,99,52,60
882,147,120.380733,362,91,48,60
876,143,132.879405,350,56,38,60
869,138,138.918400,344,45,32,60
863,135,132.876070,338,38,28,60
861,135,118.155049,343,73,37,60
860,136,90.861928,79,326,69,60
861,138,59.434720,45,109,159,60
861,139,30.059020,27,35,338,60
862,141,17.981774,370,21,44,60
859,144,16.133581,370,17,34,60
854,152,16.637909,370,9,17,60
851,154,24.539515,8,7,17,60
848,157,31.425969,7,7,18,60
843,160,41.036780,6,8,41,60
839,162,50.051470,7,11,313,60
836,162,62.396835,14,27,313,60
832,161,86.178461,25,306,149,60
829,161,105.369660,69,274,79,60
828,158,130.529927,306,109,59,60
827,157,146.217430,303,65,49,60
823,153,152.325086,168,51,45,60
819,147,150.389991,130,41,37,60
816,142,163.380948,54,29,34,60
815,138,167.822468,47,26,31,60
815,135,171.034895,35,21,25,60
815,129,171.296212,30,17,20,60
816,128,-174.280806,17,13,20,60
817,126,-176.038503,14,11,17,60
819,125,-167.357844,13,11,18,60
820,125,-156.129238,14,13,32,60
823,125,-131.512171,17,21,157,60
825,126,-109.361209,25,50,370,60
826,127,-86.538079,45,244,309,60
827,129,-65.069567,147,370,370,60
829,131,-37.605137,370,248,370,60
829,132,-21.301166,370,370,32,60
830,135,-12.975784,269,25,30,60
833,140,-8.400875,228,20,24,60
837,152,-5.834226,250,12,16,60
840,161,-7.813048,1,1,1,60
843,163,-16.542337,0,0,0,60
845,163,-37.109728,370,370,370,60
846,162,-57.405515,370,223,370,60
847,161,-78.512757,221,370,370,60
848,160,-99.124569,87,370,251,60
850,160,-99.387413,86,370,258,60
854,161,-85.375143,104,370,207,60
859,162,-70.123480,168,370,370,60
863,164,-61.982290,255,370,370,60
867,166,-50.689149,370,211,370,60
870,168,-42.406987,370,191,370,60
874,172,-32.116776,370,370,370,60
876,175,-24.406682,370,370,370,60
878,178,-18.892656,228,370,370,60
880,183,-10.708682,179,370,370,60
881,187,-6.309449,178,370,370,60
882,191,-3.351269,235,370,370,60
882,197,-0.609092,370,370,370,60
882,201,0.010401,370,370,370,60
881,206,1.781482,370,370,370,60
879,209,4.011610,370,370,370,60
877,213,9.833873,370,370,370,60
875,216,14.101390,370,370,370,60
873,218,19.532747,370,370,75,60
870,220,24.369278,370,370,59,60
866,223,35.083246,370,370,44,60
863,224,40.121013,370,370,34,60
856,228,44.770880,370,370,24,60
843,236,45.234611,370,370,16,60
832,243,41.449032,370,36,10,60
824,248,39.054933,370,22,6,60
816,255,36.392457,370,370,3,60
807,262,31.403379,370,370,1,60
805,266,16.331870,370,370,319,60
805,267,7.445717,370,370,370,60
801,279,4.888863,370,370,370,60
799,286,3.163296,370,370,370,60
798,290,4.966385,370,370,370,60
797,293,8.126645,369,350,361,60
794,297,12.561389,354,351,344,60
792,299,17.942131,370,355,321,60
789,302,24.376991,370,368,296,60
786,304,32.156688,370,370,272,60
783,306,38.832382,370,370,261,60
778,308,47.787547,340,355,254,60
774,309,58.661237,353,288,251,60
769,310,72.000708,370,259,258,60
765,310,81.814661,370,242,271,60
761,310,91.432185,317,227,313,60
757,309,100.991339,271,227,265,60
753,308,109.355792,245,233,237,60
748,305,125.259925,227,249,214,60
745,302,134.205671,220,293,199,60
742,300,142.044347,220,244,78,60
739,296,156.625184,238,201,51,60
736,291,158.964303,237,197,51,60
735,288,162.903970,241,189,48,60
730,278,162.991012,250,176,41,60
726,271,159.726431,234,167,42,60
719,259,158.809312,231,157,42,60
715,252,164.969610,243,145,37,60
710,244,165.376091,234,138,155,60
706,238,157.055358,206,135,135,60
700,229,160.002691,204,123,127,60
695,224,157.352894,195,120,120,60
689,216,151.707102,179,118,109,60
681,207,154.595181,182,105,106,60
676,200,151.620441,168,105,96,60
669,190,157.448023,173,86,89,60
664,184,157.828751,161,77,78,60
657,175,154.872678,152,72,71,60
652,170,152.506780,142,68,63,60
647,163,142.449216,134,60,55,60
640,158,144.158265,125,57,49,60
638,157,133.669814,113,73,51,60
636,157,118.392137,110,117,59,60
635,158,91.672926,120,105,78,60
635,159,71.903905,176,103,124,60
635,160,46.558750,370,147,109,60
636,162,23.987749,370,208,117,60
636,164,11.079668,370,370,149,60
633,169,10.327558,370,370,149,60
630,176,8.113685,370,370,152,60
628,183,7.914317,370,370,149,60
624,194,7.541657,370,370,149,60
619,204,7.036216,370,370,141,60
616,211,8.457543,370,370,137,60
613,218,9.016500,370,370,131,60
609,225,9.448915,370,370,123,60
606,232,11.529801,370,370,116,60
600,242,10.943690,370,370,113,60
596,249,10.311115,370,370,106,60
591,259,12.552439,370,329,94,60
586,266,15.343033,370,368,93,60
582,272,13.337961,370,312,86,60
578,278,15.762576,370,241,75,60
573,288,11.206747,370,303,76,60
569,294,9.711237,370,342,73,60
565,303,10.158872,370,320,69,60
562,309,8.924289,370,339,66,60
558,319,5.635968,370,370,65,60
552,335,4.683598,370,370,59,60
548,347,4.210513,370,370,55,60
543,361,3.113881,370,370,52,60
540,373,2.621192,370,370,47,60
538,383,4.010497,370,370,42,60
535,395,4.072423,321,370,38,60
531,413,2.553660,317,370,37,60
527,432,1.625170,296,370,34,60
526,441,0.364273,285,370,32,60
525,454,0.123611,259,370,30,60
524,464,0.021218,247,370,28,60
524,482,0.036583,230,369,28,60
524,491,-0.004955,216,358,28,60
525,502,-0.042680,202,348,28,60
528,518,-1.410476,179,331,32,60
530,529,-0.972477,158,315,38,60
533,538,-1.994761,148,306,44,60
536,551,-3.064288,134,296,48,60
541,564,-4.265041,127,287,59,60
545,574,-4.669818,113,271,68,60
548,583,-7.905324,102,264,79,60
555,597,-9.721670,111,254,83,60
558,604,-8.500076,93,247,100,60
562,610,-12.583473,83,240,118,60
568,619,-12.985030,85,234,124,60
571,624,-14.681176,75,228,147,60
578,632,-17.613903,59,230,176,60
583,638,-18.045533,51,226,214,60
588,644,-17.853763,55,212,206,60
598,656,-18.621559,47,207,212,60
604,664,-19.774907,47,197,204,60
610,671,-17.990305,55,184,202,60
615,679,-16.063912,51,173,189,60
621,686,-15.034245,51,165,183,60
627,698,-9.772452,66,153,182,60
631,706,-9.997706,251,145,172,60
634,714,-7.965214,219,135,169,60
637,722,-6.803455,197,123,155,60
640,729,-5.190731,179,116,149,60
644,744,-2.153539,155,104,140,60
645,751,-1.748264,141,97,133,60
647,762,-1.481173,124,86,118,60
648,769,-0.810708,107,75,104,60
650,780,-1.437601,96,67,93,60
651,788,-1.250644,86,60,83,60
652,796,-0.764132,69,48,66,60
653,803,-1.165656,59,41,56,60
654,813,-0.775120,49,34,47,60
655,817,-2.158802,41,28,38,60
656,818,-8.153339,39,26,35,60
657,817,-17.541087,49,27,32,60
657,816,-27.087249,97,35,32,60
657,814,-50.395112,370,49,37,60
656,813,-66.971077,370,80,45,60
656,812,-84.695462,370,370,75,60
655,811,-104.719392,370,361,134,60
655,809,-129.649573,31,370,334,60
656,808,-141.251109,49,24,370,60
660,804,-146.776476,49,19,358,60
669,797,-148.660100,21,8,8,60
677,792,-136.220971,0,0,0,60
681,791,-111.423027,42,370,370,60
683,792,-95.803620,370,329,162,60
685,794,-69.565493,314,370,90,60
687,795,-55.055059,370,116,65,60
694,799,-43.510206,370,79,55,60
699,803,-37.965968,370,60,48,60
708,809,-36.658991,370,56,44,60
712,811,-42.448526,289,49,39,60
713,810,-68.103454,370,97,51,60
713,809,-89.005438,299,357,73,60
713,808,-108.920728,370,300,165,60
712,807,-137.674896,103,370,370,60
712,806,-147.121177,55,370,370,60
715,803,-152.595052,45,370,303,60
723,795,-153.509852,45,370,290,60
731,786,-150.633529,52,370,278,60
738,781,-139.300254,80,370,370,60
752,772,-134.081458,370,370,370,60
758,769,-123.672242,370,370,370,60
765,768,-107.912456,370,232,295,60
768,768,-96.367661,370,240,210,60
776,769,-84.750197,370,370,157,60
784,770,-77.129653,221,370,124,60
790,772,-70.425986,220,312,106,60
800,774,-63.091397,219,211,94,60
807,777,-63.357128,370,190,89,60
814,779,-63.411867,370,186,87,60
820,781,-65.065517,370,189,86,60
827,782,-65.955220,370,194,85,60
836,784,-67.414179,370,204,85,60
843,786,-69.353928,370,210,85,60
849,787,-71.838817,175,247,87,60
855,788,-76.217665,168,325,92,60
864,788,-82.035100,162,370,99,60
870,788,-88.030935,157,370,107,60
879,788,-94.378754,152,370,128,60
885,787,-101.265452,149,370,148,60
891,786,-103.746958,145,370,182,60
897,784,-108.678905,144,370,221,60
904,783,-110.317198,140,370,240,60
914,781,-110.158986,133,370,251,60
921,779,-105.115817,118,363,216,60
928,778,-100.319865,103,342,179,60
938,778,-93.296973,94,331,157,60
944,778,-86.869277,89,323,138,60
951,778,-83.885620,370,317,121,60
962,779,-81.291465,370,310,113,60
970,780,-82.336208,368,302,111,60
982,780,-84.372775,368,288,117,60
989,780,-88.175707,369,280,121,60
996,780,-90.489887,370,271,131,60
1003,780,-94.648856,370,262,148,60
1013,779,-99.114626,370,257,164,60
1020,778,-101.306135,370,252,173,60
1027,777,-101.407569,370,242,185,60
1034,776,-103.037906,370,237,197,60
1046,775,-99.824495,370,226,182,60
1053,774,-96.701983,361,218,173,60
1065,774,-94.437749,316,204,159,60
1072,774,-92.221183,289,195,151,60
1080,773,-87.497841,276,188,149,60
1092,773,-86.519962,224,177,124,60
1101,773,-88.118897,221,163,135,60
1113,774,-87.607951,214,155,138,60
1121,774,-88.285451,200,147,135,60
1129,773,-94.251215,206,135,157,60
1136,773,-94.191649,195,128,158,60
1147,772,-97.911882,202,123,151,60
1154,771,-96.235649,188,114,141,60
1166,771,-96.774299,166,103,130,60
1174,770,-94.101651,137,90,118,60
1182,770,-93.604202,124,82,109,60
1189,770,-94.209976,114,75,99,60
1200,769,-96.136396,103,67,89,60
1207,768,-96.532180,93,60,78,60
1218,767,-97.619973,86,51,62,60
1224,766,-100.133125,73,44,54,60
1231,765,-104.239700,65,35,39,60
1238,763,-115.213540,68,31,32,60
1240,761,-134.370538,241,38,31,60
1241,760,-149.942707,370,58,35,60
1240,758,-165.765489,370,177,54,60
1239,758,-170.870004,370,301,62,60
1238,758,140.259035,370,370,75,60
1237,758,177.215692,370,370,90,60
1234,746,175.879247,370,370,94,60
1232,739,170.438692,370,370,114,60
1228,730,172.362599,370,370,106,60
1226,724,169.410546,145,370,144,60
1222,715,167.177086,370,370,130,60
1219,709,164.802982,370,370,142,60
1216,703,164.869839,370,370,148,60
1210,694,167.111927,370,349,164,60
1207,688,166.216254,370,329,180,60
1203,682,158.636829,370,281,251,60
1199,675,164.380020,370,298,209,60
1193,665,165.489504,370,292,212,60
1189,658,165.431712,370,279,226,60
1186,652,166.255998,370,293,203,60
1183,646,167.537702,370,277,216,60
1181,640,172.830785,370,299,190,60
1178,633,167.067901,370,258,227,60
1175,625,175.868716,370,370,189,60
1173,616,174.836883,370,255,219,60
1171,608,173.131079,370,261,204,60
1169,598,171.009634,370,370,185,60
1168,591,177.859354,370,370,189,60
1166,583,175.050466,370,246,202,60
1165,576,171.871447,370,219,223,60
1164,569,169.838164,370,203,235,60
1163,558,168.365135,370,186,254,60
1162,550,168.588791,370,199,224,60
1162,544,170.712148,370,199,217,60
1162,534,-174.005155,370,195,116,60
1163,527,-170.645976,133,370,154,60
1164,521,-168.229836,125,370,165,60
1167,512,-167.355437,125,370,157,60
1169,505,-166.697910,127,370,145,60
1171,498,-171.283320,123,370,145,60
1175,486,-163.917637,125,370,134,60
1177,479,-167.373208,128,370,125,60
1179,471,-166.674249,118,368,131,60
1181,463,-167.940924,116,357,127,60
1184,452,-168.111941,114,351,121,60
1186,445,-169.043236,106,337,130,60
1188,434,-168.234317,96,323,138,60
1190,426,-172.630457,97,314,125,60
1191,419,-172.918113,93,307,125,60
1193,409,-165.693538,361,302,116,60
1194,402,-169.456649,85,291,131,60
1196,391,-172.306019,334,286,110,60
1198,384,-169.575278,360,273,125,60
1199,376,-168.660866,353,266,125,60
1200,366,-170.420995,305,260,107,60
1201,358,-178.107946,310,250,113,60
1201,348,165.456958,52,347,245,60
1200,341,138.387262,300,231,118,60
1200,334,167.116680,354,224,154,60
1200,324,164.554925,370,218,203,60
1200,307,178.675052,370,203,192,60
1200,298,-178.854244,245,188,121,60
1200,290,-172.009605,219,177,111,60
1200,279,-164.803114,202,172,106,60
1201,272,-165.777681,185,162,102,60
1202,264,-170.148941,182,152,106,60
1202,252,-173.302068,193,141,125,60
1203,242,130.341519,178,130,124,60
1202,235,135.704199,161,123,116,60
1202,228,171.224210,171,117,135,60
1201,218,178.340162,154,106,135,60
1200,211,176.941211,147,99,134,60
1198,204,177.750847,131,89,121,60
1196,193,176.655902,121,82,110,60
1195,186,177.452890,111,75,102,60
1193,179,177.474050,94,64,86,60
1191,172,177.553872,85,57,78,60
1189,161,176.902453,73,50,68,60
1187,155,176.122810,65,43,58,60
1185,149,175.388426,52,34,45,60
1182,142,172.115653,45,28,37,60
1181,140,165.048419,47,27,32,60
1180,141,153.592428,87,32,31,60
1180,143,130.451438,370,56,38,60
1180,144,115.001908,329,73,42,60
1181,145,98.076477,370,355,68,60
1182,146,69.969170,185,322,120,60
1183,147,45.146938,147,370,340,60
1184,148,32.948607,370,160,355,60
1180,153,24.938378,370,143,370,60
1174,159,24.948191,341,130,370,60
1170,163,28.251171,370,132,370,60
1166,167,26.535468,370,128,370,60
1162,173,20.546533,361,116,370,60
1160,176,16.102328,317,109,370,60
1158,179,11.467517,258,100,370,60
1158,182,7.129598,228,95,154,60
1157,185,3.656505,210,370,138,60
1157,190,0.735941,199,370,127,60
1157,193,0.033067,195,370,120,60
1158,197,-0.083792,192,370,111,60
1158,207,-0.219224,190,370,103,60
1159,213,-0.368481,190,370,93,60
1159,220,-0.481133,189,370,83,60
1160,227,-0.717176,186,370,68,60
1161,234,-1.053468,183,370,58,60
1163,240,-1.362771,179,370,49,60
1164,249,-1.421485,178,370,37,60
1168,267,-1.730219,175,370,59,60
1170,278,-2.348882,169,370,104,60
1173,289,-3.613064,162,370,370,60
1177,299,-4.634542,149,370,370,60
1183,315,-6.249606,142,370,370,60
1185,322,-6.901875,135,370,341,60
1187,329,-3.036110,137,370,370,60
1187,331,-1.606128,145,370,370,60
1187,337,-0.026660,149,370,370,60
1186,343,1.358172,154,370,370,60
1184,347,4.547900,172,370,370,60
1182,351,8.855122,196,370,370,60
1180,354,13.957060,233,370,370,60
1176,358,23.504015,306,250,370,60
1173,360,31.421107,370,263,370,60
1168,362,42.368120,370,281,68,60
1165,363,50.628317,370,370,55,60
1162,364,55.167444,240,370,37,60
1156,366,62.148728,248,53,28,60
1142,369,64.225791,258,28,18,60
1130,373,66.732579,254,19,11,60
1121,376,62.673990,248,4,3,60
1119,378,39.821929,220,370,10,60
1119,379,24.255658,370,242,370,60
1120,380,11.932964,370,221,370,60
1122,380,4.570308,269,370,370,60
1121,385,2.486762,258,370,370,60
1119,387,4.807073,265,370,370,60
1117,390,7.826733,286,200,370,60
1115,394,12.687713,344,199,370,60
1111,398,21.134068,370,202,370,60
1108,401,29.017903,370,217,370,60
1104,403,34.878554,370,370,370,60
1100,405,44.481655,192,370,370,60
1096,407,52.618821,195,370,370,60
1089,408,70.842582,207,370,370,60
1085,408,77.691095,370,370,295,60
1082,408,91.013661,370,370,293,60
1076,407,104.424812,370,370,370,60
1072,405,111.444013,370,370,337,60
1069,403,124.000896,370,268,56,60
1064,400,136.861530,370,370,30,60
1059,396,147.011444,370,342,18,60
1052,390,150.579296,370,322,18,60
1043,381,148.656166,370,316,23,60
1034,374,147.835482,370,311,27,60
1025,367,144.546208,370,315,261,60
1011,358,139.873401,370,321,254,60
1004,354,132.487679,370,191,248,60
999,352,124.337867,370,182,254,60
991,349,120.626860,370,175,258,60
986,347,122.904721,370,170,254,60
981,345,125.115624,370,163,247,60
973,340,127.766549,370,159,238,60
968,337,136.500568,370,152,235,60
961,331,144.163499,370,148,226,60
954,325,152.199685,141,250,223,60
950,320,147.387564,134,232,223,60
944,312,160.752796,124,228,213,60
938,304,157.279403,116,205,216,60
935,297,163.082458,106,191,207,60
930,288,169.053213,100,182,207,60
926,282,163.535294,96,173,206,60
922,272,167.145041,86,179,176,60
920,266,161.140453,78,166,172,60
917,259,172.496566,241,146,179,60
914,249,168.029443,266,142,161,60
911,237,175.933306,227,129,152,60
909,230,170.815530,197,117,141,60
907,224,173.657639,182,113,142,60
905,218,171.454432,172,104,128,60
901,208,173.764097,151,97,124,60
897,197,167.568682,172,90,100,60
894,190,164.753102,131,79,97,60
891,182,166.863806,135,74,85,60
888,175,171.484910,102,61,75,60
884,165,170.248288,92,54,66,60
881,159,166.105970,86,49,56,60
877,154,164.231532,82,44,51,60
874,149,161.394964,79,37,39,60
870,146,151.965381,94,38,37,60
869,146,139.813656,192,44,37,60
868,146,120.813911,347,85,47,60
867,147,99.143403,80,338,71,60
866,149,66.596594,44,337,117,60
866,150,44.135245,21,33,340,60
867,151,33.961473,16,17,93,60
862,155,31.928365,370,12,45,60
856,160,38.173612,6,7,38,60
852,161,54.375504,8,12,326,60
850,161,70.683416,17,39,241,60
847,161,81.468839,24,80,164,60
844,160,95.893732,49,311,94,60
841,158,118.499470,337,176,69,60
840,157,133.510241,314,91,55,60
839,155,146.873713,319,60,48,60
835,151,151.031498,144,45,41,60
829,146,148.890290,144,41,37,60
827,145,135.221967,306,47,37,60
826,146,120.085792,300,68,42,60
827,147,102.157597,345,243,65,60
828,149,75.544270,51,294,102,60
828,149,56.882648,30,63,226,60
829,150,38.317073,18,26,303,60
821,156,37.516738,11,14,62,60
816,158,48.067159,11,16,289,60
812,159,67.340817,17,31,292,60
809,158,85.403055,30,283,141,60
808,157,105.209073,56,276,87,60
806,155,125.250034,282,94,54,60
805,153,148.766514,286,55,45,60
797,143,153.004796,127,41,37,60
794,139,158.684951,114,35,31,60
792,135,159.486491,58,26,27,60
791,131,162.389801,38,18,20,60
791,126,166.820030,27,14,17,60
790,123,171.536696,14,9,11,60
791,120,-169.536130,8,7,14,60
793,118,-172.604455,4,3,4,60
795,117,-166.921971,3,3,4,60
796,116,-157.182463,4,3,8,60
799,116,-135.044539,7,9,54,60
801,116,-117.075002,14,23,370,60
803,117,-94.493764,38,294,302,60
806,119,-63.879832,87,370,370,60
807,121,-44.399811,370,316,47,60
808,122,-28.691169,370,47,42,60
812,128,-18.112267,370,38,39,60
820,141,-15.696361,285,25,28,60
824,146,-19.985278,276,16,17,60
826,147,-31.500438,370,370,17,60
827,147,-46.003009,370,300,21,60
828,145,-72.445460,230,370,370,60
829,144,-94.172690,76,370,244,60
840,143,-103.251674,63,282,298,60
847,141,-108.536199,56,184,370,60
853,141,-103.699016,56,199,370,60
865,140,-96.114572,62,327,288,60
873,140,-90.441934,75,370,240,60
882,141,-84.662715,85,370,219,60
891,142,-78.097000,131,370,370,60
897,145,-60.046653,224,370,370,60
903,147,-52.649838,369,234,370,60
909,150,-47.538356,362,202,370,60
912,153,-37.825217,365,165,370,60
916,157,-27.365342,370,370,370,60
918,160,-21.162058,370,370,370,60
921,164,-13.651604,235,370,370,60
922,169,-8.215795,189,370,370,60
923,172,-5.107947,169,370,370,60
924,175,-2.633080,154,370,370,60
923,181,-0.396871,140,370,370,60
923,185,-0.011343,135,370,370,60
922,188,0.647259,155,370,370,60
921,193,2.928973,196,370,370,60
919,197,6.476963,370,370,370,60
917,200,10.628776,370,370,370,60
913,205,18.981738,370,370,127,60
910,208,26.473292,370,370,99,60
905,211,38.702425,370,370,79,60
902,213,47.128068,370,370,61,60
899,214,54.585231,370,370,47,60
891,217,54.293900,370,370,42,60
881,222,51.039092,370,370,38,60
873,226,48.518985,370,370,32,60
857,235,45.058856,370,370,28,60
848,240,41.243474,370,370,24,60
833,250,38.803786,370,370,21,60
826,256,35.035130,370,370,16,60
817,263,32.812592,370,370,303,60
808,272,28.425534,370,370,302,60
796,285,24.622760,370,370,296,60
789,292,21.732221,370,370,298,60
783,298,24.037502,370,370,286,60
780,301,28.376866,370,370,274,60
777,304,34.887768,370,370,259,60
772,306,46.594137,370,364,248,60
768,308,54.629995,343,323,243,60
761,308,70.010923,370,259,244,60
757,309,78.036943,370,235,259,60
753,308,89.925983,313,219,305,60
747,307,102.382039,268,217,272,60
743,305,112.801763,235,225,234,60
737,302,124.648685,220,239,214,60
733,300,138.326257,209,285,196,60
730,297,142.160790,209,239,189,60
727,292,149.801305,214,210,72,60
725,289,162.766952,233,189,56,60
722,283,160.457387,233,183,55,60
718,276,167.034453,244,166,48,60
713,269,162.881156,227,162,52,60
706,258,156.619320,221,155,168,60
701,252,160.483421,207,147,154,60
694,242,161.394024,202,139,147,60
689,236,157.451828,190,136,137,60
686,232,151.723789,180,135,130,60
681,228,149.636486,168,135,121,60
676,223,149.794876,162,130,116,60
671,218,146.784322,154,129,110,60
662,211,143.994581,145,127,106,60
654,204,144.356474,137,121,99,60
648,200,142.467021,125,116,92,60
643,196,138.540621,120,118,89,60
637,191,138.652319,113,111,83,60
628,186,132.204503,104,125,83,60
623,183,128.857292,96,123,79,60
614,179,121.163353,90,103,82,60
609,177,120.215383,85,93,82,60
604,175,116.735025,78,82,80,60
595,172,109.182148,72,73,80,60
590,171,109.511056,65,65,82,60
584,170,107.381490,62,56,90,60
578,169,103.568695,52,46,86,60
569,168,96.970427,48,39,65,60
563,168,94.346663,42,32,49,60
557,167,89.945867,37,26,37,60
551,168,85.870865,25,17,23,60
548,169,64.859125,35,17,18,60
548,170,46.881973,96,23,20,60
549,172,23.876904,370,64,31,60
551,172,5.989939,370,82,35,60
552,172,0.316771,370,370,63,60
553,171,-1.839141,370,370,72,60
554,170,-15.343934,370,370,96,60
560,173,-32.724058,370,370,120,60
572,181,-40.958755,164,370,370,60
579,185,-46.527548,133,370,370,60
589,190,-52.595495,133,370,370,60
596,192,-54.836863,107,370,370,60
602,197,-43.132699,114,370,370,60
605,199,-34.224054,140,370,370,60
607,202,-27.381825,168,370,370,60
610,208,-13.692403,370,370,269,60
612,212,-7.814473,370,370,186,60
613,217,-3.960996,370,370,178,60
614,222,-1.291531,370,370,164,60
613,225,-0.062378,370,370,157,60
613,229,0.851175,370,370,151,60
612,237,1.357468,370,370,148,60
610,248,0.995983,370,370,144,60
609,256,1.184110,370,370,144,60
607,267,2.018279,370,370,140,60
605,275,1.877779,370,370,138,60
603,286,2.351306,370,370,133,60
601,294,2.459049,370,370,130,60
599,305,2.160086,370,370,128,60
598,313,1.014477,370,370,130,60
596,324,1.618881,370,370,128,60
595,331,1.406158,370,370,127,60
594,338,1.349724,370,370,123,60
593,346,1.338429,370,370,121,60
592,357,0.852199,370,370,123,60
592,364,0.687011,370,370,121,60
591,375,0.055427,370,370,123,60
591,382,-0.000396,370,370,123,60
591,388,0.030048,370,370,123,60
591,395,-0.081983,370,370,123,60
591,402,-0.141084,370,370,123,60
592,412,-0.118744,370,370,124,60
593,423,-0.242906,370,370,124,60
593,430,-0.131899,370,370,125,60
595,437,-0.200225,370,370,128,60
595,444,-0.404458,370,370,130,60
596,451,-0.720931,370,370,133,60
598,461,-1.162482,370,370,135,60
600,468,-1.552338,370,370,140,60
602,479,-1.579972,370,369,141,60
604,486,-1.697617,370,362,142,60
606,497,-1.591233,370,351,148,60
608,504,-2.053279,200,344,149,60
610,514,-2.608779,186,333,154,60
612,521,-3.139821,179,326,161,60
614,529,-3.295219,165,316,168,60
616,536,-2.980141,154,308,169,60
620,548,-2.655422,144,301,176,60
622,556,-2.465405,131,293,179,60
625,567,-2.999525,113,75,182,60
627,576,-2.984171,102,68,185,60
630,587,-1.805967,82,56,186,60
631,595,-1.619074,71,48,185,60
633,603,-1.165263,58,40,185,60
634,611,-0.987425,39,28,188,60
635,620,-0.072584,30,21,186,60
633,622,0.951954,25,18,182,60
632,623,5.118708,23,17,173,60
631,623,12.463303,20,227,142,60
629,623,25.736863,237,248,118,60
627,623,47.124774,228,170,106,60
625,622,62.890011,240,117,99,60
621,623,66.890156,238,97,96,60
611,625,65.187421,226,90,89,60
604,627,63.128883,223,85,82,60
598,629,59.184546,240,81,73,60
592,631,56.215423,230,75,65,60
586,633,54.165402,226,71,58,60
581,635,52.251556,221,67,54,60
579,637,37.530249,216,77,54,60
580,638,22.722222,224,161,69,60
581,638,10.431599,241,213,82,60
583,637,3.085050,266,207,97,60
584,636,0.695990,288,207,110,60
584,639,0.034234,289,205,113,60
584,646,-0.054540,282,200,113,60
585,652,-1.599270,279,194,117,60
586,657,-2.291664,278,190,121,60
588,662,-2.408369,268,182,125,60
591,670,-4.791950,268,175,138,60
594,679,-6.493085,266,169,147,60
597,685,-6.668305,254,163,148,60
600,691,-6.614103,255,156,166,60
602,697,-8.027360,244,149,169,60
605,703,-8.207348,235,143,175,60
610,712,-7.922101,233,137,166,60
613,718,-10.309942,221,131,159,60
618,728,-11.258449,223,126,148,60
622,734,-10.201203,204,116,135,60
625,741,-12.658124,193,106,123,60
631,751,-13.243970,180,100,116,60
634,757,-12.205927,172,93,106,60
638,763,-14.736480,165,88,99,60
642,768,-16.141495,159,80,87,60
648,776,-18.491482,157,76,82,60
651,780,-21.223398,151,71,75,60
655,784,-22.660548,169,70,69,60
659,788,-23.489968,180,67,65,60
666,793,-27.205708,197,64,58,60
669,796,-32.912730,207,61,55,60
671,796,-44.671125,370,72,55,60
671,795,-60.961894,370,127,66,60
671,794,-86.242710,327,337,87,60
670,793,-103.355468,370,370,131,60
669,793,-118.507012,27,321,323,60
672,790,-126.852905,14,370,370,60
681,786,-133.388714,11,370,370,60
690,780,-132.847041,14,370,370,60
698,776,-131.145603,28,370,370,60
709,771,-128.162922,56,370,370,60
719,767,-123.221583,370,370,370,60
735,761,-118.608453,370,254,370,60
743,759,-109.842007,370,245,348,60
753,758,-94.707995,370,253,210,60
758,759,-82.826835,370,370,141,60
762,760,-73.174772,234,370,120,60
768,762,-59.463203,241,223,104,60
774,764,-57.688150,370,173,96,60
780,766,-58.262830,370,172,94,60
786,768,-59.584400,370,178,93,60
796,771,-63.769097,224,197,94,60
802,773,-65.350687,217,205,94,60
808,774,-70.000407,204,259,99,60
814,775,-73.537561,197,315,103,60
823,776,-79.372273,192,370,106,60
829,776,-82.460607,186,370,116,60
837,776,-91.557880,179,370,127,60
843,776,-96.998338,176,370,151,60
848,775,-100.412573,175,370,182,60
854,774,-102.956131,172,370,199,60
863,772,-106.153795,169,370,220,60
870,771,-105.764055,165,370,231,60
881,769,-106.365061,152,370,234,60
889,768,-106.642730,144,370,240,60
897,766,-105.670665,130,370,235,60
908,765,-102.365050,120,370,217,60
916,764,-99.540601,110,358,200,60
927,762,-96.024512,96,342,183,60
935,762,-95.483610,89,334,179,60
943,761,-94.918262,78,322,179,60
951,761,-95.001980,71,314,179,60
959,760,-94.516638,63,306,179,60
971,760,-95.840194,55,299,190,60
987,759,-88.848030,370,281,172,60
995,760,-80.123517,343,276,140,60
1006,761,-77.654637,307,265,127,60
1022,764,-74.841363,288,256,120,60
1031,765,-74.938572,269,242,117,60
1039,766,-74.769972,259,234,116,60
1050,768,-77.749330,255,225,116,60
1056,769,-80.427087,254,216,120,60
1063,769,-83.739925,257,202,130,60
1070,770,-84.145413,250,195,130,60
1079,769,-93.991203,276,188,157,60
1085,768,-98.140204,290,183,173,60
1091,768,-102.646825,321,178,206,60
1101,766,-105.570344,320,172,195,60
1108,765,-106.034567,336,168,183,60
1114,763,-107.717148,326,161,175,60
1120,762,-109.710575,341,155,161,60
1127,760,-115.247647,370,154,148,60
1138,756,-117.138970,370,148,141,60
1145,754,-117.644081,369,139,134,60
1156,750,-117.928519,370,132,120,60
1162,748,-121.929710,370,127,113,60
1169,745,-123.037659,370,119,106,60
1175,743,-124.284925,370,115,99,60
1181,740,-126.591983,370,107,93,60
1187,737,-127.659873,370,105,83,60
1193,734,-128.058443,370,98,78,60
1201,730,-131.048404,370,98,73,60
1208,725,-135.718863,370,94,68,60
1212,722,-139.249285,370,95,62,60
1217,718,-146.829682,370,106,62,60
1217,716,-160.748445,355,144,68,60
1217,715,-169.482133,370,262,79,60
1215,714,-178.383894,370,370,102,60
1215,712,169.489652,135,370,370,60
1214,705,173.628631,370,370,116,60
1212,701,171.694698,370,370,140,60
1211,696,171.961570,370,370,138,60
1209,691,175.216645,370,370,137,60
1207,683,173.438088,370,344,165,60
1204,678,172.056214,370,370,149,60
1202,672,169.362819,370,328,173,60
1199,667,164.267165,370,292,209,60
1194,658,162.713396,370,296,200,60
1190,652,166.986779,370,299,193,60
1187,645,167.560257,370,286,203,60
1183,639,167.763216,370,268,219,60
1177,628,168.317249,370,261,221,60
1173,621,167.685861,370,248,231,60
1170,614,168.934228,370,241,231,60
1164,603,164.507725,370,233,234,60
1160,596,165.641402,370,201,275,60
1155,586,164.908495,370,217,238,60
1152,579,163.039927,370,208,243,60
1149,573,163.840615,370,189,265,60
1145,562,165.720300,370,161,300,60
1142,553,168.215165,370,161,285,60
1140,546,173.173746,370,165,258,60
1137,536,177.117856,370,164,251,60
1136,529,169.531852,370,131,305,60
1135,520,162.597717,370,126,293,60
1134,512,173.939898,370,161,227,60
1134,505,179.656403,370,148,231,60
1134,498,-177.435018,85,370,203,60
1135,487,-173.020169,78,142,223,60
1136,476,-171.239645,80,370,185,60
1137,469,-176.773073,75,361,192,60
1138,461,-168.608194,73,353,180,60
1139,453,-172.570052,65,341,189,60
1140,445,-169.097724,65,337,179,60
1143,430,-178.828763,52,320,210,60
1145,422,-176.452547,51,308,196,60
1151,407,-173.444608,49,299,186,60
1154,400,-167.910906,52,292,159,60
1163,387,-162.889970,55,286,147,60
1168,381,-158.740862,299,287,131,60
1178,370,-152.111712,268,186,104,60
1184,366,-146.171784,264,183,100,60
1190,362,-143.010380,255,143,87,60
1198,356,-135.249884,251,135,82,60
1203,352,-139.297048,244,109,72,60
1208,347,-140.237692,241,106,68,60
1215,341,-142.287010,237,110,65,60
1222,334,-152.353615,228,90,56,60
1226,330,-149.702738,226,101,55,60
1226,327,-167.622653,233,150,62,60
1225,327,-176.642588,272,213,83,60
1224,327,176.288849,370,268,220,60
1222,327,168.820826,327,213,113,60
1219,321,170.409904,370,216,155,60
1217,316,170.305435,350,206,140,60
1214,309,169.528648,370,205,175,60
1211,304,169.117205,343,194,161,60
1207,297,156.351986,370,201,197,60
1203,289,167.399032,330,181,180,60
1197,280,166.254554,329,174,196,60
1193,273,165.609613,370,177,176,60
1189,266,157.003710,370,165,166,60
1185,259,166.647800,282,149,168,60
1178,249,159.297160,264,142,161,60
1172,239,165.654881,245,132,149,60
1168,233,165.352152,234,123,138,60
1165,226,154.571682,321,125,121,60
1159,217,164.265871,275,116,116,60
1153,208,163.778763,199,101,111,60
1148,202,163.047125,188,94,103,60
1144,196,161.938695,186,87,92,60
1138,189,159.323071,180,82,86,60
1134,184,157.403382,179,78,80,60
1128,177,154.599300,188,73,71,60
1124,173,150.926388,210,71,66,60
1119,170,147.355575,247,71,63,60
1115,167,143.594670,370,71,58,60
1112,166,132.070859,370,90,61,60
1111,167,102.180343,282,156,73,60
1111,168,79.917404,370,370,123,60
1111,169,59.112324,133,370,278,60
1112,170,43.175201,114,370,245,60
1111,171,35.448375,111,370,276,60
1104,178,30.545655,107,123,296,60
1097,183,29.010349,102,116,290,60
1092,188,31.814491,97,370,282,60
1087,192,38.154422,90,370,255,60
1083,195,37.483329,87,370,254,60
1077,200,30.388956,85,370,269,60
1073,204,32.653573,80,370,370,60
1066,210,34.827746,75,370,370,60
1060,214,36.906474,69,370,244,60
1055,218,36.078475,65,370,245,60
1050,221,39.939972,62,370,227,60
1044,225,44.357980,59,370,209,60
1028,232,49.317627,368,370,192,60
1011,241,52.139809,370,370,171,60
1001,245,54.238876,370,370,164,60
992,249,55.203534,370,370,154,60
984,253,56.019894,370,370,147,60
976,256,57.516604,370,370,135,60
965,261,55.377588,370,370,133,60
958,264,53.851354,370,370,130,60
952,267,51.535878,370,370,128,60
942,272,47.063156,370,370,128,60
937,275,43.698401,370,370,370,60
929,280,40.373477,370,370,370,60
923,284,40.106065,370,370,370,60
918,288,39.340623,370,370,370,60
911,292,46.699918,370,370,370,60
907,293,56.347143,370,370,370,60
903,294,66.193269,370,370,85,60
899,294,76.426778,370,370,76,60
893,294,86.642722,370,362,69,60
889,293,100.892565,370,67,65,60
882,292,105.728077,370,56,61,60
871,290,106.069496,370,49,54,60
863,289,98.298734,370,38,38,60
860,290,80.598709,370,330,38,60
858,292,55.991606,370,365,45,60
858,293,32.185459,370,370,334,60
858,294,21.232649,370,370,360,60
854,300,20.234703,319,364,370,60
846,310,17.638086,317,350,370,60
840,317,21.900289,370,347,361,60
836,321,26.224349,370,357,337,60
834,323,34.120192,370,370,319,60
829,325,44.923804,370,370,307,60
825,326,54.451852,370,370,300,60
822,327,64.804547,348,323,307,60
816,327,79.409819,370,295,329,60
812,326,89.183594,370,280,362,60
809,326,101.746505,331,281,282,60
805,325,112.957658,295,296,131,60
799,321,127.447984,276,330,48,60
796,319,139.233808,272,306,28,60
791,313,151.314845,282,237,11,60
783,305,155.330747,283,91,11,60
777,299,148.822162,265,219,18,60
765,288,147.547654,257,210,23,60
760,284,138.576187,243,220,34,60
756,283,124.878518,231,275,66,60
747,280,116.422813,228,253,188,60
740,278,111.893620,227,232,195,60
730,275,109.461669,219,210,199,60
721,273,104.396052,217,194,209,60
709,271,102.307428,210,185,212,60
701,270,101.640410,200,171,213,60
689,268,102.621855,188,164,209,60
684,267,97.738534,188,152,223,60
677,267,85.433426,197,145,213,60
674,268,77.263164,230,142,178,60
669,270,62.589031,351,149,149,60
666,272,52.903613,370,172,140,60
664,273,45.808207,370,181,138,60
660,276,40.283029,370,210,137,60
653,281,34.899780,369,226,135,60
647,286,35.862814,365,217,130,60
639,292,32.634856,360,216,123,60
634,297,29.843763,357,227,118,60
629,301,29.846586,354,221,114,60
624,306,25.294404,355,250,114,60
618,313,22.502101,353,246,109,60
612,320,18.570766,355,279,109,60
608,325,16.936768,351,280,106,60
605,330,14.158464,370,370,109,60
602,335,11.735866,370,370,110,60
599,340,11.470806,370,370,107,60
596,346,9.058826,370,370,107,60
593,354,4.911606,370,370,111,60
590,363,3.558139,370,370,111,60
588,369,3.517050,370,370,109,60
587,375,2.856295,370,370,110,60
586,382,1.662391,370,370,110,60
584,390,1.228635,370,370,110,60
584,396,0.662264,370,370,111,60
584,404,0.162995,370,370,111,60
584,410,0.030066,370,370,113,60
585,416,-0.131694,370,370,114,60
585,426,-0.038484,370,370,114,60
586,432,-0.128303,370,370,116,60
587,442,-0.750993,370,370,117,60
588,448,-0.918503,370,370,121,60
590,454,-1.783305,370,370,127,60
593,463,-3.689233,370,370,133,60
595,468,-6.059162,370,370,149,60
598,477,-7.346334,370,370,158,60
601,482,-10.020431,370,160,176,60
606,491,-10.731264,370,154,180,60
609,496,-10.766448,370,149,200,60
613,503,-12.660093,370,140,214,60
618,512,-10.240231,370,130,209,60
625,522,-10.916520,370,124,230,60
631,533,-12.582753,370,113,241,60
635,540,-12.096167,370,107,255,60
639,547,-11.381134,370,99,254,60
643,554,-11.123890,370,87,259,60
647,561,-9.502079,370,80,255,60
650,567,-9.949676,370,74,262,60
655,577,-8.740739,111,66,264,60
658,583,-8.677415,94,57,266,60
662,593,-6.434130,80,50,259,60
664,599,-4.838516,68,43,55,60
666,608,-2.409503,49,33,44,60
667,616,-1.622762,38,26,35,60
668,625,-0.173519,23,16,23,60
667,627,0.890784,18,13,18,60
665,629,6.562644,16,11,17,60
663,629,17.985449,13,12,24,60
661,629,43.878138,14,17,142,60
659,629,64.259458,244,143,135,60
658,628,91.284201,195,125,161,60
658,626,117.023333,141,131,268,60
658,626,131.916106,131,175,370,60
655,624,132.800508,128,176,370,60
647,619,129.045395,123,163,370,60
640,616,130.642615,117,153,370,60
632,611,134.707750,109,152,370,60
628,607,136.925874,106,154,370,60
623,603,143.333760,102,168,370,60
618,597,152.698905,107,228,370,60
614,593,159.344217,106,236,370,60
611,586,165.471964,111,328,347,60
609,581,169.277053,120,370,321,60
607,575,172.791553,124,370,370,60
606,568,174.403636,128,370,370,60
607,561,179.561428,142,370,370,60
607,555,-179.050420,162,370,370,60
607,547,-175.789410,162,370,370,60
608,542,-174.257944,157,370,370,60
611,533,-174.615473,165,370,370,60
613,528,-172.716449,179,370,370,60
617,521,-168.822553,202,370,370,60
620,517,-163.736142,235,370,370,60
624,513,-160.334538,281,310,370,60
627,510,-152.924974,370,267,370,60
635,504,-146.206709,370,246,370,60
640,500,-141.080271,370,370,370,60
645,497,-137.131377,370,370,370,60
650,494,-133.468157,370,370,370,60
658,491,-128.343229,370,370,370,60
664,489,-123.285051,282,370,370,60
669,487,-115.943015,244,370,370,60
676,486,-103.577113,271,368,314,60
681,486,-95.372523,370,370,370,60
686,487,-86.778916,370,370,370,60
692,488,-72.573248,370,370,370,60
696,490,-63.450560,357,305,370,60
699,492,-53.444718,370,370,161,60
704,495,-40.300542,370,370,154,60
707,498,-32.006086,370,370,149,60
709,500,-26.424819,288,370,149,60
713,503,-25.065339,264,370,148,60
719,510,-25.731215,257,370,140,60
726,516,-29.894670,288,370,134,60
731,520,-34.028719,370,370,127,60
737,525,-38.240231,370,370,123,60
743,529,-38.878488,370,370,118,60
751,534,-41.799837,370,370,320,60
756,537,-43.682414,370,370,314,60
764,541,-47.360921,370,370,313,60
772,545,-49.856252,370,370,313,60
778,548,-49.300309,370,370,306,60
783,551,-46.369945,370,370,302,60
789,555,-43.093320,370,370,296,60
798,560,-38.868769,370,370,293,60
804,565,-34.925620,219,359,290,60
812,571,-31.825651,158,331,286,60
817,576,-31.104366,158,322,282,60
823,581,-29.606209,159,312,278,60
830,588,-28.399175,162,298,272,60
838,596,-28.172307,161,289,265,60
843,601,-24.745122,165,278,262,60
847,606,-22.615090,175,265,261,60
851,612,-19.906211,370,249,258,60
856,618,-18.071753,370,239,254,60
863,627,-16.893248,370,232,250,60
867,634,-15.718818,370,223,244,60
874,644,-14.746692,370,213,235,60
878,650,-14.820377,370,204,230,60
882,654,-17.055062,370,201,220,60
885,658,-20.568723,370,200,206,60
889,663,-21.785310,370,197,199,60
896,671,-22.787567,370,193,193,60
902,677,-23.136467,370,184,182,60
907,682,-23.956582,370,182,180,60
912,688,-26.306518,370,177,168,60
920,695,-27.428968,370,175,162,60
924,700,-27.081292,370,165,155,60
932,707,-27.677310,367,160,149,60
937,712,-28.355542,360,156,144,60
945,719,-30.063425,348,151,135,60
950,723,-31.883063,343,144,131,60
955,727,-34.725896,327,149,124,60
960,731,-37.461120,317,150,120,60
968,735,-42.265717,310,155,117,60
973,738,-46.230084,302,161,116,60
981,742,-49.871277,293,171,114,60
987,744,-53.687745,288,181,113,60
993,746,-57.867107,282,209,114,60
998,748,-60.655443,279,225,116,60
1007,751,-67.677084,279,260,118,60
1013,752,-72.284840,281,273,124,60
1021,753,-78.230904,289,254,134,60
1029,753,-85.737011,299,239,148,60
1035,753,-87.402341,300,233,152,60
1043,752,-98.087806,351,224,195,60
1049,752,-102.809738,370,221,238,60
1059,750,-107.319806,370,217,243,60
1065,748,-110.845497,370,216,226,60
1072,747,-113.362850,370,215,213,60
1080,744,-117.663231,370,213,200,60
1084,742,-122.501426,370,218,192,60
1090,739,-125.484795,370,220,182,60
1097,737,-126.233381,370,214,175,60
1103,734,-123.694406,370,200,169,60
1113,730,-124.957601,370,195,162,60
1122,725,-126.765937,370,194,155,60
1128,722,-127.131511,370,178,144,60
1135,718,-129.395038,370,175,137,60
1141,715,-127.204308,370,163,130,60
1150,710,-133.601728,370,164,124,60
1158,705,-135.882946,370,168,118,60
1163,701,-139.636954,370,171,113,60
1168,697,-146.268904,361,179,110,60
1172,693,-150.055766,313,211,110,60
1176,689,-150.906535,307,211,107,60
1182,683,-158.330584,292,232,107,60
1185,679,-158.489169,272,278,110,60
1188,674,-162.365732,268,283,107,60
1192,667,-166.575419,319,321,107,60
1194,662,-167.778939,370,352,107,60
1197,657,-166.025243,370,370,107,60
1199,652,-170.380039,370,370,110,60
1202,644,-170.077225,370,370,106,60
1204,639,-170.747592,370,370,113,60
1205,633,-173.900613,370,370,114,60
1207,626,-177.759491,370,370,111,60
1207,621,-177.103006,370,370,113,60
1207,615,-176.451370,370,370,113,60
1207,607,174.187471,370,370,151,60
1206,601,175.729470,370,370,142,60
1205,593,176.637410,370,370,151,60
1204,587,171.696582,370,370,157,60
1202,581,175.462817,370,370,144,60
1200,572,172.498653,370,370,161,60
1199,566,175.855259,370,370,166,60
1196,560,170.106302,370,370,179,60
1193,551,169.667989,370,370,172,60
1191,545,165.061273,370,212,200,60
1188,539,165.331537,370,192,221,60
1184,529,164.651685,370,172,257,60
1180,523,168.078671,370,170,248,60
1175,513,163.351853,370,169,230,60
1172,506,163.922639,370,158,238,60
1167,497,169.280613,370,133,286,60
1163,488,165.768377,370,126,282,60
1160,481,161.927084,370,109,313,60
1155,470,162.417147,73,96,319,60
1151,459,164.971446,68,100,268,60
1148,451,162.801590,58,77,323,60
1146,443,168.612698,55,76,292,60
1147,441,169.281883,55,86,247,60
1148,441,-175.524175,334,214,130,60
1149,440,-173.626266,68,329,175,60
1150,440,-162.125895,76,338,157,60
1153,439,-149.476007,96,290,135,60
1160,433,-145.807092,331,219,124,60
1167,427,-144.815382,323,167,110,60
1176,420,-138.626383,317,185,106,60
1181,415,-142.173554,310,145,96,60
1186,411,-152.259496,307,165,94,60
1190,406,-154.187394,310,206,96,60
1196,399,-153.911199,302,183,90,60
1200,394,-154.828076,295,164,85,60
1203,389,-155.034672,295,186,83,60
1206,385,-156.713336,292,191,82,60
1210,377,-163.938848,290,202,80,60
1213,369,-168.921534,313,262,93,60
1215,364,-171.021236,299,259,87,60
1216,359,-172.077406,319,247,99,60
1216,354,-177.236481,319,239,102,60
1216,347,135.314312,319,234,103,60
1216,339,174.638491,56,294,233,60
1215,334,177.435912,324,219,118,60
1213,326,171.050563,331,215,128,60
1210,317,172.926638,358,210,152,60
1206,306,166.351722,367,197,182,60
1202,294,173.452049,288,183,147,60
1199,287,172.210482,288,174,165,60
1195,278,169.972504,285,170,173,60
1192,273,167.676751,370,175,178,60
1189,267,168.197383,278,156,182,60
1183,258,166.477926,274,150,173,60
1179,252,165.718178,268,142,161,60
1174,243,165.209440,258,136,154,60
1169,236,164.454265,248,129,144,60
1165,230,162.577824,250,122,131,60
1158,222,158.821895,258,118,124,60
1154,217,156.652637,278,116,116,60
1149,212,153.543166,312,112,106,60
1144,208,149.812885,370,112,100,60
1137,202,143.029532,370,127,96,60
1132,199,140.314008,370,117,92,60
1127,196,136.704456,370,122,89,60
1122,193,133.008891,370,128,87,60
1114,189,128.827080,244,135,86,60
1109,187,125.882890,247,143,86,60
1101,184,120.802725,254,155,86,60
1096,183,116.730947,261,171,86,60
1090,181,110.308988,370,242,93,60
1082,181,100.673670,370,370,109,60
1075,181,90.938703,370,370,124,60
1068,182,77.868692,370,209,168,60
1063,183,71.247078,370,246,240,60
1058,184,66.871208,370,370,293,60
1053,186,61.488655,370,370,370,60
1044,190,56.925802,370,370,370,60
1034,195,55.623846,370,370,370,60
1027,197,62.167310,370,370,370,60
1021,199,65.087851,370,370,370,60
1012,201,67.668002,370,370,329,60
1007,202,73.564778,370,180,262,60
998,203,79.817456,370,159,234,60
993,204,85.267655,370,152,233,60
987,204,85.594768,370,125,183,60
981,203,83.153456,370,119,193,60
971,204,85.238146,370,108,182,60
964,204,86.862365,370,97,180,60
956,205,84.133773,370,93,193,60
946,206,82.729603,370,88,200,60
938,207,81.864517,370,82,207,60
927,208,78.854096,370,72,214,60
916,209,76.663269,370,62,221,60
909,210,81.328303,370,52,39,60
901,211,80.488079,370,46,35,60
894,212,78.843573,370,36,27,60
887,213,78.631846,370,29,21,60
883,214,68.692359,370,36,23,60
882,216,45.773289,370,77,31,60
882,217,30.448554,370,370,59,60
883,218,13.505169,370,370,370,60
884,219,5.961343,370,370,370,60
884,219,1.625946,370,370,370,60
884,222,0.414229,370,370,370,60
884,229,0.515269,370,370,370,60
882,237,1.181214,370,370,370,60
880,245,2.131053,370,370,370,60
879,250,3.688278,370,370,370,60
876,258,5.787943,370,370,370,60
873,263,8.527277,370,370,370,60
871,266,12.857926,370,370,370,60
867,271,17.342302,360,370,370,60
862,276,24.435800,343,370,370,60
858,279,31.936396,370,370,358,60
852,282,44.008651,370,370,331,60
848,284,53.588960,370,370,323,60
844,286,63.376017,370,352,31,60
838,286,80.911241,370,314,20,60
833,286,92.337652,370,17,14,60
825,285,98.561836,1,1,1,60
811,284,94.782904,362,278,257,60
804,283,93.126925,361,271,262,60
798,284,77.507669,370,266,290,60
795,285,67.203265,370,282,290,60
790,286,64.889605,370,285,275,60
782,289,64.740046,370,277,266,60
771,291,69.539920,370,261,262,60
763,293,70.527024,370,248,261,60
752,294,74.111983,370,234,252,60
744,295,78.113784,370,220,252,60
737,296,80.787397,348,206,250,60
725,297,84.066101,312,196,250,60
719,298,80.949081,321,191,231,60
714,299,75.630522,340,187,216,60
710,300,68.269587,370,191,195,60
704,302,57.784307,370,198,183,60
698,304,57.516585,370,207,175,60
689,308,55.869843,370,198,166,60
682,311,53.494245,370,196,158,60
676,314,51.320666,370,190,149,60
666,319,47.548147,370,189,142,60
660,322,44.618724,327,192,137,60
654,326,42.664532,320,191,130,60
646,331,40.377998,317,193,125,60
640,334,38.560590,313,187,120,60
633,340,36.582866,309,184,113,60
628,344,33.586446,305,193,109,60
622,349,31.173928,302,194,106,60
618,353,28.080448,302,203,104,60
614,357,25.775808,300,222,103,60
609,363,20.241752,306,265,104,60
606,368,18.644901,303,287,103,60
602,372,15.913611,306,322,103,60
598,380,13.290601,306,363,103,60
595,385,11.309223,299,342,99,60
591,392,8.660475,370,370,102,60
589,397,7.044706,370,370,99,60
587,403,6.519161,370,370,104,60
585,408,3.996486,370,370,104,60
583,416,2.547949,370,370,103,60
583,421,1.306020,370,370,109,60
582,428,0.230886,370,370,111,60
583,433,-0.015508,370,370,111,60
583,438,-0.184701,370,370,111,60
584,445,-0.628907,370,370,111,60
585,450,-1.004325,370,370,114,60
586,458,-1.794824,370,370,117,60
588,464,-2.441667,370,370,121,60
591,472,-4.318789,370,370,135,60
593,478,-5.843669,370,368,145,60
597,485,-7.399773,370,364,155,60
600,490,-9.826824,370,152,173,60
603,495,-10.858566,370,147,185,60
608,503,-15.220182,370,143,210,60
613,511,-16.142677,370,137,230,60
617,516,-18.350620,370,133,257,60
622,521,-18.474364,370,126,283,60
626,527,-18.314956,370,120,292,60
633,536,-16.604093,370,112,290,60
638,542,-17.259080,370,106,305,60
644,551,-17.689947,370,97,316,60
649,557,-17.544046,370,87,324,60
653,563,-17.233097,370,81,319,60
657,569,-15.651135,370,74,316,60
663,578,-12.525966,370,67,309,60
668,589,-9.049986,96,55,66,60
671,595,-9.038913,82,48,58,60
676,606,-8.362304,62,38,47,60
678,612,-6.223085,49,31,38,60
679,617,-2.664878,38,25,34,60
679,621,-0.285403,28,20,28,60
678,625,1.043930,21,15,21,60
677,626,5.006452,18,13,20,60
676,626,13.469918,17,14,23,60
675,626,27.423514,17,18,165,60
674,624,50.964784,23,31,149,60
673,624,67.442439,30,175,148,60
672,622,93.651012,219,139,178,60
671,621,113.607971,151,151,367,60
670,620,126.671475,144,175,370,60
666,617,124.419447,140,167,370,60
658,614,126.645003,133,168,370,60
652,611,129.637061,125,162,370,60
644,606,132.609815,120,161,370,60
638,602,138.920000,116,166,370,60
630,596,142.410965,111,180,370,60
622,589,145.312078,104,177,370,60
617,584,146.407204,100,170,370,60
612,580,150.335556,97,175,370,60
608,575,152.386799,94,192,370,60
604,570,151.813272,89,180,370,60
598,563,156.706439,87,189,370,60
594,557,155.927036,87,215,367,60
590,551,162.089420,85,221,360,60
586,542,164.672329,85,266,340,60
583,536,165.617454,85,301,331,60
581,530,167.482618,83,308,327,60
577,520,167.800160,80,332,320,60
575,513,169.566305,80,344,316,60
572,501,170.039166,79,370,307,60
570,494,170.258249,78,370,303,60
569,486,171.169022,75,370,299,60
567,479,171.400410,72,368,296,60
565,467,170.293325,66,292,299,60
563,459,170.620305,66,308,293,60
561,448,170.229197,63,301,370,60
558,429,166.314917,56,210,370,60
556,417,172.520639,58,250,370,60
555,407,167.074095,55,238,358,60
554,396,179.384025,68,281,370,60
554,388,-176.067360,282,343,370,60
554,375,-178.972346,72,265,370,60
556,369,-174.909296,73,257,369,60
557,364,-177.166362,80,249,370,60
561,351,-175.418091,92,242,213,60
564,344,-171.336868,97,234,204,60
567,340,-170.898987,114,230,197,60
569,335,-165.246510,141,228,189,60
570,330,-173.702270,114,217,353,60
574,321,-166.487408,169,221,178,60
576,314,-168.837458,134,206,355,60
578,305,-171.306378,158,200,166,60
579,300,-170.119434,171,197,162,60
580,294,-167.403490,152,184,331,60
580,289,-176.829286,117,174,261,60
580,281,-171.667268,149,172,303,60
581,274,-173.216068,128,160,254,60
580,266,169.041923,80,160,180,60
580,260,168.003649,92,149,188,60
578,251,166.760406,80,143,165,60
577,244,166.248270,78,138,157,60
575,235,164.266298,73,129,142,60
573,228,161.828871,68,120,128,60
571,222,161.827412,65,114,121,60
568,215,160.841638,61,108,113,60
566,207,163.158977,62,99,109,60
565,200,164.613439,61,89,99,60
566,194,-136.476842,85,80,111,60
567,191,-175.936196,90,77,110,60
569,188,-172.281103,92,74,120,60
571,187,-155.725511,80,82,209,60
573,186,-148.398890,78,88,321,60
576,187,-114.608875,89,168,137,60
578,188,-85.062501,127,370,370,60
578,189,-64.251884,235,158,370,60
579,191,-45.975240,134,370,370,60
581,192,-43.469617,141,370,370,60
589,197,-42.080417,140,370,370,60
596,202,-44.364557,133,370,370,60
601,205,-43.279024,130,370,370,60
606,209,-40.994379,131,370,370,60
612,213,-37.179206,137,370,370,60
620,219,-32.553127,155,370,370,60
624,224,-28.863783,151,370,370,60
629,229,-27.669508,370,370,370,60
636,237,-21.247799,370,370,370,60
642,245,-14.794333,370,370,309,60
645,251,-13.350860,370,370,282,60
648,257,-11.707513,370,370,274,60
653,266,-8.808060,370,370,259,60
658,276,-9.379304,370,370,271,60
661,283,-9.449192,370,365,272,60
666,294,-8.937305,370,354,283,60
670,302,-8.827282,370,345,282,60
673,309,-7.818679,370,338,286,60
676,317,-7.578996,370,325,289,60
680,325,-7.486804,370,317,295,60
683,332,-7.221293,370,310,298,60
688,344,-6.100098,370,302,302,60
690,351,-5.500306,370,293,296,60
693,359,-4.841974,364,284,299,60
696,369,-3.978936,370,273,298,60
699,378,-4.079081,370,266,302,60
702,385,-4.171647,370,259,302,60
704,392,-4.311577,370,248,309,60
707,401,-6.025271,370,242,317,60
709,405,-9.537747,351,238,340,60
711,408,-13.143930,340,370,370,60
715,413,-20.513377,370,370,370,60
718,415,-25.711460,370,370,243,60
721,417,-33.095512,370,370,234,60
725,420,-34.140121,370,370,228,60
732,426,-31.634007,370,370,226,60
737,431,-30.803819,370,370,221,60
742,436,-31.180266,370,370,217,60
748,441,-31.748979,370,370,207,60
756,447,-32.688030,370,370,202,60
761,452,-32.363920,370,370,196,60
767,456,-31.940266,370,370,192,60
775,463,-32.255820,370,370,188,60
781,467,-33.293572,370,370,370,60
789,474,-36.323199,370,370,370,60
795,478,-39.285464,370,370,370,60
801,481,-42.955837,370,370,370,60
806,484,-44.184031,370,298,368,60
815,490,-42.533649,370,370,364,60
821,494,-40.688221,370,370,357,60
829,500,-37.211970,370,370,354,60
834,504,-33.749892,370,370,351,60
839,508,-30.000371,370,370,351,60
844,513,-26.407016,244,370,351,60
852,523,-20.983527,200,359,351,60
856,529,-17.621561,147,339,354,60
860,535,-14.517753,123,326,357,60
866,544,-12.163016,140,311,358,60
871,554,-11.302040,149,304,355,60
875,560,-11.099495,154,290,341,60
880,570,-11.194403,155,283,333,60
884,577,-10.371902,157,276,327,60
889,588,-8.600526,173,264,320,60
892,595,-7.596871,370,256,316,60
895,602,-6.806467,370,244,307,60
898,610,-6.386913,370,236,299,60
902,621,-5.708306,360,228,292,60
905,628,-5.203711,344,221,285,60
907,636,-4.548633,320,209,272,60
911,647,-3.772177,305,202,266,60
913,655,-3.698712,286,189,251,60
915,662,-3.878278,276,182,241,60
918,669,-4.379918,268,176,230,60
921,679,-5.102497,259,169,219,60
925,689,-6.117076,250,159,203,60
928,696,-6.467822,237,149,189,60
932,706,-7.187916,224,139,175,60
935,713,-7.916554,217,133,164,60
939,722,-8.759065,209,127,157,60
942,727,-10.125013,204,119,142,60
945,733,-11.494139,202,114,134,60
950,740,-14.135465,202,110,125,60
953,745,-16.374485,209,107,118,60
958,751,-19.520907,216,102,107,60
962,755,-21.304286,224,98,99,60
966,760,-22.674059,226,93,93,60
972,765,-25.149406,237,92,89,60
977,770,-30.440026,279,90,82,60
981,773,-35.602694,305,92,79,60
985,776,-40.460395,290,98,75,60
992,779,-47.663104,282,107,75,60
996,781,-52.827462,278,120,76,60
1003,783,-62.377054,275,147,78,60
1008,784,-70.861076,281,199,85,60
1011,784,-79.526324,306,258,102,60
1015,784,-87.698381,336,249,120,60
1019,783,-99.720170,370,249,164,60
1022,783,-108.795415,370,257,226,60
1025,781,-117.988984,151,274,254,60
1031,779,-125.643140,104,290,244,60
1037,775,-132.254888,80,313,237,60
1043,772,-134.744106,78,322,231,60
1048,768,-136.502663,76,326,224,60
1054,765,-138.252691,79,330,220,60
1060,761,-138.719280,83,324,214,60
1066,757,-137.542434,90,308,207,60
1075,751,-139.882109,86,319,203,60
1080,747,-141.069521,106,280,193,60
1088,741,-144.648188,89,317,192,60
1093,737,-144.844940,89,322,188,60
1098,733,-147.407883,92,312,183,60
1103,728,-146.859046,361,321,178,60
1107,724,-147.418351,355,319,175,60
1115,717,-150.375787,370,359,175,60
1119,712,-151.640037,370,342,169,60
1123,708,-152.561857,350,321,164,60
1129,701,-155.345641,348,324,159,60
1133,696,-158.804058,370,370,162,60
1136,691,-161.925049,370,370,166,60
1141,684,-162.689457,370,370,168,60
1143,679,-169.098403,370,370,164,60
1147,670,-167.725224,370,370,162,60
1149,665,-167.471497,370,370,164,60
1150,659,-174.926862,370,370,183,60
1153,651,-168.883272,370,370,164,60
1155,642,-174.083521,370,370,171,60
1156,636,-173.121283,370,370,176,60
1157,627,-176.401797,370,370,179,60
1157,621,-174.413339,370,370,179,60
1158,616,-176.756471,370,370,176,60
1158,607,-175.019535,370,370,180,60
1158,601,178.059770,370,248,216,60
1157,595,179.361773,370,370,199,60
1156,585,170.883130,370,370,200,60
1155,579,178.281205,370,209,241,60
1153,569,174.209429,370,188,259,60
1152,562,173.135804,370,224,210,60
1150,553,168.736210,370,182,248,60
1148,546,170.848307,370,194,227,60
1145,536,167.015969,370,152,282,60
1143,530,169.528116,370,144,276,60
1141,524,173.207005,370,150,252,60
1138,514,174.258160,370,148,245,60
1135,507,167.890626,370,133,257,60
1133,499,172.727547,370,101,336,60
1129,489,169.408598,370,107,272,60
1127,482,167.082554,367,83,320,60
1124,475,172.283118,364,84,288,60
1120,467,162.381362,357,70,306,60
1117,461,161.021196,348,52,370,60
1112,454,156.010587,343,44,361,60
1108,448,154.994493,336,34,370,60
1104,442,159.665831,330,21,116,60
1100,436,154.652152,370,10,37,60
1096,430,165.726698,3,4,96,60
1091,421,157.504384,0,0,0,60
1090,418,164.192198,0,0,0,60
1089,414,176.274439,0,0,0,60
1090,410,171.484049,0,0,0,60
1091,408,-170.968376,0,0,0,60
1093,406,-169.219866,0,0,0,60
1095,406,-157.089289,4,9,216,60
1097,406,-131.502656,21,317,183,60
1099,406,-111.653206,314,197,175,60
1101,407,-85.851669,220,163,243,60
1101,408,-66.412730,179,179,370,60
1107,410,-59.285568,169,192,370,60
1113,412,-61.455314,164,183,370,60
1119,414,-63.454203,158,171,370,60
1128,416,-73.458917,155,150,329,60
1132,416,-82.981311,159,138,248,60
1136,416,-90.038964,172,129,195,60
1141,415,-99.283921,207,125,154,60
1144,414,-108.446071,266,128,137,60
1149,413,-113.653625,317,128,125,60
1157,410,-118.025480,327,127,118,60
1165,407,-116.556940,324,116,110,60
1171,405,-126.775373,317,114,104,60
1176,402,-127.421261,300,119,94,60
1183,397,-133.195637,296,116,92,60
1187,394,-134.516730,290,119,87,60
1192,391,-137.472879,283,121,82,60
1198,385,-148.509466,279,129,80,60
1201,382,-152.527088,282,166,83,60
1205,376,-158.856854,282,179,82,60
1208,372,-165.238349,296,271,89,60
1210,368,-166.788413,298,261,90,60
1212,363,-172.741932,310,252,99,60
1212,362,-171.643618,307,250,97,60
1212,357,-175.306391,323,245,106,60
1212,354,-178.544170,302,244,97,60
1212,351,178.125929,370,237,134,60
1210,346,175.623068,350,233,128,60
1208,343,172.234332,362,231,138,60
1206,340,168.935415,370,231,172,60
1203,336,162.120183,370,234,203,60
1200,333,158.154004,370,237,240,60
1197,329,154.407226,370,240,230,60
1191,324,149.332207,350,246,223,60
1186,320,142.244488,355,265,213,60
1178,314,145.522004,341,247,210,60
1172,310,145.510625,333,242,206,60
1167,305,145.531683,323,237,199,60
1156,297,143.217517,316,235,192,60
1150,294,141.901965,312,236,189,60
1145,290,138.913888,309,241,182,60
1136,285,135.013049,310,249,179,60
1130,282,131.597791,313,261,178,60
1125,279,129.440289,313,274,175,60
1117,276,129.068421,370,291,175,60
1110,273,122.964096,370,305,175,60
1103,270,121.385429,370,324,173,60
1094,267,118.457807,370,343,175,60
1088,266,116.023801,370,367,175,60
1082,264,113.962288,370,370,176,60
1073,262,109.567210,370,370,180,60
1068,261,107.957025,370,198,186,60
1062,260,105.004355,370,196,193,60
1052,259,102.352621,370,192,196,60
1046,258,100.416104,370,189,203,60
1036,258,99.433246,370,184,210,60
1029,258,95.416563,370,181,219,60
1022,257,91.189713,370,178,227,60
1015,258,88.981016,370,178,248,60
1008,258,86.621499,370,177,261,60
1002,259,83.257203,370,180,286,60
992,260,78.563405,370,370,138,60
985,261,76.439505,370,370,131,60
974,262,76.170706,370,370,125,60
967,263,78.307116,370,370,118,60
960,264,77.200549,370,370,113,60
954,265,74.782173,370,370,107,60
946,268,69.692618,370,370,106,60
941,269,65.676353,370,370,104,60
937,271,58.584651,370,370,106,60
932,273,52.064450,370,370,111,60
926,277,43.300703,370,370,370,60
923,279,35.651973,370,370,370,60
920,282,29.751630,319,370,370,60
918,285,23.612076,327,370,370,60
912,292,22.595471,326,370,370,60
908,297,25.217188,312,370,370,60
900,305,28.361728,305,370,370,60
895,310,30.052817,370,370,370,60
889,314,32.131326,370,370,370,60
881,321,33.711382,370,370,369,60
878,323,33.497479,370,370,364,60
872,327,36.921782,370,370,353,60
866,332,39.300765,370,370,344,60
857,337,42.256132,370,370,336,60
847,343,46.220116,370,370,324,60
840,347,45.605970,370,370,317,60
833,350,47.900853,370,370,309,60
826,354,50.823290,370,370,303,60
818,357,53.002081,296,363,292,60
807,362,54.136987,293,349,286,60
799,366,54.374730,289,333,274,60
788,371,53.312735,286,322,265,60
780,374,51.868816,278,320,254,60
770,378,54.443642,275,309,247,60
763,381,54.614790,275,291,241,60
756,384,56.244793,272,273,231,60
745,388,56.688952,271,263,223,60
738,391,55.929883,266,259,216,60
731,394,54.219258,261,249,204,60
724,397,51.526451,255,250,197,60
715,401,49.215121,251,247,192,60
709,404,48.053953,247,247,186,60
700,409,45.181583,240,250,178,60
694,413,43.628510,237,239,171,60
688,416,43.172376,231,238,164,60
683,420,38.951526,227,253,161,60
677,423,37.246213,224,255,157,60
670,429,31.621274,220,267,154,60
666,433,29.746069,217,294,152,60
660,439,24.105947,216,348,154,60
656,443,20.575977,217,370,155,60
653,448,19.012315,213,370,154,60
648,455,13.532647,214,370,157,60
645,460,10.961371,370,370,162,60
641,468,9.216787,370,370,164,60
639,473,7.133377,370,370,164,60
637,478,4.414713,370,367,171,60
634,487,4.370725,370,361,169,60
633,493,3.191386,370,352,171,60
631,501,2.379577,370,345,172,60
630,507,1.132329,370,337,173,60
629,513,1.104291,175,331,172,60
628,521,0.334664,171,326,175,60
629,526,0.167272,162,321,175,60
629,535,0.004089,151,312,176,60
630,541,-0.107441,142,306,176,60
630,547,-0.075387,130,92,178,60
631,556,-0.485395,123,86,180,60
633,565,-1.064965,106,74,186,60
634,571,-2.578253,100,68,193,60
636,576,-3.237862,94,63,200,60
639,585,-5.401242,86,57,207,60
641,590,-6.358712,83,52,221,60
643,595,-8.974896,75,45,243,60
648,603,-11.497214,69,40,261,60
650,608,-10.990044,59,34,41,60
654,613,-13.343003,54,29,34,60
657,619,-13.931486,39,21,24,60
661,624,-15.199126,32,17,18,60
662,625,-21.913767,41,17,18,60
663,625,-38.449179,370,22,20,60
663,624,-53.261595,302,34,24,60
663,622,-80.238280,370,370,39,60
662,621,-98.208809,370,370,71,60
660,620,-116.294443,370,370,370,60
659,620,-133.679083,370,370,370,60
668,614,-137.834728,370,370,370,60
677,606,-147.026547,370,370,370,60
683,601,-148.059243,370,370,370,60
690,596,-146.962217,370,370,370,60
696,592,-144.598064,370,370,370,60
706,585,-141.901055,370,370,370,60
715,579,-138.985513,370,370,370,60
723,574,-137.781168,370,370,370,60
729,570,-136.905668,351,370,370,60
736,566,-135.873644,312,370,370,60
747,559,-133.470727,282,370,370,60
758,553,-132.249237,244,331,370,60
765,549,-131.881838,251,322,370,60
772,546,-132.470063,264,311,370,60
783,540,-132.620846,266,303,370,60
793,535,-131.703151,286,290,370,60
800,531,-129.266283,370,276,370,60
811,527,-125.358370,370,266,370,60
822,523,-121.758333,370,258,370,60
830,520,-120.154040,370,246,370,60
837,517,-118.058977,370,239,370,60
845,515,-116.907093,370,227,370,60
853,512,-115.876285,370,219,370,60
865,509,-114.179349,370,370,370,60
873,507,-114.169262,370,370,370,60
881,504,-113.919480,370,370,370,60
892,501,-115.917804,370,370,370,60
900,499,-114.992338,370,370,370,60
907,497,-114.899819,370,370,370,60
915,495,-113.373764,370,370,370,60
927,492,-109.709091,180,366,370,60
934,491,-106.868800,168,354,370,60
942,489,-99.192971,149,334,370,60
954,488,-101.068689,138,322,370,60
962,487,-100.720331,124,308,365,60
974,485,-98.032576,116,297,367,60
982,485,-98.850788,107,289,355,60
988,484,-103.385655,103,284,338,60
993,482,-110.417733,100,288,306,60
997,481,-119.351968,107,309,281,60
1001,478,-124.119588,118,337,271,60
1008,475,-133.741508,121,357,265,60
1014,471,-135.671642,117,62,258,60
1020,468,-137.392624,110,56,254,60
1029,462,-138.154359,100,49,248,60
1035,459,-138.108877,82,42,241,60
1041,455,-137.229552,59,343,233,60
1050,449,-137.542798,37,332,224,60
1055,445,-139.358559,28,337,220,60
1061,442,-140.860113,13,338,214,60
1068,437,-141.892930,13,336,209,60
1080,429,-131.024471,31,268,196,60
1090,424,-126.305592,56,236,188,60
1098,422,-116.857080,334,201,180,60
1112,418,-110.051100,344,173,169,60
1119,417,-104.026582,314,156,169,60
1125,416,-105.211877,281,145,161,60
1133,414,-110.080401,302,142,149,60
1142,412,-115.618002,290,134,141,60
1147,410,-117.858764,324,136,125,60
1153,408,-117.170260,324,129,120,60
1161,405,-124.121827,324,121,116,60
1165,402,-127.375733,314,121,109,60
1170,399,-131.988818,298,132,103,60
1177,395,-133.219326,296,125,99,60
1180,393,-136.093733,286,134,93,60
1183,390,-150.634753,288,192,99,60
1185,387,-153.445692,289,208,100,60
1187,383,-161.204459,299,285,109,60
1190,378,-168.476443,309,274,113,60
1191,375,-167.385554,302,273,110,60
1192,370,-177.030894,326,260,125,60
1192,367,-173.338570,343,253,137,60
1191,363,175.499854,45,317,257,60
1190,358,176.960350,358,245,154,60
1188,355,174.662610,362,242,161,60
1185,348,173.109355,370,235,182,60
1180,334,168.833843,370,229,219,60
1177,327,163.743951,370,224,247,60
1174,321,162.413421,370,217,234,60
1169,313,166.334134,370,207,238,60
1163,305,162.314551,370,203,226,60
1159,300,159.949426,370,200,210,60
1154,295,157.273446,370,197,197,60
1147,287,149.003235,370,196,189,60
1142,283,150.994992,370,197,178,60
1135,276,147.928683,370,196,172,60
1130,272,146.842225,272,195,168,60
1125,268,144.902160,265,193,161,60
1120,264,143.585743,261,192,157,60
1112,259,140.900352,257,193,154,60
1107,256,137.908412,255,197,151,60
1099,252,132.344404,257,209,147,60
1094,250,126.644706,271,245,148,60
1086,247,118.568887,370,283,151,60
1078,245,111.224268,370,370,159,60
1073,244,106.339268,370,370,168,60
1067,244,102.667374,370,370,175,60
1061,244,98.043272,370,196,193,60
1055,244,93.893437,370,199,207,60
1046,244,87.330072,370,201,223,60
1040,244,84.118514,370,206,244,60
1034,246,79.558324,370,217,278,60
1025,247,73.013868,370,370,327,60
1019,248,71.202178,370,370,370,60
1009,251,65.600268,370,370,155,60
1003,253,61.152808,370,370,154,60
996,256,60.203844,370,370,149,60
984,259,61.834841,370,370,145,60
977,262,60.499769,370,370,138,60
969,265,56.529415,370,370,137,60
964,268,53.459793,370,370,135,60
959,270,49.057242,370,370,141,60
952,275,42.285197,370,370,370,60
948,277,37.439011,370,370,370,60
944,281,31.830489,319,370,370,60
941,284,29.042839,319,370,370,60
935,291,26.587210,317,370,370,60
929,296,28.901535,312,370,370,60
921,304,29.731815,300,370,370,60
914,310,30.962351,295,370,370,60
908,315,31.175990,370,370,370,60
902,321,30.914845,370,370,370,60
896,326,30.129730,370,367,370,60
887,334,28.386366,370,357,370,60
881,339,30.042358,370,349,370,60
872,347,31.095806,370,343,369,60
866,352,32.118606,370,345,358,60
863,355,33.570019,370,346,348,60
854,362,36.084635,370,350,340,60
849,365,33.121743,370,339,336,60
846,369,28.365887,370,312,341,60
843,372,24.879775,370,297,347,60
838,378,20.608386,370,284,354,60
834,384,20.558674,370,278,353,60
828,390,21.934001,370,271,340,60
821,399,21.011606,370,263,336,60
817,404,17.361438,370,248,341,60
813,411,11.953919,370,239,355,60
810,416,10.676266,370,370,364,60
805,426,9.821506,370,370,364,60
802,432,8.691621,370,370,361,60
800,438,6.407885,370,370,370,60
797,444,6.419218,370,370,369,60
793,454,7.174006,370,370,364,60
790,461,7.969772,370,370,357,60
785,471,8.396503,370,370,344,60
782,476,10.849543,370,166,329,60
782,476,11.594397,370,167,326,60
782,476,11.401496,370,167,326,60
782,476,11.255284,370,167,327,60
782,476,11.788666,370,167,324,60
782,476,11.262020,370,167,326,60
782,476,12.082187,370,167,326,60
782,476,11.221023,370,167,326,60
782,476,11.388117,370,167,326,60
782,476,11.569800,370,167,326,60
782,476,11.400435,370,167,327,60
782,476,11.091743,370,167,326,60
782,476,11.508084,370,167,326,60
782,476,11.357673,370,167,324,60
782,476,11.167403,370,167,327,60
782,476,12.033602,370,167,323,60
782,476,11.348960,370,167,327,60
782,476,11.626019,370,167,324,60
782,476,11.450591,370,167,324,60
782,476,11.736948,370,167,326,60
782,476,11.329977,370,167,326,60
782,476,11.649168,370,167,326,60
782,476,11.690170,370,167,323,60
782,476,11.879564,370,167,326,60
782,476,11.410856,370,167,327,60
782,476,11.897109,370,167,327,60
782,476,11.322454,370,167,326,60
782,476,11.751295,370,167,326,60
782,476,11.738415,370,167,324,60
782,476,11.167971,370,167,327,60
782,476,11.533051,370,167,326,60
782,476,11.963146,370,167,324,60
782,476,11.887308,370,167,324,60
782,476,11.358729,370,167,326,60
782,476,11.215467,370,167,327,60
782,476,11.136662,370,167,324,60
782,476,11.556735,370,167,326,60
782,476,11.591472,370,167,326,60
782,476,10.812816,370,167,329,60
782,476,11.795186,370,167,324,60
782,476,11.412006,370,167,324,60
782,476,11.339149,370,167,324,60
782,476,11.547300,370,167,326,60
782,476,11.602547,370,167,324,60
782,476,11.709588,370,167,324,60
782,476,11.599076,370,167,326,60
782,476,11.215143,370,167,326,60
782,476,11.370480,370,167,327,60
782,476,11.775483,370,167,327,60
782,476,11.336583,370,167,326,60
782,476,12.159511,370,167,323,60
782,476,11.768693,370,167,324,60
782,476,11.101554,370,167,327,60
782,476,11.137100,370,167,327,60
782,476,11.736399,370,167,324,60
782,476,11.807823,370,167,326,60
782,476,11.244801,370,167,326,60
782,476,11.378575,370,167,324,60
782,476,11.795967,370,167,326,60
782,476,11.554134,370,167,323,60
782,476,11.084918,370,167,327,60
782,476,11.981688,370,167,326,60
782,476,11.495805,370,167,326,60
782,476,11.265266,370,167,324,60
782,476,11.543055,370,167,326,60
782,476,11.821689,370,167,324,60
782,476,11.943456,370,167,326,60
782,476,11.043208,370,167,327,60
782,476,11.521728,370,167,327,60
782,476,10.594858,370,167,326,60
782,476,11.527843,370,167,326,60
782,476,11.827447,370,167,324,60
782,476,11.971974,370,167,324,60
782,476,11.803133,370,167,324,60
782,476,11.692029,370,167,324,60
782,476,11.651728,370,167,324,60
782,476,11.974240,370,167,324,60
782,476,11.378723,370,167,326,60
782,476,11.129341,370,167,327,60
782,476,11.436176,370,167,324,60
782,476,11.160403,370,167,326,60
782,476,11.216417,370,167,326,60
782,476,11.168735,370,167,327,60
782,476,11.908499,370,167,326,60
782,476,11.795572,370,167,326,60
782,476,11.746439,370,167,324,60
782,476,11.595041,370,167,327,60
782,476,11.330966,370,167,326,60
782,476,11.705604,370,167,327,60
782,476,11.226532,370,167,324,60
782,476,11.351508,370,167,326,60
782,476,11.466151,370,167,327,60
782,476,11.863495,370,167,324,60
782,476,10.917145,370,167,327,60
782,476,11.434027,370,167,327,60
782,476,11.642422,370,167,324,60
782,476,11.244163,370,167,326,60
782,476,11.626123,370,167,327,60
782,476,12.233404,370,167,327,60
782,476,11.478306,370,167,326,60
782,476,11.351918,370,167,324,60
782,476,11.147204,370,167,326,60
782,476,11.596547,370,167,326,60
782,476,11.668767,370,167,324,60
782,476,11.580095,370,167,324,60
782,476,11.399249,370,167,329,60
782,476,11.384168,370,167,326,60
782,476,12.075965,370,167,323,60
782,476,11.111721,370,167,327,60
782,476,11.748994,370,167,326,60
782,476,11.499557,370,166,326,60
782,476,11.457420,370,167,326,60
782,476,11.749126,370,167,324,60
782,476,11.399610,370,167,324,60
782,476,11.336279,370,167,326,60
782,476,11.345768,370,167,326,60
782,476,11.158109,370,167,327,60
782,476,11.583792,370,167,326,60
782,476,11.725903,370,167,324,60
782,476,11.503374,370,167,326,60
782,476,11.047704,370,167,326,60
782,476,11.646557,370,167,326,60
782,476,11.347042,370,167,324,60
782,476,12.018021,370,167,323,60
782,476,12.082573,370,167,323,60
782,476,11.200732,370,167,327,60
782,476,11.281861,370,167,324,60
782,476,11.365012,370,167,326,60
782,476,11.552403,370,167,326,60
782,476,11.879100,370,167,326,60
782,476,11.877388,370,167,324,60
782,476,11.509744,370,167,326,60
782,476,11.075741,370,167,326,60
782,476,11.577365,370,167,327,60
782,476,11.901790,370,167,326,60
782,476,11.053294,370,167,327,60
782,476,12.073205,370,167,323,60
782,476,11.164244,370,167,327,60
782,476,11.692151,370,167,324,60
782,476,11.348576,370,167,324,60
782,476,11.555578,370,167,326,60
782,476,11.460434,370,167,326,60
782,476,11.535826,370,167,326,60
782,476,11.229848,370,167,327,60
782,476,10.945802,370,167,327,60
782,476,11.190677,370,167,324,60
782,476,11.372879,370,167,327,60
782,476,11.869951,370,167,326,60
782,476,11.562736,370,167,326,60
782,476,11.236832,370,167,324,60
782,476,11.319198,370,167,326,60
782,476,11.062031,370,167,327,60
782,476,11.454982,370,167,326,60
782,476,11.488503,370,167,329,60
782,476,11.755020,370,167,324,60
782,476,11.617617,370,167,323,60
782,476,11.447692,370,167,324,60
782,476,11.069183,370,167,326,60
782,476,11.950409,370,167,324,60
782,476,11.336031,370,167,326,60
782,476,11.735162,370,167,326,60
782,476,11.820366,370,167,326,60
782,476,11.335479,370,167,326,60
782,476,11.212458,370,167,326,60
782,476,11.282245,370,167,326,60
782,476,11.487975,370,167,326,60
782,476,11.399185,370,167,327,60
782,476,11.248641,370,167,327,60
782,476,11.703818,370,167,324,60
782,476,11.776025,370,167,324,60
782,476,11.427207,370,167,326,60
782,476,12.057728,370,167,327,60
782,476,11.372044,370,167,324,60
782,476,11.873687,370,167,327,60
782,476,11.553787,370,167,327,60
782,476,11.201346,370,167,326,60
782,476,11.286152,370,167,324,60
782,476,11.663105,370,167,327,60
782,476,11.906921,370,167,324,60
782,476,11.290837,370,167,326,60
782,476,11.655284,370,167,324,60
782,476,11.527706,370,167,323,60
782,476,11.716232,370,167,327,60
782,476,11.298769,370,167,326,60
782,476,11.512228,370,167,324,60
782,476,11.355606,370,167,326,60
782,476,11.839802,370,167,324,60
782,476,11.414821,370,167,326,60
782,476,11.643096,370,167,324,60
782,476,11.738784,370,167,326,60
782,476,11.838700,370,167,327,60
782,476,10.970894,370,167,326,60
782,476,11.560416,370,167,326,60
782,476,11.661782,370,167,326,60
782,476,11.062186,370,167,326,60
782,476,11.099591,370,167,327,60
782,476,11.264597,370,167,324,60
782,476,11.612175,370,167,327,60
782,476,11.366411,370,167,326,60
782,476,11.003376,370,167,327,60
782,476,11.070225,370,167,327,60
782,476,11.837737,370,166,329,60
782,476,11.469308,370,167,326,60
782,476,11.511176,370,167,324,60
782,476,11.503733,370,167,323,60
782,476,11.250083,370,167,326,60
782,476,11.249964,370,167,327,60
782,476,11.552034,370,167,326,60
782,476,11.004784,370,167,327,60
782,476,11.438199,370,167,327,60
782,476,10.651975,370,167,323,60
782,476,11.266223,370,167,326,60
782,476,11.631058,370,167,324,60
782,476,11.878615,370,167,324,60
782,476,11.496917,370,167,326,60
782,476,11.334559,370,167,324,60
782,476,11.632982,370,167,326,60
782,476,11.309980,370,167,324,60
782,476,11.356795,370,167,326,60
782,476,11.321879,370,167,326,60
782,476,11.571363,370,167,324,60
782,476,12.031460,370,167,323,60
782,476,11.463023,370,167,323,60
782,477,11.543849,370,166,324,60
782,477,11.438906,370,166,326,60
782,477,11.692147,370,166,324,60
782,477,12.081794,370,166,323,60
782,476,10.922354,370,167,329,60
782,476,11.410567,370,167,326,60
782,476,11.508135,370,167,326,60
782,477,11.714169,370,166,323,60
782,477,11.633404,370,166,324,60
782,476,11.762293,370,167,326,60
782,476,11.452776,370,167,327,60
782,477,12.172056,370,166,323,60
782,477,12.112101,370,166,323,60
782,477,11.549318,370,166,323,60
782,476,11.603210,370,167,326,60
782,476,11.599930,370,167,324,60
782,476,11.303061,370,167,326,60
782,477,11.426016,370,166,326,60
782,476,11.385760,370,167,326,60
782,476,12.133819,370,167,326,60
782,476,11.178360,370,167,324,60
782,476,11.897142,370,167,324,60
782,476,11.441102,370,167,324,60
782,476,11.393598,370,167,326,60
782,476,11.890710,370,167,324,60
782,476,11.031429,370,167,323,60
782,476,11.705548,370,167,324,60
782,476,11.839948,370,167,323,60
782,476,11.997668,370,167,323,60
782,476,11.424251,370,167,327,60
782,476,11.426284,370,167,324,60
782,476,11.600597,370,167,326,60
782,476,11.321617,370,167,326,60
782,476,11.503868,370,167,324,60
782,476,11.156555,370,167,327,60
782,476,11.453264,370,167,326,60
782,476,11.110790,370,167,323,60
782,476,11.431913,370,167,324,60
782,476,10.813662,370,167,329,60
782,476,11.461811,370,167,326,60
782,476,11.197824,370,167,329,60
782,476,11.491725,370,167,323,60
782,476,11.223024,370,167,326,60
782,476,11.487206,370,167,326,60
782,476,11.910639,370,167,326,60
782,476,11.196563,370,167,326,60
782,476,11.441994,370,167,326,60
782,476,11.514450,370,167,326,60
782,476,11.076764,370,167,327,60
782,476,11.295002,370,167,324,60
782,476,11.785356,370,167,326,60
782,476,11.588545,370,167,326,60
782,476,11.667777,370,167,324,60
782,476,11.715581,370,167,324,60
782,476,11.708327,370,167,326,60
782,476,11.792834,370,167,324,60
782,476,11.214922,370,167,327,60
782,476,11.405009,370,167,324,60
782,476,11.731073,370,167,324,60
782,476,11.668997,370,167,324,60
782,476,11.507289,370,167,323,60
782,476,11.958736,370,167,324,60
782,476,11.753238,370,167,324,60
782,476,11.529668,370,167,326,60
782,476,11.616242,370,167,326,60
782,476,11.751215,370,167,324,60
782,476,10.968399,370,167,327,60
782,476,11.616126,370,167,326,60
782,476,11.379573,370,167,326,60
782,476,11.942793,370,167,324,60
782,476,11.453212,370,167,326,60
782,476,11.817134,370,167,324,60
782,476,11.180017,370,167,327,60
782,476,11.032193,370,167,327,60
782,476,11.147175,370,167,326,60
782,476,11.569163,370,167,324,60
782,476,11.404998,370,167,327,60
782,476,11.365208,370,167,327,60
782,476,11.549759,370,167,326,60
782,476,11.414001,370,167,326,60
782,476,11.228536,370,167,327,60
782,476,11.779525,370,167,329,60
782,476,11.441950,370,167,327,60
782,476,10.598408,370,167,326,60
782,476,11.228028,370,167,323,60
782,476,11.722433,370,167,324,60
782,476,11.715460,370,167,324,60
782,476,12.068837,370,167,327,60
782,476,11.511621,370,167,324,60
782,476,11.577878,370,167,326,60
782,476,11.599850,370,167,324,60
782,476,11.759765,370,167,324,60
782,476,12.109073,370,167,323,60
782,476,12.207078,370,167,326,60
782,476,11.803327,370,167,326,60
782,476,11.385688,370,167,326,60
782,476,11.228327,370,167,324,60
782,476,11.513671,370,167,324,60
782,476,11.525457,370,167,324,60
782,476,11.241324,370,167,326,60
782,476,11.617730,370,167,327,60
782,476,11.486208,370,167,324,60
782,476,11.487691,370,167,326,60
782,476,11.797107,370,167,326,60
782,476,11.890376,370,167,323,60
782,476,11.865165,370,167,324,60
782,476,11.529338,370,167,326,60
782,476,11.714789,370,167,324,60
782,476,11.818817,370,167,324,60
782,476,11.832436,370,167,324,60
782,476,11.448800,370,167,324,60
