628,786,176.856196,158,370,52,60
628,786,175.909216,164,370,51,60
625,762,174.984328,154,370,41,60
623,750,172.874248,147,370,38,60
619,738,170.148317,140,370,37,60
615,726,168.952054,127,370,370,60
609,712,167.543677,117,370,370,60
603,695,166.251202,111,370,370,60
599,689,167.949655,107,370,370,60
597,681,174.348674,114,370,370,60
597,677,176.052200,120,370,370,60
597,673,-171.849868,370,370,357,60
598,667,-178.308146,135,370,370,60
599,663,-177.173012,140,370,370,60
601,660,-174.490652,149,370,370,60
604,655,-168.199522,176,370,370,60
606,651,-162.835604,233,370,370,60
610,649,-156.053220,321,370,370,60
615,645,-144.196416,370,370,370,60
618,643,-136.123002,370,370,370,60
623,642,-126.372930,370,370,365,60
627,641,-115.120220,370,370,370,60
634,640,-99.481141,370,370,59,60
638,640,-86.842415,370,331,37,60
645,641,-72.046362,370,370,24,60
655,644,-68.125359,370,43,17,60
669,647,-70.342717,370,35,14,60
682,650,-71.155421,370,30,11,60
690,650,-79.331092,370,322,16,60
693,649,-99.821569,370,370,370,60
695,647,-126.956929,370,370,370,60
695,646,-142.653734,370,370,370,60
700,641,-150.727810,370,370,370,60
704,638,-142.879089,370,370,370,60
709,636,-132.180942,370,370,247,60
714,635,-119.630520,370,370,274,60
718,634,-110.377655,370,370,370,60
724,634,-96.096048,370,370,370,60
728,634,-87.727273,370,225,345,60
734,636,-72.068079,370,283,265,60
737,637,-61.389729,370,370,233,60
743,640,-47.230904,219,349,217,60
746,643,-38.470959,244,284,210,60
749,645,-30.995648,370,248,207,60
752,649,-21.915616,370,216,213,60
753,652,-16.729704,370,202,219,60
755,656,-11.071263,364,196,223,60
756,659,-7.598758,321,190,230,60
757,662,-4.786829,290,185,237,60
758,667,-1.209275,262,179,79,60
757,673,-0.037273,245,173,86,60
757,677,0.382607,238,169,86,60
756,680,1.416159,226,164,85,60
754,687,1.848011,219,160,233,60
753,693,1.495999,207,151,219,60
752,699,1.324412,200,145,209,60
751,708,0.731006,193,139,199,60
750,714,1.833453,178,130,189,60
747,722,5.065574,166,125,189,60
745,726,7.940780,154,121,190,60
741,732,12.073664,138,117,203,60
738,737,14.803792,130,114,213,60
735,741,15.712946,120,108,212,60
731,746,16.761931,113,104,209,60
725,752,20.179567,106,101,220,60
722,755,24.558594,100,99,226,60
718,758,33.687126,94,106,207,60
712,761,45.877736,92,124,189,60
709,762,56.543235,97,170,183,60
703,763,72.845390,114,179,192,60
697,763,88.152954,135,167,209,60
692,762,97.319837,169,160,240,60
688,761,108.335505,175,163,340,60
683,760,113.686535,162,165,370,60
676,757,124.683428,154,171,69,60
673,755,133.134890,148,190,38,60
671,752,139.613185,148,221,24,60
666,748,144.325605,147,247,20,60
657,741,145.084668,142,252,21,60
650,735,144.875519,134,231,25,60
644,730,142.097863,123,199,35,60
632,722,140.754817,113,179,370,60
625,718,135.732538,104,153,370,60
618,713,132.241249,96,133,370,60
611,710,127.264778,83,105,370,60
605,707,136.923767,80,109,370,60
602,704,145.409185,82,141,370,60
599,700,153.464640,86,179,370,60
596,695,162.185697,92,245,370,60
594,692,166.606660,97,353,370,60
593,686,172.576692,106,370,370,60
592,683,176.105922,113,370,370,60
592,676,174.826809,120,370,370,60
593,672,-177.894697,142,370,370,60
595,666,-176.157354,133,370,370,60
596,662,-172.565416,155,370,370,60
599,658,-169.279962,178,370,370,60
603,653,-156.791877,220,370,370,60
607,650,-152.669955,313,370,370,60
611,648,-143.081297,370,370,370,60
617,644,-128.139945,370,370,345,60
621,643,-117.777057,370,370,370,60
627,643,-102.891832,370,370,79,60
631,643,-90.029491,370,370,48,60
635,643,-83.995973,370,348,30,60
642,645,-71.176354,370,64,20,60
653,648,-68.039245,370,31,13,60
662,650,-66.863789,370,22,10,60
669,651,-71.422682,370,23,8,60
675,652,-77.096011,370,42,11,60
679,651,-105.075465,370,370,47,60
678,649,-131.952324,367,370,324,60
678,648,-148.252414,370,370,370,60
676,648,-163.168972,370,345,370,60
678,644,-165.548094,357,356,370,60
682,640,-161.341869,370,340,370,60
686,636,-152.280077,370,370,370,60
689,634,-141.082002,370,370,370,60
693,633,-129.818413,370,370,268,60
698,631,-121.032669,348,370,281,60
702,630,-110.528168,370,370,370,60
708,630,-93.724983,370,370,370,60
712,631,-82.966852,370,248,329,60
716,632,-70.663375,370,370,258,60
721,634,-55.592364,370,370,21,60
724,636,-45.941858,248,315,13,60
729,640,-35.418708,276,8,7,60
741,650,-34.836726,370,242,1,60
746,654,-37.784177,268,248,197,60
751,657,-38.768693,261,248,195,60
757,660,-46.592554,245,259,193,60
760,661,-52.619781,217,302,195,60
767,664,-52.196978,207,323,195,60
772,667,-49.252394,207,304,190,60
777,670,-44.895288,220,259,182,60
784,675,-38.512371,233,232,179,60
788,678,-32.991113,370,204,175,60
793,683,-27.208158,370,185,172,60
799,690,-23.139796,370,175,171,60
803,694,-20.660766,370,166,168,60
809,702,-18.118994,330,154,162,60
813,707,-16.328201,309,147,157,60
818,715,-14.033409,265,137,152,60
821,721,-12.100678,238,130,149,60
824,727,-10.705766,209,120,142,60
829,737,-8.714501,189,112,135,60
832,744,-7.179444,164,101,127,60
835,751,-6.438480,149,94,118,60
837,758,-6.015941,137,87,110,60
842,769,-5.428101,123,79,103,60
844,776,-5.017084,110,71,93,60
847,784,-4.696284,99,64,85,60
849,792,-5.167427,87,56,73,60
852,799,-5.672440,78,49,63,60
856,808,-6.891611,62,39,51,60
859,813,-10.235374,55,32,38,60
861,815,-24.983738,68,32,34,60
863,815,-39.687082,331,46,35,60
864,814,-58.713040,370,82,45,60
866,813,-88.705068,370,242,63,60
866,812,-107.863640,190,370,151,60
866,811,-130.797823,370,163,370,60
866,810,-143.603658,370,176,370,60
869,807,-145.679249,370,175,370,60
876,802,-142.239626,370,168,370,60
880,800,-134.853371,370,155,370,60
883,798,-126.036535,370,141,370,60
889,797,-112.767283,370,370,268,60
894,796,-99.229311,151,370,168,60
897,796,-93.419780,137,368,120,60
901,797,-82.740373,133,366,93,60
906,798,-71.275835,370,254,78,60
910,800,-63.683254,370,138,65,60
919,803,-60.857537,364,115,59,60
926,805,-61.801090,355,115,58,60
934,808,-61.726187,347,109,54,60
944,811,-64.937314,343,112,54,60
951,813,-66.586308,338,118,52,60
958,814,-79.786648,347,169,58,60
959,812,-95.456151,370,306,99,60
959,811,-115.530154,106,339,219,60
958,810,-137.895369,165,370,314,60
962,807,-147.938201,370,92,321,60
967,802,-148.397338,370,85,320,60
973,798,-143.318278,370,80,317,60
976,795,-134.110426,114,370,296,60
983,793,-121.086996,78,337,292,60
987,792,-109.323703,102,299,230,60
993,792,-95.211461,370,278,152,60
996,792,-86.047840,357,269,107,60
1002,793,-73.424002,313,271,87,60
1005,795,-66.423867,285,182,75,60
1010,797,-62.168495,269,134,66,60
1017,799,-60.212328,259,121,62,60
1027,802,-61.991529,255,123,61,60
1034,805,-61.823656,244,115,58,60
1044,808,-64.878061,238,122,56,60
1052,810,-65.608860,228,124,55,60
1062,813,-69.299564,226,137,55,60
1070,814,-70.474406,219,137,54,60
1076,815,-72.903443,213,169,56,60
1084,816,-73.205375,206,169,56,60
1095,818,-75.767080,202,179,58,60
1103,819,-76.748536,192,172,55,60
1110,820,-80.902541,190,160,59,60
1119,821,-84.240638,188,146,65,60
1131,821,-88.857518,182,137,68,60
1140,820,-94.277219,189,124,85,60
1152,819,-99.188812,185,118,90,60
1160,818,-102.177760,195,111,109,60
1171,817,-102.481879,185,100,114,60
1178,816,-103.354372,165,89,102,60
1188,813,-107.235367,161,84,93,60
1195,812,-106.885619,148,73,79,60
1202,810,-109.833722,147,68,71,60
1213,807,-108.251002,135,61,62,60
1220,806,-111.960293,109,51,54,60
1226,804,-114.640036,114,45,44,60
1227,802,-131.085390,370,58,44,60
1226,801,-148.740545,370,82,49,60
1225,801,-155.877793,370,148,61,60
1224,801,-171.792487,370,370,80,60
1222,802,-172.447124,370,370,85,60
1221,799,171.636230,180,370,134,60
1220,793,173.809339,183,370,113,60
1218,787,172.134137,172,370,133,60
1214,778,171.627016,165,370,149,60
1211,772,171.396334,157,370,147,60
1206,761,170.048048,151,370,162,60
1203,754,168.137811,144,370,155,60
1200,746,172.610488,138,370,162,60
1195,735,172.528293,125,354,199,60
1191,725,172.828232,118,370,172,60
1188,718,168.753590,111,344,200,60
1186,711,171.207667,106,334,207,60
1183,701,172.667010,370,370,175,60
1181,695,170.956134,370,334,197,60
1180,689,178.206837,370,370,169,60
1180,683,178.920246,370,370,165,60
1180,674,-141.130052,370,370,168,60
1181,668,-179.193351,370,370,157,60
1181,662,-178.817686,370,370,155,60
1183,652,-177.393506,370,370,151,60
1185,645,-176.629157,370,370,144,60
1187,638,-175.615796,370,370,133,60
1189,632,-175.183023,370,370,133,60
1191,625,-173.568884,370,370,127,60
1194,614,-166.884849,370,370,118,60
1197,607,-174.800504,370,370,124,60
1200,599,-174.672447,370,370,118,60
1203,591,-171.946074,202,370,109,60
1206,579,-165.380487,209,370,97,60
1209,572,-165.853962,196,370,104,60
1212,564,-165.535509,207,300,86,60
1216,553,-173.703699,195,370,92,60
1218,546,-165.737560,200,319,83,60
1222,535,-165.925293,196,325,80,60
1224,529,-171.540751,183,370,87,60
1226,522,-165.726841,196,247,71,60
1229,512,-169.944791,180,370,79,60
1230,506,-166.705750,188,255,68,60
1233,491,-167.194573,172,370,75,60
1235,482,-166.969018,176,286,65,60
1237,470,-168.988996,370,257,61,60
1239,456,-176.321477,152,346,73,60
1240,445,-169.245336,370,207,56,60
1240,430,-171.002380,370,323,61,60
1240,418,139.360810,370,309,75,60
1240,408,175.675560,116,357,303,60
1240,396,168.360977,109,288,110,60
1240,381,169.159233,103,328,282,60
1239,374,171.007951,370,264,93,60
1239,369,177.840082,370,254,85,60
1239,361,166.642824,370,254,106,60
1240,356,-177.775578,317,245,66,60
1241,351,-168.073943,282,226,56,60
1243,341,-169.018831,299,231,63,60
1245,331,-177.288109,300,222,66,60
1247,323,-168.973366,254,210,51,60
1249,308,-177.535707,268,198,61,60
1249,299,-176.609374,252,189,58,60
1250,285,-169.531135,240,174,61,60
1250,277,-176.656877,230,166,59,60
1250,268,168.927188,299,159,100,60
1250,255,179.221442,204,144,63,60
1249,247,169.354092,230,134,87,60
1248,235,178.008908,179,124,68,60
1246,226,166.302669,212,118,97,60
1245,218,176.695217,159,107,73,60
1242,207,177.111764,141,96,78,60
1241,199,177.308569,133,88,80,60
1239,192,176.921150,114,77,85,60
1237,185,176.012743,106,70,89,60
1235,178,164.313916,125,66,75,60
1232,169,175.092900,89,57,75,60
1230,163,174.631632,79,51,66,60
1226,153,173.563447,65,41,54,60
1223,146,172.591928,51,32,39,60
1221,139,171.435131,41,25,30,60
1218,136,150.968809,45,24,27,60
1216,136,140.497470,234,35,28,60
1215,136,124.903470,370,56,34,60
1213,137,103.783788,370,79,39,60
1213,138,81.952783,370,324,59,60
1213,139,66.013624,168,370,173,60
1213,140,46.035832,370,212,370,60
1214,141,35.825978,370,174,370,60
1209,150,18.788768,210,370,370,60
1206,152,23.662809,245,370,370,60
1203,155,34.680967,370,152,370,60
1197,158,44.819034,370,157,357,60
1193,160,58.135381,133,370,370,60
1186,161,73.012972,145,370,219,60
1182,161,81.572119,165,340,149,60
1178,161,91.800812,190,370,117,60
1173,159,107.770712,370,300,80,60
1169,158,115.431204,370,155,66,60
1166,156,125.892522,295,93,55,60
1158,152,125.585777,312,106,55,60
1151,148,130.045106,370,70,45,60
1144,145,119.917052,281,87,47,60
1141,145,106.113961,370,167,58,60
1140,146,84.543283,370,348,69,60
1141,147,72.525288,370,271,117,60
1142,148,51.217636,140,370,370,60
1135,152,49.687845,135,370,370,60
1126,156,47.240209,130,370,370,60
1115,163,43.384573,124,370,370,60
1111,164,57.133417,128,370,370,60
1107,165,68.870631,141,312,227,60
1100,165,84.945729,370,255,165,60
1094,164,102.429756,370,370,114,60
1090,163,115.664145,292,197,76,60
1086,161,126.395511,221,116,63,60
1083,159,135.455541,370,74,52,60
1079,156,140.114383,370,63,48,60
1070,150,139.796562,370,57,44,60
1065,147,137.427449,370,53,41,60
1063,146,124.312229,370,76,45,60
1062,148,98.357295,251,177,59,60
1062,149,78.591133,370,370,96,60
1062,151,47.035139,370,370,370,60
1061,152,30.964297,133,370,210,60
1059,155,26.275852,131,370,251,60
1054,161,21.711635,128,370,265,60
1051,164,27.519304,123,370,258,60
1048,167,28.958525,118,370,240,60
1043,170,37.082482,114,370,203,60
1040,171,44.860970,114,370,169,60
1034,173,58.466022,370,370,370,60
1031,174,66.872522,370,226,278,60
1025,174,81.359459,370,171,183,60
1021,174,85.243598,370,183,138,60
1017,173,102.388294,370,370,97,60
1011,171,116.672991,173,207,82,60
1004,168,128.841830,240,112,68,60
999,165,132.973101,370,94,62,60
992,161,132.782446,370,82,56,60
985,157,132.507974,370,76,52,60
976,153,127.957906,370,74,49,60
973,153,112.674968,200,103,54,60
970,154,84.873296,370,370,90,60
969,155,64.484510,370,117,234,60
970,156,37.590777,370,370,370,60
970,157,24.316957,370,370,128,60
968,160,20.438941,370,370,158,60
964,165,21.331522,370,370,157,60
960,169,28.505210,370,370,133,60
955,173,32.322734,370,370,111,60
948,179,34.003045,370,370,106,60
942,183,33.800529,370,370,99,60
933,191,33.238163,370,370,96,60
927,196,31.938026,370,370,96,60
921,201,31.196519,370,370,94,60
913,208,32.272259,370,370,90,60
908,212,31.127688,370,370,86,60
903,217,30.745116,370,370,85,60
898,222,29.614807,370,370,85,60
890,229,28.298322,370,370,83,60
886,233,26.625404,370,370,86,60
879,241,25.310415,370,370,370,60
875,245,23.427514,369,370,370,60
870,251,23.111872,365,370,370,60
866,256,22.416600,361,370,370,60
860,261,28.424373,370,370,367,60
857,263,34.254861,370,370,347,60
852,266,45.492040,370,370,330,60
849,267,55.162923,370,370,34,60
845,268,63.564424,370,368,25,60
838,269,78.401243,370,19,13,60
828,269,85.259560,0,0,0,60
815,270,82.538115,0,0,0,60
808,271,82.009228,370,277,314,60
803,272,68.350943,370,280,313,60
803,273,53.779373,370,310,283,60
803,274,36.419161,370,370,283,60
801,275,38.007964,370,370,281,60
797,277,47.408184,370,370,274,60
793,278,56.541660,370,342,269,60
790,279,67.293418,370,281,278,60
783,279,84.490274,370,256,305,60
779,279,97.074636,345,247,271,60
773,277,113.967710,274,253,209,60
770,275,121.103151,247,279,71,60
765,272,134.943220,241,247,34,60
763,269,143.779814,240,215,24,60
758,264,149.508814,245,188,17,60
747,254,150.240165,238,171,20,60
740,247,151.654364,235,159,21,60
734,242,147.384588,219,156,135,60
724,234,143.933668,209,153,128,60
719,230,138.847568,200,158,124,60
713,227,128.305922,189,186,123,60
708,225,124.853778,182,214,124,60
701,222,123.582004,175,206,123,60
694,219,123.746288,168,198,120,60
683,214,124.351818,161,187,117,60
675,211,122.492533,154,176,116,60
664,206,120.986123,141,161,110,60
656,203,119.372533,134,158,104,60
649,200,120.034590,127,140,106,60
642,197,118.312414,120,135,102,60
632,192,119.642121,109,122,97,60
624,189,123.489031,102,112,94,60
617,186,120.169108,90,101,89,60
607,182,120.558361,83,93,85,60
600,179,118.371551,76,85,82,60
593,177,116.198439,65,69,83,60
587,175,114.150455,59,61,83,60
576,172,109.546562,52,51,85,60
570,170,107.124438,45,43,83,60
563,169,108.287365,34,32,68,60
553,167,107.335958,27,24,45,60
546,165,103.012617,16,13,24,60
537,165,97.436581,8,7,13,60
535,165,83.583639,3,2,3,60
535,166,62.097824,13,5,4,60
534,168,46.956253,168,10,8,60
534,169,28.885729,370,22,13,60
535,169,17.378974,370,49,21,60
536,169,5.213422,370,198,35,60
538,168,1.012965,370,370,44,60
539,167,-0.286200,370,370,49,60
540,165,-6.190604,370,370,56,60
542,170,-8.507288,370,370,66,60
546,179,-11.446567,370,370,86,60
555,193,-14.061184,370,370,100,60
561,201,-16.026429,370,370,133,60
566,207,-18.195186,370,370,157,60
572,215,-20.344756,370,370,178,60
577,221,-22.520679,370,370,202,60
585,229,-24.473221,370,370,255,60
590,235,-25.598199,370,370,295,60
595,240,-22.618487,370,370,269,60
601,248,-18.354999,370,370,248,60
603,252,-12.639821,370,370,197,60
605,259,-5.268825,370,370,165,60
606,263,-2.434276,370,370,152,60
606,267,-0.554742,370,370,145,60
606,271,-0.018606,370,370,144,60
605,279,0.735082,370,370,141,60
603,289,1.820382,370,370,138,60
602,296,1.386245,370,370,135,60
601,304,1.843483,370,370,131,60
599,315,2.545401,370,370,127,60
597,322,1.635594,370,370,125,60
596,330,2.291607,370,370,123,60
594,337,2.173686,370,370,121,60
592,345,2.603345,370,370,117,60
589,357,3.712075,370,370,114,60
587,365,2.643480,370,370,110,60
584,376,4.252340,370,370,104,60
582,384,3.828774,370,370,100,60
580,391,3.824920,370,370,99,60
578,399,3.877153,370,370,96,60
575,410,3.524199,370,370,96,60
574,418,3.144087,370,370,93,60
571,428,2.630509,370,370,90,60
570,435,1.890982,370,370,89,60
569,442,1.613592,370,370,87,60
568,448,1.027684,265,370,87,60
567,458,0.554254,257,370,89,60
567,464,0.398072,250,370,89,60
567,471,0.177818,240,370,89,60
566,481,0.020709,227,366,87,60
566,488,0.000969,213,356,87,60
566,498,0.007467,203,349,87,60
567,505,-0.011940,189,339,89,60
568,515,-0.567496,180,333,89,60
568,521,-0.321465,168,323,92,60
570,528,-0.825813,159,316,94,60
571,537,-0.621391,149,310,96,60
573,544,-1.432668,141,303,99,60
574,551,-1.134265,127,293,102,60
576,558,-1.066722,117,286,104,60
578,567,-1.695318,104,277,109,60
580,574,-2.070471,94,270,113,60
583,584,-3.241663,89,265,120,60
585,590,-3.975566,79,258,124,60
589,601,-4.536771,63,248,130,60
591,608,-4.480708,54,241,137,60
594,616,-4.493683,52,229,141,60
598,625,-4.583011,56,220,148,60
603,640,-5.029658,62,210,155,60
606,651,-4.736326,76,194,161,60
610,660,-2.879550,92,184,161,60
614,676,-3.068674,102,173,166,60
616,685,-1.639749,244,164,168,60
618,692,-1.486094,220,152,166,60
620,703,-1.787714,209,144,168,60
621,710,-1.055843,197,137,168,60
622,718,-0.520974,179,126,168,60
622,728,-0.018206,168,119,166,60
621,736,0.044826,158,112,158,60
621,743,0.186888,148,105,148,60
620,753,0.487160,131,94,134,60
619,760,1.508298,120,87,125,60
617,767,2.197536,111,81,117,60
615,774,2.343970,100,73,106,60
613,786,3.026656,83,62,93,60
611,793,2.842254,69,51,76,60
609,801,1.922649,59,43,63,60
607,808,2.292053,49,36,54,60
605,818,1.152297,41,30,44,60
605,823,0.850785,30,21,30,60
606,824,-0.511791,28,20,28,60
607,824,-5.423638,31,20,27,60
608,824,-13.633233,39,21,24,60
609,823,-30.368370,69,26,25,60
610,822,-47.630291,370,37,28,60
610,821,-61.880448,370,62,35,60
611,820,-89.696850,370,249,58,60
611,820,-108.367797,76,370,135,60
611,818,-134.130703,102,65,370,60
611,817,-146.424394,370,71,370,60
614,813,-148.544268,370,70,370,60
619,809,-151.535470,370,66,58,60
624,805,-139.270618,370,55,370,60
629,804,-124.134619,63,41,370,60
634,802,-114.520514,49,358,278,60
638,801,-116.350533,42,358,221,60
641,799,-122.946082,41,30,351,60
647,795,-137.067989,51,27,370,60
656,789,-141.348795,41,19,20,60
662,785,-134.704317,17,8,8,60
666,784,-113.161682,0,0,0,60
668,785,-95.292540,370,338,180,60
670,786,-77.316878,370,370,97,60
671,787,-56.792946,370,134,73,60
672,790,-33.908433,370,80,62,60
675,793,-30.036903,214,64,56,60
685,801,-27.423424,162,55,51,60
689,804,-29.695543,127,48,45,60
690,805,-41.112740,238,54,45,60
691,804,-67.292807,370,101,55,60
691,803,-86.236013,370,370,89,60
690,801,-104.175217,370,325,151,60
688,801,-129.582487,78,308,370,60
688,800,-142.507742,24,370,370,60
691,798,-147.013502,21,370,326,60
700,789,-148.806808,23,370,316,60
709,781,-145.307449,31,370,302,60
716,777,-139.815756,45,370,370,60
731,768,-129.508604,72,370,370,60
738,765,-122.631311,370,370,370,60
754,760,-115.603989,370,236,370,60
761,759,-102.839923,370,233,286,60
766,759,-91.391423,370,370,182,60
770,760,-78.589635,226,370,131,60
774,761,-69.097074,227,287,111,60
779,763,-55.842650,237,192,100,60
784,766,-47.997587,370,146,92,60
793,770,-47.383581,370,125,85,60
799,774,-45.486363,370,117,82,60
805,777,-46.199653,370,110,76,60
815,782,-48.004779,370,106,72,60
822,785,-50.081747,370,107,71,60
831,789,-54.848705,370,113,69,60
836,791,-59.641060,370,121,69,60
838,790,-77.258117,183,327,90,60
840,789,-106.028816,188,370,138,60
840,787,-124.330933,370,173,370,60
841,786,-143.605826,370,370,370,60
847,780,-151.741788,370,370,176,60
852,776,-151.867442,370,370,165,60
855,773,-143.129766,370,370,370,60
858,771,-137.007592,370,155,370,60
862,769,-131.855243,370,147,370,60
870,766,-126.455845,370,140,370,60
874,765,-117.774743,370,132,370,60
880,764,-101.371601,149,133,262,60
884,764,-93.804729,135,370,189,60
888,765,-84.311750,125,370,138,60
892,765,-75.266779,125,370,117,60
897,768,-60.726235,370,222,100,60
901,770,-56.010239,370,166,92,60
907,772,-53.451312,369,147,86,60
917,776,-52.362405,358,132,82,60
924,779,-53.060819,348,128,78,60
934,783,-55.942498,343,130,76,60
940,786,-58.925705,337,139,75,60
947,788,-62.311560,334,153,75,60
956,790,-68.093133,334,175,78,60
962,791,-72.797913,340,224,82,60
968,792,-76.894163,348,305,87,60
974,793,-78.708507,348,296,90,60
983,794,-82.294373,354,287,94,60
990,794,-83.902584,351,276,99,60
1000,795,-86.192770,351,269,100,60
1006,795,-86.044485,345,262,102,60
1013,795,-87.387209,340,251,106,60
1024,795,-92.571973,347,244,113,60
1031,794,-94.849434,360,234,127,60
1038,793,-97.742801,370,228,140,60
1049,792,-98.721250,355,221,138,60
1057,791,-98.616494,348,210,147,60
1065,790,-98.035561,330,201,147,60
1077,789,-98.643095,307,193,141,60
1085,789,-98.079534,306,185,149,60
1092,788,-98.581931,289,174,152,60
1100,787,-95.589024,258,165,141,60
1111,787,-90.904184,227,157,127,60
1119,787,-87.039838,209,149,121,60
1127,788,-83.094014,175,138,106,60
1134,788,-85.403415,169,131,109,60
1146,789,-85.002990,158,123,109,60
1154,789,-84.321315,147,115,106,60
1162,789,-85.563907,138,107,107,60
1174,790,-83.681381,121,95,106,60
1186,790,-86.477068,109,82,109,60
1194,790,-83.138222,99,74,110,60
1201,791,-89.244315,87,63,90,60
1208,791,-90.250632,79,56,79,60
1219,791,-92.019233,69,48,66,60
1226,791,-91.728010,55,38,52,60
1237,790,-91.255608,44,31,44,60
1242,790,-97.290728,35,22,28,60
1243,789,-119.931271,59,25,25,60
1242,788,-136.196409,370,44,31,60
1241,787,-156.054606,370,80,41,60
1239,787,-160.814219,370,128,48,60
1238,788,-169.363156,370,234,58,60
1237,788,140.323664,370,370,78,60
1236,787,169.043681,188,370,103,60
1234,780,175.248557,183,370,97,60
1230,769,168.144189,175,370,117,60
1227,763,169.913071,166,370,147,60
1222,754,164.801338,158,370,142,60
1218,748,166.050905,148,370,159,60
1212,738,162.822903,142,370,171,60
1208,732,163.523008,134,363,178,60
1205,725,162.601498,124,333,207,60
1201,718,169.049832,120,361,176,60
1197,708,172.095362,370,367,171,60
1195,702,172.948238,106,305,230,60
1193,696,174.866826,370,370,161,60
1191,687,176.410198,370,370,158,60
1189,674,170.790401,370,329,183,60
1186,655,174.757124,370,316,186,60
1184,644,173.263610,370,370,159,60
1183,635,176.305283,370,370,172,60
1182,627,176.920041,370,370,169,60
1182,615,172.123375,370,370,162,60
1181,607,179.189881,370,370,164,60
1181,599,176.586652,370,370,172,60
1180,587,174.308538,370,370,169,60
1180,579,174.703453,370,370,169,60
1180,570,176.466606,370,370,164,60
1180,558,175.699798,370,370,178,60
1180,549,176.004889,370,145,370,60
1180,537,178.929396,370,370,180,60
1180,529,170.944916,370,370,200,60
1180,518,-141.325273,130,370,165,60
1181,513,-173.468953,130,370,157,60
1182,507,-170.732240,135,370,133,60
1185,497,-175.060362,141,370,121,60
1187,490,-168.583844,138,370,120,60
1191,478,-165.898374,138,370,113,60
1193,471,-169.608968,125,363,125,60
1196,461,-166.048271,131,359,109,60
1198,454,-174.063682,117,341,118,60
1200,447,-170.773134,120,337,110,60
1203,436,-173.660138,370,334,100,60
1205,426,-176.390894,370,321,100,60
1206,419,-175.936425,370,312,102,60
1207,412,-171.650075,369,301,103,60
1208,402,-178.366694,370,290,116,60
1208,396,171.166425,83,77,289,60
1208,386,-143.278522,80,278,147,60
1208,380,179.460262,370,268,131,60
1208,373,179.245626,369,258,124,60
1208,367,167.518638,370,258,166,60
1208,357,-178.879839,320,247,109,60
1209,350,-179.742332,329,239,117,60
1209,344,167.375583,370,239,188,60
1208,332,-174.787242,228,115,68,60
1208,321,-177.356911,293,210,120,60
1208,314,177.185963,309,204,134,60
1208,306,178.122778,286,195,128,60
1207,295,179.262419,269,183,130,60
1206,288,167.774735,306,179,159,60
1205,281,178.361937,241,166,131,60
1204,274,178.261906,235,159,135,60
1202,263,176.761308,259,154,165,60
1201,255,166.800783,210,144,138,60
1200,247,167.207854,202,136,141,60
1198,236,177.973114,185,125,144,60
1196,230,177.103026,171,115,148,60
1193,220,175.079782,162,105,137,60
1190,210,174.789723,155,99,127,60
1187,203,174.170617,147,93,118,60
1183,192,173.854604,130,82,104,60
1180,184,163.439891,116,74,94,60
1177,177,172.186592,103,63,78,60
1172,167,171.009207,92,56,69,60
1169,161,169.507710,86,50,61,60
1166,155,166.819321,76,42,48,60
1162,149,162.921464,72,37,41,60
1160,147,154.554736,102,38,37,60
1158,148,124.259251,370,61,42,60
1157,148,112.787283,296,83,48,60
1156,150,87.491460,370,370,75,60
1156,151,72.890219,165,330,158,60
1156,152,45.395369,140,370,370,60
1156,153,34.419897,370,156,319,60
1154,155,30.616323,370,146,344,60
1146,163,24.940409,370,133,370,60
1143,166,29.955559,370,126,370,60
1140,169,28.409735,370,126,370,60
1135,175,21.906471,370,115,370,60
1133,179,15.724775,370,107,370,60
1132,182,10.573931,298,96,370,60
1130,188,4.925013,268,91,370,60
1129,192,2.546656,250,86,130,60
1129,195,0.813184,237,81,116,60
1130,199,0.060685,231,77,109,60
1130,204,-0.630199,230,74,104,60
1131,209,-1.396087,226,70,97,60
1133,214,-2.252158,217,62,85,60
1135,223,-3.450558,213,56,75,60
1137,229,-4.675399,203,48,62,60
1139,235,-6.111667,195,370,52,60
1143,243,-8.553579,186,370,45,60
1146,248,-11.580261,171,370,34,60
1148,249,-21.384156,154,370,32,60
1155,257,-23.150363,137,323,358,60
1161,264,-25.424118,128,282,347,60
1173,275,-26.479834,118,261,338,60
1181,282,-28.683988,107,219,326,60
1185,286,-24.060795,103,233,324,60
1189,292,-13.988776,110,326,337,60
1190,296,-8.490133,118,370,355,60
1192,301,-4.699853,130,370,370,60
1192,306,-1.337303,137,370,370,60
1192,310,-0.237232,142,370,370,60
1192,314,0.057062,144,370,370,60
1191,319,1.439990,147,370,370,60
1189,323,3.544758,155,370,370,60
1187,326,6.730393,169,370,370,60
1184,331,13.528914,202,370,370,60
1181,334,19.329850,279,270,99,60
1178,337,25.515065,370,280,79,60
1173,341,34.685646,370,290,66,60
1169,342,40.069980,370,370,49,60
1166,344,51.618397,370,370,32,60
1154,349,54.540161,254,51,23,60
1142,355,49.938769,370,54,20,60
1129,362,52.899900,243,30,11,60
1121,366,45.053626,230,19,7,60
1118,370,24.627531,370,370,18,60
1118,372,12.491406,370,230,370,60
1119,373,3.405649,268,370,370,60
1120,375,-0.006706,247,370,370,60
1121,380,-0.543969,241,370,370,60
1121,385,-0.059490,243,370,370,60
1120,387,0.124284,244,370,370,60
1120,390,0.992175,250,370,370,60
1118,395,3.339865,261,370,370,60
1116,397,6.314757,278,193,370,60
1114,402,11.788643,317,191,370,60
1111,405,16.687325,369,192,370,60
1108,407,22.706270,370,198,370,60
1104,410,31.925154,370,208,370,60
1101,412,39.413465,370,370,370,60
1097,414,47.554886,182,370,370,60
1092,416,56.948625,190,370,370,60
1088,416,66.813182,204,370,370,60
1081,417,85.856386,370,370,296,60
1078,416,94.033539,370,370,298,60
1074,415,108.608221,370,370,358,60
1069,413,117.826928,370,370,350,60
1067,411,126.704168,370,271,61,60
1063,408,132.385377,370,269,58,60
1060,406,145.971877,370,370,34,60
1051,398,147.036982,370,370,37,60
1045,393,146.917564,370,337,34,60
1036,385,145.888315,370,333,39,60
1023,376,140.919404,370,339,272,60
1013,370,137.446537,370,212,262,60
1002,364,129.687940,370,198,261,60
997,362,123.877190,370,189,262,60
989,359,122.642355,370,176,264,60
982,354,131.732840,370,172,252,60
977,351,140.544225,370,175,245,60
973,348,138.955383,370,301,243,60
966,342,148.301055,164,279,238,60
962,339,150.121577,152,263,235,60
956,332,153.319859,147,253,233,60
952,327,157.457106,138,240,231,60
948,322,161.429657,130,221,231,60
943,314,157.526387,124,222,220,60
940,308,160.113045,116,207,214,60
936,299,163.160921,113,190,231,60
933,292,164.741644,104,187,209,60
931,286,164.925691,100,181,202,60
929,279,166.686662,93,169,193,60
927,272,168.619354,87,161,189,60
925,262,168.477247,269,153,180,60
924,255,168.489087,254,147,175,60
922,248,168.649605,69,148,148,60
921,242,171.197413,216,129,157,60
919,235,173.714711,223,125,147,60
916,228,170.270434,231,122,137,60
913,217,168.055624,197,109,127,60
910,210,163.212912,178,102,120,60
906,198,174.111726,137,88,113,60
901,187,173.385200,123,77,97,60
899,180,173.305575,111,69,86,60
896,173,172.461525,96,59,73,60
891,163,171.272888,87,52,63,60
888,157,169.003360,78,46,55,60
885,151,168.305637,75,41,47,60
883,149,161.376431,79,37,39,60
881,149,142.558443,165,45,39,60
881,150,124.469002,354,63,44,60
881,151,101.290981,102,187,63,60
881,152,71.696217,42,350,116,60
881,153,53.186973,24,49,259,60
881,154,33.042273,370,48,78,60
875,161,30.829862,370,370,10,60
865,168,40.853287,370,3,1,60
861,169,54.183242,0,0,0,60
856,171,65.678643,6,12,312,60
850,172,75.729589,11,34,195,60
847,172,70.971522,8,23,213,60
845,174,52.968948,0,0,0,60
842,176,46.271358,0,0,0,60
838,179,35.091515,0,0,0,60
836,182,23.765463,0,0,0,60
835,185,12.766568,0,0,0,60
835,187,5.037764,0,0,0,60
836,188,0.325992,370,370,10,60
838,187,-2.700867,370,370,14,60
839,186,-8.948637,370,370,44,60
839,185,-20.701349,220,370,370,60
842,188,-25.453402,266,370,370,60
851,196,-33.267823,370,370,370,60
856,199,-37.569072,370,370,370,60
860,203,-29.519762,370,370,370,60
862,206,-21.902527,233,370,370,60
865,210,-16.047616,164,370,370,60
867,215,-8.878618,219,370,370,60
868,219,-5.427567,370,370,370,60
869,223,-2.937174,370,370,370,60
869,228,-0.440043,370,370,370,60
869,232,0.019192,370,370,370,60
867,237,1.254183,370,370,370,60
866,241,3.262518,370,370,370,60
864,244,6.714949,370,370,370,60
862,248,10.679741,370,370,370,60
858,253,18.965799,370,370,370,60
855,255,24.682703,367,370,370,60
852,258,33.333835,370,370,347,60
848,260,43.496473,370,370,35,60
841,263,58.079890,370,370,24,60
837,264,66.710694,370,18,10,60
822,267,72.792927,370,1,1,60
814,269,67.475010,0,0,0,60
808,270,64.551413,370,306,293,60
802,273,53.429895,370,320,282,60
800,275,40.131281,370,370,275,60
800,276,26.376075,370,370,296,60
797,280,23.270881,370,370,303,60
794,282,27.604603,370,370,289,60
791,284,35.610805,370,370,274,60
788,285,43.230939,370,370,264,60
783,287,58.127768,368,319,259,60
779,287,66.564163,370,285,261,60
775,288,78.257345,370,247,286,60
769,287,94.039751,338,237,289,60
765,286,102.592054,286,237,241,60
759,284,119.478438,247,250,202,60
755,282,128.733047,231,276,183,60
751,279,139.415016,227,228,52,60
747,274,150.993598,234,195,37,60
745,271,159.337690,251,172,27,60
741,265,155.302022,240,167,28,60
734,255,160.576251,247,153,24,60
729,248,158.937182,243,145,25,60
724,243,155.867114,228,142,28,60
716,233,154.506015,204,147,128,60
712,229,151.723656,202,136,124,60
706,223,149.328417,192,131,116,60
698,217,141.735572,183,132,111,60
693,213,138.596494,173,137,107,60
687,210,136.398782,162,142,103,60
679,204,132.301054,152,146,99,60
673,201,129.427272,147,152,97,60
667,199,129.581499,140,149,96,60
658,194,125.298200,135,156,97,60
652,191,123.331653,128,152,93,60
646,189,122.571501,123,141,92,60
640,186,118.761707,114,125,90,60
631,183,113.898977,110,113,93,60
625,182,111.345995,104,104,94,60
618,181,103.194151,100,94,97,60
609,180,97.299398,96,80,109,60
603,179,92.870946,97,72,107,60
597,180,83.038586,102,64,80,60
588,180,80.919601,93,58,72,60
575,182,73.312250,89,47,52,60
569,182,74.738101,75,40,45,60
563,184,72.158119,66,33,37,60
561,184,58.571891,123,36,32,60
562,186,39.555447,370,49,35,60
562,186,29.374812,370,78,44,60
563,187,18.751103,370,148,55,60
565,187,5.970911,370,309,66,60
566,187,0.807538,370,370,80,60
567,186,-0.023368,370,370,89,60
569,194,-1.326925,370,370,93,60
571,202,-1.756169,370,370,96,60
573,209,-4.630050,370,370,110,60
575,215,-6.344944,370,370,118,60
579,223,-9.081293,370,370,125,60
582,229,-12.069524,370,370,154,60
587,237,-11.953847,370,370,159,60
591,243,-12.792951,370,370,157,60
595,249,-14.081347,370,370,185,60
601,259,-13.837624,370,370,193,60
605,265,-13.965889,370,370,209,60
611,276,-14.209900,370,370,223,60
616,283,-13.436120,370,370,224,60
620,289,-12.501553,370,359,227,60
625,299,-10.662479,370,349,221,60
629,306,-7.774031,370,342,227,60
632,312,-9.602312,370,332,228,60
636,321,-8.580135,370,325,227,60
638,327,-7.659246,370,318,226,60
640,333,-5.946778,370,311,219,60
642,339,-4.156317,370,301,214,60
644,349,-1.863211,370,290,206,60
646,359,-0.628171,370,284,203,60
646,369,-0.141467,370,274,202,60
647,376,-0.034443,370,267,200,60
647,383,0.145205,370,256,202,60
646,394,0.247104,370,249,200,60
646,401,0.452273,370,242,200,60
645,408,0.255181,370,231,197,60
644,419,0.661674,370,223,197,60
643,427,0.429751,370,216,196,60
643,434,0.507165,370,205,195,60
641,445,0.625856,370,198,192,60
640,452,1.460862,370,191,188,60
638,459,2.165600,370,183,182,60
636,470,3.024326,370,370,178,60
633,477,3.870761,370,368,168,60
630,488,5.646785,196,358,159,60
626,499,6.768023,185,351,154,60
623,506,7.025851,173,345,147,60
618,517,8.599947,155,334,137,60
614,524,8.577224,149,326,137,60
611,532,8.103139,134,315,128,60
607,542,5.809093,127,308,127,60
604,549,5.608487,116,297,125,60
601,556,6.014773,107,290,120,60
597,566,6.317277,97,283,116,60
594,573,5.972028,89,276,113,60
592,580,6.416323,76,266,109,60
588,589,5.098189,69,260,106,60
586,595,3.995608,93,250,106,60
583,605,3.805884,123,243,103,60
579,620,3.984420,303,230,99,60
577,628,3.917155,293,220,96,60
575,638,2.275731,282,209,94,60
574,645,1.315946,276,202,94,60
573,652,0.317785,274,196,96,60
573,658,0.037208,262,186,97,60
573,667,-0.182116,254,180,97,60
574,673,-0.716311,247,173,100,60
575,679,-1.412255,238,165,103,60
577,688,-2.441240,234,159,109,60
578,694,-2.986925,231,154,113,60
580,700,-4.559126,221,145,120,60
582,706,-4.907108,214,139,124,60
585,715,-5.483474,202,130,131,60
588,721,-5.755060,195,124,137,60
591,730,-6.811376,188,118,142,60
594,736,-8.221904,182,112,140,60
597,743,-8.693241,171,103,125,60
602,752,-7.928395,158,96,118,60
606,759,-9.659749,148,89,110,60
609,766,-8.610244,131,79,97,60
613,772,-10.157722,125,74,89,60
618,782,-12.732067,117,67,79,60
622,787,-13.107085,114,62,71,60
627,795,-18.505253,111,53,56,60
633,802,-20.145823,100,48,51,60
636,805,-25.481826,121,46,45,60
638,805,-36.592868,279,55,45,60
639,805,-52.816585,370,81,51,60
640,804,-81.169725,364,180,66,60
641,802,-103.719093,35,370,145,60
641,801,-122.061042,42,30,368,60
642,799,-139.229137,58,31,370,60
649,794,-141.069885,47,22,24,60
656,791,-125.580333,25,14,370,60
658,791,-113.370181,13,333,266,60
659,791,-99.786657,370,370,155,60
660,793,-73.013378,370,370,96,60
662,794,-58.533594,370,125,66,60
669,797,-49.624726,370,94,59,60
674,800,-46.477260,370,86,56,60
681,803,-44.576849,370,70,49,60
686,806,-49.344302,370,73,48,60
688,805,-73.895742,330,137,61,60
688,804,-94.866345,370,370,87,60
688,803,-115.779917,370,312,240,60
689,801,-135.775049,44,370,370,60
694,797,-142.426546,32,370,370,60
699,793,-146.633704,27,370,317,60
712,783,-144.253862,31,370,305,60
719,779,-137.242355,47,370,370,60
729,772,-134.255911,65,370,370,60
738,768,-126.807229,370,370,370,60
749,763,-123.760076,370,370,370,60
762,759,-110.405438,370,228,370,60
767,759,-99.057001,370,235,226,60
771,759,-84.656867,370,370,147,60
776,760,-78.083803,220,370,130,60
781,762,-62.824740,230,219,104,60
788,765,-54.648415,370,160,94,60
793,767,-54.435427,370,154,92,60
799,770,-56.805955,370,159,89,60
807,773,-60.013824,370,164,89,60
813,774,-63.362748,370,188,92,60
818,775,-66.545454,370,188,90,60
824,777,-70.000172,192,251,96,60
833,778,-73.849813,186,296,99,60
839,779,-75.097981,178,337,100,60
848,780,-80.714506,172,370,106,60
853,780,-84.746559,166,370,113,60
859,780,-86.812921,161,370,123,60
867,780,-91.188081,154,370,135,60
873,779,-97.530838,152,370,162,60
882,777,-105.441748,151,370,195,60
888,776,-109.690370,149,370,228,60
894,774,-113.361841,151,124,283,60
901,772,-116.145558,148,117,336,60
908,770,-115.397408,135,106,347,60
918,768,-110.960984,121,100,302,60
925,766,-104.926621,107,360,248,60
931,766,-97.798535,92,337,186,60
937,766,-90.580118,85,327,155,60
945,767,-77.432877,370,326,127,60
951,768,-70.501827,348,291,107,60
958,769,-69.249533,337,265,103,60
968,772,-68.988898,330,261,102,60
975,773,-71.948735,326,281,103,60
981,774,-76.188515,330,293,107,60
990,775,-83.509885,341,281,116,60
996,775,-89.240942,358,272,128,60
1002,775,-91.125569,370,262,142,60
1011,774,-98.334843,370,259,165,60
1016,773,-101.503718,370,254,193,60
1026,771,-105.209589,370,251,221,60
1033,770,-106.927442,370,247,235,60
1040,769,-105.802384,370,234,233,60
1047,767,-107.392206,370,229,245,60
1058,766,-104.176646,370,216,223,60
1066,765,-101.412074,370,208,220,60
1073,764,-96.594951,307,192,182,60
1081,763,-94.521298,282,184,175,60
1092,763,-91.198482,257,176,164,60
1100,763,-91.700869,244,168,162,60
1108,762,-92.752365,231,156,168,60
1120,761,-97.600126,234,149,182,60
1127,761,-98.717475,224,142,180,60
1134,760,-99.708315,226,132,159,60
1146,758,-104.158919,234,126,144,60
1157,757,-102.216682,212,115,131,60
1164,756,-102.122229,188,106,124,60
1172,754,-102.485300,171,95,110,60
1182,753,-103.386642,152,87,103,60
1188,752,-106.028646,158,83,93,60
1194,750,-107.330976,144,76,86,60
1200,749,-110.273743,154,70,72,60
1206,747,-111.667571,149,64,65,60
1215,744,-112.970860,134,57,58,60
1219,743,-120.605075,142,54,52,60
1220,742,-135.155133,370,73,52,60
1218,741,-151.123015,370,104,59,60
1217,741,-160.359821,364,152,68,60
1216,742,-170.928994,370,286,82,60
1214,743,-176.813876,370,370,104,60
1213,742,177.469985,144,370,152,60
1212,736,176.179676,142,370,140,60
1209,730,172.144532,134,370,145,60
1207,726,166.106000,127,354,180,60
1202,720,159.583508,123,324,217,60
1199,715,160.583411,114,306,244,60
1195,710,162.520613,107,306,237,60
1188,701,160.829615,100,370,338,60
1184,694,157.414282,93,316,296,60
1179,688,161.611010,82,270,279,60
1173,679,163.110475,75,307,317,60
1170,673,163.815223,370,253,298,60
1165,665,169.676738,370,270,248,60
1163,659,165.181255,370,260,257,60
1161,653,173.355004,370,287,220,60
1159,647,174.916811,370,289,214,60
1156,638,176.678705,370,293,210,60
1155,631,170.968579,370,266,227,60
1153,620,175.302786,370,247,237,60
1151,612,172.953972,370,239,235,60
1150,601,172.686814,370,229,240,60
1149,593,171.929236,370,370,209,60
1148,585,170.704731,370,202,252,60
1147,574,172.580375,370,190,265,60
1147,567,179.248838,370,228,213,60
1147,559,170.400562,370,178,258,60
1146,548,179.534062,370,211,214,60
1147,541,-137.395282,370,189,226,60
1147,533,-171.282818,120,370,175,60
1148,522,-179.604732,370,370,203,60
1149,510,-176.091155,111,370,171,60
1150,502,-169.326012,109,370,169,60
1151,495,-168.984073,103,370,166,60
1152,487,-178.301865,92,370,192,60
1154,475,-171.086088,94,368,171,60
1155,467,-176.788424,83,353,180,60
1157,456,-168.775805,87,352,159,60
1158,448,-171.858409,80,339,169,60
1159,441,-174.563561,75,328,171,60
1160,430,-167.063430,75,323,157,60
1161,422,-176.428070,76,320,149,60
1162,414,-170.469106,65,303,158,60
1162,402,-174.710524,56,291,178,60
1163,390,-167.927454,49,280,180,60
1164,378,-171.451690,45,268,178,60
1166,371,-177.023609,41,256,169,60
1169,362,-175.257693,323,248,161,60
1174,351,-170.514029,299,242,147,60
1179,342,-158.386886,262,243,123,60
1184,334,-157.086858,238,240,106,60
1188,327,-161.169080,237,226,107,60
1194,317,-157.317329,228,219,102,60
1197,311,-163.696264,214,205,92,60
1201,304,-162.604535,214,199,94,60
1205,295,-171.359769,210,192,94,60
1207,289,-173.462826,214,181,99,60
1209,284,-173.863474,203,176,94,60
1211,275,-174.576110,190,169,89,60
1212,269,-175.939540,202,158,102,60
1213,261,-179.085420,204,149,110,60
1214,255,-177.079069,176,145,92,60
1214,249,-177.805212,182,134,107,60
1214,239,165.081955,299,137,144,60
1214,233,-142.948119,200,122,138,60
1213,227,168.696057,221,117,131,60
1213,218,177.313727,190,109,128,60
1212,209,165.503947,155,97,123,60
1210,201,176.656683,134,90,121,60
1209,195,165.574786,154,83,94,60
1206,185,173.926425,110,73,97,60
1204,179,174.129980,106,68,86,60
1200,169,171.421232,93,58,72,60
1197,164,170.311069,85,50,61,60
1193,156,167.427417,123,50,49,60
1191,151,166.599311,69,38,44,60
1189,149,160.103781,83,38,39,60
1186,149,134.803610,138,42,38,60
1186,149,126.978462,370,76,47,60
1186,151,100.095696,370,154,59,60
1186,152,82.702738,370,370,93,60
1186,153,55.181013,140,370,370,60
1186,154,41.635116,370,176,316,60
1183,158,30.903172,370,161,338,60
1179,162,27.035517,370,141,370,60
1176,165,26.070187,370,127,370,60
1174,168,22.904312,354,120,370,60
1170,173,16.749555,305,113,370,60
1169,177,12.146036,258,105,370,60
1168,180,7.464734,213,370,158,60
1167,184,3.711514,196,370,140,60
1167,189,0.607028,185,370,128,60
1167,193,0.013832,179,370,120,60
1167,198,-0.114759,179,370,113,60
1168,207,-0.448713,176,370,96,60
1169,213,-0.579096,173,370,87,60
1170,222,-1.062354,173,370,79,60
1171,229,-1.437772,169,370,69,60
1172,235,-2.209945,165,370,56,60
1174,240,-2.872902,159,370,49,60
1176,248,-3.393240,155,370,80,60
1181,263,-4.860141,148,370,142,60
1186,275,-5.383148,137,370,370,60
1191,287,-7.827301,128,370,370,60
1194,293,-9.936844,120,370,368,60
1197,298,-12.148212,109,370,345,60
1200,303,-10.995665,106,370,344,60
1203,309,-7.453102,109,370,348,60
1203,312,-4.520679,113,370,357,60
1204,315,-2.246754,118,370,370,60
1204,320,-0.228703,125,370,370,60
1203,324,0.059563,127,370,370,60
1202,328,1.508911,131,370,370,60
1201,331,3.689207,140,370,370,60
1199,334,6.947157,159,370,370,60
1196,338,13.913000,183,370,370,60
1194,341,20.378736,261,265,370,60
1191,344,25.761064,345,274,100,60
1186,347,33.090807,370,295,80,60
1183,349,43.204254,370,309,69,60
1179,350,53.248333,370,370,47,60
1175,351,57.626000,257,370,39,60
1162,356,56.817418,254,370,35,60
1153,360,57.346660,251,57,27,60
1142,365,53.410362,237,370,20,60
1132,370,48.704815,228,370,17,60
1122,376,43.731976,370,370,17,60
1117,379,38.893317,370,370,16,60
1104,389,36.131692,370,370,370,60
1099,394,30.962475,370,370,370,60
1091,402,27.261134,370,213,370,60
1084,409,24.455359,370,200,370,60
1077,416,29.070781,370,197,370,60
1073,418,36.913031,370,370,370,60
1069,421,42.002369,175,370,370,60
1064,423,57.613339,178,370,370,60
1060,423,67.282860,370,370,370,60
1057,424,72.122491,370,370,370,60
1052,423,90.066457,370,370,274,60
1048,423,94.663212,370,370,276,60
1043,421,107.203018,370,370,370,60
1040,420,116.676960,370,370,358,60
1036,418,118.918841,370,250,324,60
1029,414,126.517286,370,242,317,60
1024,411,139.377974,370,238,309,60
1020,406,151.133369,370,349,71,60
1017,402,150.513011,370,337,68,60
1015,399,165.609995,227,296,49,60
1010,391,159.967411,219,296,54,60
1003,379,160.859245,210,280,49,60
997,369,165.648773,202,284,281,60
992,362,163.025740,188,259,281,60
983,350,158.574819,179,257,265,60
975,342,154.461684,166,256,245,60
970,336,148.291394,159,249,241,60
966,331,151.779940,151,250,228,60
962,325,153.543088,144,236,226,60
958,319,165.677754,137,212,237,60
952,310,163.151009,131,204,234,60
949,303,160.968919,125,196,228,60
943,293,169.966427,117,186,220,60
939,286,170.708824,109,177,214,60
936,278,161.951468,96,173,185,60
932,270,168.212103,92,163,182,60
929,266,164.912670,87,158,180,60
924,261,155.858833,79,159,164,60
920,256,154.497579,73,161,155,60
915,251,152.144367,63,158,145,60
906,243,150.463358,55,156,140,60
901,237,153.027872,47,146,134,60
897,232,159.382044,41,140,128,60
892,224,156.775962,326,125,121,60
890,219,161.984108,234,111,118,60
887,209,174.108646,182,100,116,60
884,202,173.026143,141,91,117,60
881,192,165.585865,138,82,100,60
878,186,168.309351,130,73,86,60
876,180,160.733983,148,70,75,60
871,171,164.719182,106,61,72,60
868,165,168.370115,96,55,65,60
864,158,163.828113,90,48,54,60
861,153,162.241524,83,43,47,60
857,151,147.732754,127,45,42,60
856,151,132.775098,334,56,44,60
854,152,103.822768,344,131,58,60
853,153,83.482274,52,319,94,60
853,154,63.793350,24,51,243,60
853,155,40.340410,13,19,327,60
846,160,40.932343,8,11,79,60
840,163,47.062555,6,8,313,60
837,164,64.364929,10,18,316,60
835,163,79.104110,17,46,200,60
835,162,109.007674,55,306,89,60
835,161,127.693163,317,129,65,60
835,159,144.069447,316,62,51,60
835,157,163.752974,114,49,49,60
832,152,165.608671,78,42,48,60
829,147,165.543539,65,34,38,60
827,145,153.602587,86,35,35,60
826,146,139.813049,176,42,35,60
825,147,124.379362,299,62,41,60
825,149,96.299259,331,186,62,60
826,150,74.866933,51,293,99,60
827,150,55.579663,23,40,303,60
829,151,36.871176,16,19,306,60
821,157,34.259458,10,11,54,60
818,159,43.702268,8,11,293,60
814,160,65.410516,13,21,290,60
812,159,79.548980,23,62,189,60
810,158,100.046808,61,280,85,60
809,156,126.128539,290,120,59,60
808,154,142.524624,282,69,49,60
806,151,152.999873,107,43,42,60
802,146,158.374517,99,40,39,60
798,141,157.938894,72,30,31,60
795,140,144.691959,109,33,30,60
795,141,125.577070,268,53,35,60
795,142,109.239529,289,135,52,60
796,143,86.286573,370,262,87,60
796,144,57.227165,37,287,186,60
797,145,42.969610,25,36,269,60
794,147,33.905707,18,21,278,60
784,156,29.905284,10,11,35,60
778,161,37.516397,6,5,20,60
774,162,58.677820,8,13,248,60
771,161,80.232140,18,255,202,60
769,160,101.404677,329,236,106,60
768,158,132.884666,245,112,61,60
767,157,144.808774,247,61,49,60
764,153,147.023317,200,51,44,60
756,144,153.435913,110,39,37,60
752,140,149.614610,103,35,32,60
750,140,136.683483,226,45,32,60
748,140,121.347533,224,73,41,60
747,141,93.355312,251,209,58,60
747,142,66.704028,370,218,111,60
747,144,42.813129,370,300,220,60
746,145,26.339611,20,370,233,60
743,150,20.885144,13,13,250,60
740,154,19.036068,10,9,254,60
734,162,15.086441,0,0,0,60
725,175,18.762984,370,370,241,60
723,176,30.595596,370,370,210,60
721,176,52.765492,370,277,196,60
719,176,64.803086,370,219,196,60
716,176,70.251790,370,199,203,60
705,178,71.049969,369,183,199,60
697,180,74.598526,333,170,188,60
685,181,74.002966,313,162,179,60
679,183,68.883618,355,157,161,60
673,184,67.465307,364,153,152,60
662,187,70.530844,345,145,145,60
654,188,69.551417,290,133,140,60
647,190,68.906613,282,123,125,60
640,192,66.472546,290,118,117,60
630,194,66.524109,264,110,110,60
623,196,62.799489,283,106,102,60
617,198,58.046892,370,103,90,60
608,202,53.070803,370,98,83,60
603,204,50.641948,370,98,76,60
595,208,43.944302,370,93,72,60
590,211,40.938258,370,97,68,60
585,214,38.528638,370,99,62,60
580,219,32.594497,370,103,61,60
579,220,22.093061,370,163,69,60
579,221,14.759160,370,259,78,60
581,221,3.571528,370,370,92,60
582,221,0.108967,370,370,110,60
582,225,-0.017947,370,370,110,60
583,232,-0.424210,370,370,113,60
584,238,-1.328120,370,370,114,60
585,245,-2.180544,370,370,118,60
587,251,-2.258403,370,370,124,60
590,259,-4.762076,370,370,137,60
594,268,-5.950053,370,370,142,60
596,273,-6.269785,370,370,144,60
599,279,-8.767736,370,365,168,60
603,287,-9.513059,370,359,173,60
607,293,-11.930645,370,357,193,60
610,299,-10.453618,370,349,190,60
616,308,-13.387584,370,345,226,60
620,314,-13.520725,370,337,227,60
624,321,-12.913253,370,327,238,60
630,331,-13.594329,370,320,248,60
634,338,-12.971697,370,313,251,60
638,344,-13.694200,370,307,261,60
642,351,-13.455716,370,302,276,60
646,357,-11.578359,370,289,269,60
651,368,-8.285651,370,280,262,60
656,378,-6.864243,370,268,254,60
658,384,-5.601932,370,260,252,60
660,390,-4.652878,370,253,250,60
662,396,-3.187195,370,243,240,60
664,407,-2.250172,370,236,238,60
666,414,-1.830992,370,225,237,60
667,425,-0.738963,370,218,235,60
668,431,-0.488950,370,211,234,60
669,439,-0.459846,370,200,235,60
670,449,-0.175267,370,193,235,60
670,456,-0.034194,370,186,235,60
671,463,-0.046199,370,176,235,60
670,475,-0.001268,370,168,234,60
670,482,0.052591,370,157,234,60
670,494,0.318007,370,149,233,60
669,502,0.644652,370,141,231,60
668,509,0.711084,370,130,228,60
667,516,0.905010,370,123,226,60
665,528,1.607792,370,115,221,60
663,535,2.069302,370,104,216,60
662,542,2.331700,131,97,213,60
659,554,2.346072,121,89,210,60
657,561,2.477553,110,82,206,60
655,568,2.839909,96,71,202,60
652,579,3.233199,86,64,196,60
650,587,4.383699,69,52,189,60
647,594,5.220254,59,45,182,60
643,605,5.564663,48,37,180,60
640,609,10.146809,39,32,165,60
638,612,18.363768,32,245,140,60
634,613,38.538758,243,225,118,60
632,613,53.043784,244,131,104,60
630,613,79.071199,175,99,116,60
625,613,79.962416,159,93,111,60
615,614,73.253423,155,87,100,60
609,615,70.183748,180,84,89,60
603,617,61.381518,250,82,76,60
598,619,58.115473,245,80,71,60
589,622,50.539876,237,80,65,60
584,625,42.790366,228,86,62,60
580,628,36.683520,226,86,58,60
579,629,28.212122,227,127,63,60
579,631,16.308121,243,224,75,60
580,632,3.777708,268,214,92,60
581,635,0.063555,296,211,107,60
582,641,-0.366017,288,203,111,60
583,645,-1.343797,286,201,111,60
585,650,-4.738335,296,196,124,60
587,654,-9.474611,102,193,151,60
591,661,-12.581303,99,189,158,60
594,666,-12.821580,80,187,183,60
600,673,-14.674259,80,179,197,60
604,679,-18.317557,72,176,193,60
608,684,-19.945162,58,172,178,60
616,694,-19.686999,56,161,168,60
621,700,-14.873991,66,150,166,60
624,708,-10.230859,254,142,165,60
627,715,-5.416881,223,134,164,60
628,720,-2.498981,183,124,168,60
630,729,-1.433544,171,118,162,60
631,736,-1.076341,158,111,155,60
632,743,-0.718319,151,105,145,60
634,754,-1.117108,135,94,131,60
635,760,-1.436887,125,87,120,60
636,767,-2.703304,114,77,104,60
639,776,-3.790399,107,71,94,60
642,786,-4.982401,93,61,80,60
644,792,-6.297056,86,55,72,60
647,798,-7.720759,76,47,58,60
651,806,-8.829288,71,42,51,60
653,809,-13.180834,65,37,44,60
655,810,-23.348499,94,39,39,60
656,810,-34.850617,206,47,39,60
657,809,-50.316633,370,71,47,60
657,808,-76.996561,353,157,61,60
657,807,-97.474185,370,370,82,60
656,806,-118.891580,27,339,278,60
655,805,-136.920464,41,22,370,60
661,800,-144.154585,44,18,370,60
670,793,-148.165493,31,11,10,60
676,788,-143.270230,0,0,0,60
680,787,-125.868149,24,370,370,60
684,787,-103.221369,370,310,251,60
687,787,-87.406358,370,370,144,60
689,788,-72.383107,312,263,87,60
695,791,-59.739683,319,164,75,60
699,792,-53.084975,370,114,66,60
705,795,-49.290863,370,91,59,60
714,799,-53.444158,370,97,59,60
720,801,-53.736277,370,94,56,60
725,803,-59.312777,370,107,58,60
727,803,-76.239121,285,247,73,60
730,801,-102.592114,370,370,103,60
731,799,-131.643175,370,273,370,60
733,797,-141.654290,85,370,370,60
738,792,-153.267026,65,370,278,60
741,788,-156.735043,56,370,269,60
745,783,-155.122210,61,370,261,60
752,775,-154.681904,63,370,251,60
764,764,-151.785395,72,370,241,60
773,754,-153.004381,370,370,228,60
782,746,-152.751145,370,370,210,60
797,732,-148.734364,370,370,197,60
804,724,-149.888062,370,370,180,60
811,718,-148.475990,370,370,172,60
820,710,-147.589281,370,370,164,60
826,705,-148.242179,370,370,155,60
835,697,-148.468830,370,370,142,60
840,692,-148.272898,370,370,135,60
845,688,-148.363700,370,364,128,60
849,683,-151.516675,370,363,117,60
856,676,-158.502473,370,370,370,60
859,671,-158.980021,370,370,370,60
862,666,-161.492337,370,370,370,60
865,661,-167.239609,370,370,370,60
870,653,-167.114960,370,370,370,60
873,648,-164.778594,370,370,370,60
877,644,-160.760206,370,370,370,60
881,640,-156.806990,370,327,370,60
886,635,-147.054218,360,296,370,60
891,632,-140.052931,370,274,370,60
895,630,-133.261276,370,370,370,60
900,628,-125.147205,370,370,51,60
905,627,-116.263703,305,370,51,60
913,625,-108.477579,276,370,52,60
928,622,-107.970832,250,356,28,60
937,619,-113.186483,255,360,20,60
949,616,-113.110701,238,345,37,60
960,612,-120.274828,245,355,78,60
977,605,-121.792698,233,345,97,60
985,602,-132.035044,266,370,286,60
989,598,-135.122934,370,370,283,60
993,595,-141.720138,370,370,283,60
998,590,-148.526349,370,370,286,60
1002,586,-152.168260,370,370,283,60
1007,582,-153.227131,370,370,289,60
1014,575,-150.482164,370,370,279,60
1020,570,-145.596198,370,370,261,60
1026,565,-143.851801,370,370,252,60
1035,559,-140.460650,214,370,244,60
1041,555,-139.281597,190,367,237,60
1047,551,-138.083999,155,340,227,60
1053,547,-139.789291,149,343,221,60
1063,540,-140.668011,140,344,217,60
1070,536,-139.212431,107,313,204,60
1077,531,-137.471899,118,292,196,60
1087,525,-137.166965,125,281,189,60
1094,521,-137.394669,133,271,183,60
1100,517,-137.997707,138,259,173,60
1110,511,-138.271756,165,230,165,60
1116,507,-138.932794,147,245,161,60
1125,501,-139.718466,155,231,152,60
1131,497,-139.146649,370,209,145,60
1137,493,-134.935287,370,192,135,60
1142,489,-141.763355,158,214,134,60
1147,485,-138.977446,370,195,128,60
1155,479,-143.918391,147,225,127,60
1159,475,-151.277972,137,241,125,60
1164,471,-147.615085,368,212,117,60
1168,466,-150.738716,368,228,116,60
1175,456,-159.467173,121,307,120,60
1179,451,-156.169689,114,356,123,60
1182,446,-157.918257,117,334,116,60
1187,438,-159.970271,117,310,111,60
1189,433,-162.688269,361,327,109,60
1193,425,-169.261087,358,327,107,60
1195,420,-163.545107,355,320,106,60
1197,415,-165.397138,350,310,104,60
1200,407,-176.392779,370,296,117,60
1201,402,-175.347059,370,290,121,60
1201,396,-175.224144,365,282,117,60
1202,391,-177.974648,370,276,123,60
1202,382,-178.281841,370,270,128,60
1202,376,167.108998,66,274,197,60
1202,370,-142.908171,63,266,186,60
1201,360,170.757585,370,250,148,60
1201,350,167.059500,344,241,134,60
1201,343,-176.179795,237,130,76,60
1201,333,-168.573278,230,119,75,60
1201,327,-179.161739,295,215,127,60
1202,321,-178.371888,283,206,125,60
1201,314,172.338727,358,204,178,60
1201,307,179.226152,276,194,134,60
1200,301,178.129120,271,186,138,60
1198,292,177.647966,262,177,144,60
1196,283,177.073761,250,171,144,60
1195,277,176.679072,250,165,152,60
1192,267,174.935186,245,156,164,60
1188,259,172.570675,235,148,172,60
1186,253,171.619812,233,143,176,60
1183,247,170.406851,227,134,162,60
1178,238,169.514387,296,136,141,60
1175,231,168.882237,271,128,135,60
1171,225,157.773604,275,120,123,60
1166,216,167.733990,188,107,125,60
1163,211,165.979397,186,100,113,60
1158,203,164.220272,183,94,104,60
1154,198,161.331112,188,91,97,60
1151,193,158.242326,195,88,92,60
1146,189,154.745063,224,85,82,60
1142,185,151.641912,252,83,76,60
1135,179,146.001265,303,83,72,60
1131,176,132.825928,370,100,72,60
1124,172,135.552686,370,88,66,60
1119,170,131.324538,370,93,65,60
1117,169,119.107178,272,139,72,60
1116,170,95.618938,370,297,89,60
1116,171,75.611268,370,241,140,60
1117,173,54.022086,121,370,370,60
1111,176,40.599988,111,370,370,60
1105,181,37.420693,104,370,261,60
1101,184,37.311909,102,370,274,60
1096,187,36.521672,96,370,268,60
1092,190,43.527752,94,370,238,60
1083,195,43.845340,92,370,227,60
1077,198,47.577552,87,370,227,60
1070,202,49.843907,86,370,209,60
1060,207,52.271279,83,370,196,60
1052,211,52.969621,79,370,192,60
1045,214,52.574171,370,370,185,60
1034,219,51.068390,370,370,179,60
1028,223,51.688636,370,370,173,60
1021,226,49.008658,370,370,175,60
1012,231,45.839545,367,370,176,60
1006,235,45.677580,361,370,173,60
1001,238,43.450153,358,370,175,60
992,244,43.662203,354,370,169,60
986,247,42.650474,350,370,171,60
977,253,41.220394,347,370,168,60
971,257,39.577594,341,370,370,60
966,262,38.320212,334,370,370,60
958,268,35.269271,331,370,370,60
953,272,33.822871,329,370,370,60
948,276,34.938812,321,370,370,60
940,281,44.346954,370,370,370,60
936,283,51.540072,370,370,124,60
931,285,58.801386,370,370,110,60
924,286,67.388447,370,370,100,60
918,288,71.129981,370,370,93,60
910,289,66.761316,370,370,86,60
903,292,63.249441,370,370,85,60
898,294,59.560771,370,370,85,60
894,296,54.955065,370,370,370,60
887,299,50.386371,370,370,362,60
882,301,46.604619,370,370,358,60
878,304,42.758170,370,370,353,60
871,308,44.520615,370,370,347,60
866,311,49.039079,370,370,340,60
860,313,52.694786,370,370,334,60
851,316,59.139671,348,370,334,60
842,319,70.502092,364,341,337,60
836,320,76.748983,370,318,350,60
829,320,83.080878,370,298,370,60
823,321,86.487404,370,290,360,60
813,321,84.985368,370,284,357,60
806,321,87.446869,370,272,350,60
798,320,98.618662,341,269,296,60
793,319,104.160479,313,267,272,60
788,317,109.835921,282,271,245,60
783,315,116.215894,266,281,228,60
775,312,121.877567,254,295,102,60
768,309,126.443584,247,300,92,60
762,305,129.368272,240,294,99,60
752,300,128.878190,228,293,199,60
743,297,124.790757,220,271,197,60
738,294,121.044136,214,252,197,60
732,293,118.720612,212,236,202,60
723,290,114.692224,207,218,203,60
716,287,114.445447,200,208,203,60
709,285,112.289391,192,192,203,60
698,282,112.197942,185,184,202,60
691,280,107.917179,178,167,209,60
680,278,106.487664,168,158,204,60
673,276,102.143234,168,147,217,60
665,274,102.868586,162,139,219,60
654,272,106.494932,142,130,204,60
644,269,107.805806,128,120,197,60
636,268,109.796894,121,112,199,60
629,266,105.883147,110,100,197,60
621,264,106.938250,100,92,186,60
610,262,104.415073,93,84,159,60
603,260,102.946816,87,75,135,60
595,259,107.653784,71,65,134,60
584,256,100.922285,65,56,103,60
577,255,103.418007,55,50,96,60
570,254,96.705668,47,36,58,60
564,254,95.729478,39,30,48,60
556,253,88.491258,34,24,34,60
551,254,78.344009,31,18,21,60
549,255,67.685746,42,18,18,60
549,257,42.428383,226,28,23,60
550,258,23.032816,370,55,30,60
550,259,12.219674,370,174,47,60
551,260,4.196744,370,370,58,60
552,261,0.065131,370,370,66,60
553,261,-1.784176,370,370,71,60
557,273,-2.452672,370,370,75,60
559,282,-4.804838,370,370,89,60
566,300,-4.219062,370,370,96,60
570,309,-6.240918,370,370,109,60
573,314,-8.279780,370,370,121,60
578,321,-15.131573,370,331,154,60
583,328,-18.986578,370,326,171,60
588,334,-21.759071,370,329,220,60
592,338,-25.061813,370,327,237,60
596,343,-27.190612,370,333,300,60
601,347,-28.993799,370,370,370,60
607,352,-30.102977,370,370,370,60
615,360,-28.603541,370,370,370,60
620,365,-27.938538,370,370,370,60
627,372,-22.449925,370,370,370,60
631,377,-19.205474,370,285,330,60
634,382,-16.215365,370,269,288,60
637,386,-14.096711,370,262,274,60
641,394,-9.996729,370,254,258,60
643,399,-9.137711,370,247,245,60
646,405,-8.063745,370,239,240,60
650,414,-7.181181,370,230,241,60
652,421,-5.692399,370,219,238,60
655,428,-4.876081,370,212,238,60
659,440,-3.696906,370,204,238,60
661,447,-3.625428,370,196,240,60
664,459,-3.723157,370,184,243,60
667,467,-3.654316,370,176,247,60
670,478,-3.080753,370,169,250,60
673,487,-2.642225,370,157,251,60
675,494,-2.281185,370,145,254,60
678,507,-2.883644,370,136,259,60
680,515,-3.018520,370,128,262,60
682,522,-3.108184,370,121,266,60
684,530,-3.403086,370,113,272,60
687,541,-2.262307,370,102,272,60
688,548,-1.569483,370,91,268,60
690,560,-1.007469,370,83,268,60
691,567,-0.578789,370,75,266,60
692,579,-0.568667,370,64,89,60
693,586,-0.280464,80,57,80,60
693,594,-0.120535,69,49,69,60
693,602,-0.020618,58,41,58,60
694,612,-0.311120,42,30,42,60
695,615,-2.010854,35,24,32,60
697,617,-6.865415,35,22,28,60
698,618,-14.882650,42,23,25,60
700,617,-35.405943,370,28,25,60
701,617,-53.090305,266,42,31,60
701,616,-72.131907,370,370,42,60
701,615,-91.656041,370,370,370,60
700,613,-121.588202,370,370,370,60
700,612,-137.719248,370,370,370,60
703,610,-141.144285,370,370,370,60
708,606,-145.757338,370,370,370,60
715,601,-143.509982,370,370,370,60
721,597,-140.573234,370,370,370,60
727,593,-137.064199,368,370,370,60
736,588,-131.376007,312,369,370,60
743,585,-128.849361,278,358,370,60
749,582,-127.083543,319,345,370,60
758,578,-125.573247,351,338,370,60
765,576,-124.313153,370,330,370,60
771,573,-121.378759,370,322,282,60
777,571,-117.796711,370,318,228,60
783,570,-114.129469,370,370,175,60
791,568,-105.185315,370,370,182,60
801,566,-106.957048,370,370,182,60
808,565,-106.428962,370,370,178,60
818,563,-107.704597,370,370,154,60
824,562,-109.007706,370,370,141,60
830,560,-109.914357,370,370,159,60
837,558,-110.970123,370,370,172,60
846,555,-115.219985,370,370,192,60
855,552,-121.122029,370,370,370,60
864,548,-126.120789,370,232,370,60
870,545,-129.396558,370,226,370,60
876,542,-133.150924,370,219,370,60
881,539,-132.434590,370,213,370,60
887,536,-130.584263,370,205,370,60
894,533,-132.769510,370,199,370,60
898,530,-137.570045,370,198,370,60
903,527,-137.556929,370,192,370,60
911,524,-131.977367,370,183,364,60
916,521,-127.086693,370,174,358,60
922,519,-120.960230,370,370,355,60
931,516,-117.147605,370,370,354,60
938,514,-112.082364,188,362,355,60
948,512,-107.603380,165,338,360,60
955,510,-104.256549,148,320,360,60
962,509,-103.361289,141,311,354,60
973,508,-100.837538,133,303,351,60
980,507,-100.858634,124,294,345,60
987,506,-97.268230,370,280,350,60
994,506,-95.881870,370,272,347,60
1005,505,-94.441698,370,264,344,60
1016,505,-87.634467,358,252,353,60
1022,505,-84.890410,317,243,370,60
1027,505,-92.269147,345,237,324,60
1034,504,-101.283383,358,233,303,60
1039,503,-114.663824,370,243,251,60
1042,501,-119.833977,102,263,234,60
1045,499,-126.112463,75,277,227,60
1047,497,-135.940204,90,322,226,60
1053,493,-144.470558,109,370,227,60
1058,489,-146.334017,106,370,226,60
1066,482,-141.968991,63,343,213,60
1071,477,-148.704580,73,370,217,60
1077,472,-148.938517,42,370,207,60
1089,462,-144.632681,48,369,199,60
1095,458,-138.563550,75,272,179,60
1109,449,-132.692557,94,240,168,60
1116,447,-123.842218,351,185,155,60
1126,443,-120.749067,355,169,149,60
1132,441,-122.012685,348,161,140,60
1139,439,-122.919059,345,154,133,60
1147,435,-125.622367,353,139,130,60
1153,432,-122.675902,333,150,121,60
1158,429,-126.452816,329,139,113,60
1163,426,-129.673586,323,140,109,60
1170,422,-136.577805,317,145,106,60
1174,418,-135.148094,313,154,102,60
1179,414,-148.123845,310,182,102,60
1183,410,-150.305582,309,193,100,60
1189,404,-144.279497,305,179,94,60
1193,399,-148.318291,298,167,90,60
1198,393,-158.062324,307,238,94,60
1201,388,-154.195540,298,204,89,60
1205,381,-162.476077,300,263,90,60
1208,373,-165.742894,299,268,90,60
1209,368,-174.828423,324,255,106,60
1211,361,-172.319667,295,256,92,60
1211,357,-172.320172,323,245,107,60
1211,352,-171.707186,295,240,97,60
1211,347,175.110465,55,298,240,60
1210,340,172.862229,370,230,144,60
1208,332,169.310649,370,224,149,60
1205,321,167.870121,331,213,141,60
1202,312,174.666212,313,198,151,60
1200,304,174.862636,293,190,151,60
1196,294,172.277743,347,188,195,60
1194,288,171.908963,288,178,168,60
1191,283,170.539050,288,171,185,60
1189,278,169.754830,286,166,193,60
1184,270,166.984645,296,163,188,60
1178,262,167.556753,290,154,175,60
1174,255,165.509719,279,148,168,60
1170,249,164.682858,279,143,158,60
1166,243,163.291740,271,137,151,60
1162,238,161.432307,278,131,140,60
1157,232,159.365344,285,127,131,60
1151,225,154.741325,298,124,124,60
1146,221,151.771760,370,127,116,60
1141,217,148.046980,370,125,109,60
1137,213,143.240061,370,129,104,60
1132,210,139.643438,370,134,103,60
1125,206,134.669852,370,137,100,60
1117,202,122.418373,250,145,97,60
1112,200,126.175043,257,159,99,60
1107,198,121.764421,269,183,100,60
1099,196,115.325299,288,213,102,60
1093,194,110.910128,370,258,107,60
1085,194,103.054256,370,370,116,60
1080,193,96.686661,370,370,127,60
1075,194,91.513487,370,370,148,60
1070,194,83.890699,370,209,179,60
1062,195,77.275903,370,219,202,60
1057,196,72.740583,370,237,240,60
1051,198,68.249978,370,251,281,60
1042,201,64.469553,370,370,368,60
1036,203,63.406610,370,370,370,60
1029,205,63.631377,370,370,370,60
1020,209,60.677644,370,370,370,60
1015,211,60.822664,370,370,370,60
1009,213,61.688864,370,370,370,60
1000,216,63.738960,370,370,131,60
993,218,63.529387,370,370,370,60
986,219,70.030414,370,370,347,60
976,221,73.972987,370,166,320,60
970,222,73.905904,370,154,313,60
964,223,75.720326,370,140,292,60
953,225,78.037368,370,116,255,60
948,226,74.109656,370,117,282,60
944,227,67.489943,370,137,83,60
939,229,55.938654,370,370,87,60
934,232,51.768010,370,370,92,60
928,235,43.078170,370,370,99,60
925,238,37.930130,370,370,109,60
920,243,31.948729,370,370,116,60
917,246,27.849129,360,370,370,60
914,250,25.107716,361,370,370,60
910,254,21.503378,365,370,370,60
905,260,19.114384,367,370,370,60
902,265,20.544489,361,370,370,60
895,273,22.674769,348,370,370,60
891,278,23.020248,338,370,370,60
886,283,24.713723,330,370,370,60
881,287,26.472445,370,370,370,60
874,294,28.277746,370,370,370,60
869,299,30.968784,370,370,360,60
861,304,34.706022,370,370,351,60
855,308,40.084649,370,370,333,60
849,312,44.520523,370,370,323,60
840,316,50.214081,370,370,316,60
834,319,55.491351,337,370,310,60
828,321,60.311636,344,344,307,60
817,325,64.073848,345,328,302,60
809,327,66.364131,350,312,299,60
802,329,64.710934,347,299,288,60
791,331,68.226544,350,288,282,60
784,333,65.841266,348,279,274,60
776,335,67.624842,370,264,264,60
764,338,69.586818,370,251,259,60
751,340,73.817711,370,233,252,60
743,341,74.217488,370,218,240,60
735,343,73.515278,370,211,230,60
723,344,75.609389,370,200,224,60
715,346,74.956891,355,191,217,60
703,347,79.693301,319,178,206,60
695,348,81.546652,302,169,197,60
688,348,79.103472,275,157,186,60
681,349,75.390891,290,153,171,60
674,350,73.523010,292,147,161,60
664,352,70.689464,302,139,147,60
657,353,68.536314,310,134,137,60
651,355,65.635860,337,131,128,60
641,357,63.250719,355,126,118,60
635,360,58.557198,370,124,111,60
630,362,55.175730,370,123,103,60
624,364,54.856210,370,116,97,60
616,368,48.846750,370,118,92,60
612,371,44.896270,370,119,87,60
607,373,41.331629,370,124,86,60
603,376,35.671365,370,139,82,60
600,379,31.441785,271,152,82,60
596,383,22.267697,276,191,86,60
594,386,17.089136,281,228,89,60
592,391,10.720809,299,370,99,60
590,395,5.736089,370,370,106,60
590,399,2.596392,370,370,110,60
590,402,1.537439,370,370,114,60
590,406,0.053984,370,370,120,60
591,409,-0.199057,370,370,123,60
592,414,-2.111506,370,370,128,60
594,416,-4.317387,370,370,137,60
596,419,-10.361396,370,224,169,60
598,422,-13.974080,370,224,195,60
602,426,-22.381040,370,228,243,60
608,431,-29.669519,370,239,365,60
612,434,-35.748556,370,370,370,60
618,438,-36.948704,370,370,370,60
624,442,-37.025682,370,370,370,60
631,447,-40.496708,370,370,370,60
639,452,-40.331333,370,370,196,60
645,456,-39.714132,370,370,190,60
651,460,-38.259949,370,370,186,60
659,466,-37.238339,370,370,182,60
664,470,-39.014802,370,370,179,60
670,474,-40.958424,370,370,172,60
679,479,-44.345080,370,370,171,60
684,482,-46.743398,370,370,166,60
690,485,-48.907461,370,370,165,60
699,490,-50.625981,370,370,162,60
708,493,-53.727895,370,370,161,60
714,496,-53.370917,370,364,368,60
719,498,-58.424233,370,311,369,60
725,499,-61.388100,370,271,370,60
734,502,-64.363861,338,245,370,60
741,504,-63.296471,333,234,370,60
750,507,-58.302534,370,252,365,60
757,510,-56.022748,370,272,355,60
763,513,-53.868925,370,295,347,60
770,516,-52.378987,370,304,341,60
779,520,-51.414791,370,298,340,60
785,523,-49.113034,370,370,331,60
791,526,-46.455802,370,370,327,60
800,532,-42.323442,370,370,321,60
806,536,-38.697595,370,370,317,60
812,541,-36.106216,370,370,312,60
820,548,-32.058798,237,364,310,60
825,552,-29.714649,164,345,307,60
831,557,-27.158499,140,327,305,60
839,565,-24.968448,144,315,300,60
844,571,-25.138498,144,308,296,60
850,577,-25.319122,140,299,286,60
858,585,-26.615251,135,292,279,60
864,591,-27.901792,124,292,271,60
873,599,-29.411524,116,286,261,60
879,605,-29.985241,110,283,254,60
885,610,-30.370366,103,276,245,60
891,615,-29.496615,102,268,241,60
896,620,-29.523477,100,262,235,60
904,628,-29.284682,96,255,231,60
909,632,-29.743459,93,251,226,60
914,637,-29.567694,90,244,220,60
922,644,-29.117692,85,238,214,60
928,648,-30.502953,82,233,209,60
936,655,-32.207657,75,229,200,60
942,660,-34.630495,66,229,196,60
947,663,-37.387383,55,235,189,60
953,667,-40.480102,48,241,185,60
965,674,-40.034609,39,244,179,60
969,678,-35.027270,42,219,175,60
976,684,-30.677957,312,191,169,60
983,693,-19.936999,329,163,168,60
991,704,-16.646952,306,152,165,60
996,710,-17.355470,295,145,157,60
1000,715,-18.971657,289,139,148,60
1006,722,-21.422319,306,135,138,60
1010,726,-22.875000,298,132,133,60
1017,733,-24.437767,286,126,124,60
1021,737,-26.438110,279,122,118,60
1028,743,-33.880121,254,127,109,60
1033,746,-38.789032,244,133,106,60
1040,750,-46.654511,235,144,103,60
1045,752,-51.996892,230,157,103,60
1050,754,-58.050708,226,183,106,60
1057,756,-68.918290,227,234,114,60
1061,757,-75.944203,233,216,124,60
1066,757,-83.463816,251,200,144,60
1073,757,-92.583532,269,193,162,60
1078,756,-97.948764,306,188,200,60
1082,755,-103.665987,348,188,214,60
1090,753,-110.331722,370,188,199,60
1095,752,-115.253315,370,190,182,60
1101,750,-118.545088,370,189,173,60
1110,747,-120.504434,370,185,166,60
1120,743,-123.056716,370,181,155,60
1128,738,-127.640945,370,179,147,60
1134,735,-131.674760,370,184,138,60
1141,731,-134.190730,370,185,134,60
1146,728,-141.497559,370,205,130,60
1153,722,-143.833364,345,216,128,60
1157,718,-146.213287,337,217,124,60
1161,714,-151.149572,306,245,123,60
1167,708,-154.289962,295,259,120,60
1172,701,-155.671126,319,287,121,60
1177,694,-162.279106,370,319,120,60
1180,690,-162.307032,370,370,121,60
1183,682,-165.894835,370,370,121,60
1185,677,-168.455206,370,370,123,60
1187,672,-171.053453,370,370,127,60
1189,665,-172.676626,370,370,130,60
1190,660,-174.712774,370,370,128,60
1191,655,-178.801967,370,370,141,60
1191,649,-179.274075,370,370,142,60
1190,642,172.675456,370,370,370,60
1190,636,178.957301,370,370,149,60
1189,631,173.025355,370,370,172,60
1188,626,173.357500,370,370,175,60
1186,617,173.321593,370,370,161,60
1185,611,171.558398,370,276,189,60
1184,605,176.896112,370,370,168,60
1182,599,176.490671,370,370,171,60
1179,591,173.712650,370,241,210,60
1177,585,168.502014,370,370,188,60
1174,580,169.604861,370,233,209,60
1170,572,167.997395,370,214,228,60
1167,567,167.532571,370,193,250,60
1163,561,162.176703,370,169,302,60
1158,553,164.393236,370,166,293,60
1154,548,164.131037,370,153,306,60
1148,539,157.050894,370,139,333,60
1143,533,156.894516,370,115,370,60
1137,524,158.755760,370,103,370,60
1132,518,161.640933,370,95,370,60
1125,508,158.545556,370,95,370,60
1121,502,157.677791,370,77,370,60
1117,495,162.012893,370,70,370,60
1113,488,166.919112,358,68,364,60
1108,481,164.568154,353,60,364,60
1105,478,159.803993,370,47,370,60
1101,475,149.432816,370,157,123,60
1099,473,138.916854,370,370,65,60
1095,472,132.590943,370,333,59,60
1090,470,120.517225,370,324,100,60
1079,467,115.349951,370,370,370,60
1071,465,111.939891,370,370,370,60
1062,464,103.413749,370,370,370,60
1056,464,98.800527,355,370,313,60
1047,463,94.067542,348,370,306,60
1039,463,93.949014,369,370,293,60
1032,462,98.549463,355,370,290,60
1020,461,97.480827,319,370,275,60
1012,460,93.775270,343,370,272,60
1004,460,95.564181,333,370,259,60
992,459,94.740937,327,370,250,60
985,459,90.173633,298,370,237,60
976,458,95.197332,330,370,231,60
965,458,94.993678,333,370,226,60
958,457,94.869071,331,370,214,60
947,457,92.755402,327,370,370,60
940,457,91.458385,309,370,370,60
930,457,92.281417,306,370,370,60
922,457,89.378598,279,370,370,60
915,457,92.448961,314,370,370,60
907,457,92.039302,310,370,370,60
896,457,88.715822,289,366,370,60
889,456,91.713169,303,358,370,60
881,456,93.361770,370,352,370,60
870,455,92.293297,370,340,370,60
863,454,98.670269,370,333,370,60
855,453,99.726429,370,332,370,60
844,451,103.315584,369,323,370,60
837,450,109.788713,354,318,370,60
830,448,113.667289,320,325,370,60
823,446,115.705668,310,322,369,60
812,442,118.628552,303,311,369,60
805,440,120.138976,289,314,357,60
798,437,121.111240,279,317,348,60
790,434,120.672685,268,303,343,60
780,430,119.421762,259,298,340,60
773,428,121.878321,250,287,336,60
762,423,118.776669,243,274,334,60
757,422,114.690641,241,253,344,60
752,421,106.379394,248,229,370,60
746,420,96.103111,261,218,370,60
742,421,87.924891,286,210,307,60
738,421,73.139380,364,209,248,60
735,422,67.171600,370,216,226,60
732,424,59.410085,237,234,209,60
727,425,57.199506,233,235,202,60
718,428,57.153066,231,227,196,60
712,431,57.060611,226,226,189,60
706,434,53.631684,220,220,179,60
700,436,49.071430,213,228,173,60
691,441,47.807018,210,227,168,60
686,444,44.604298,206,233,164,60
681,448,42.495671,199,232,157,60
673,453,40.707112,196,242,152,60
668,457,37.267104,192,248,149,60
660,462,32.589910,186,243,144,60
656,466,29.215836,183,261,141,60
652,470,27.284494,182,286,141,60
648,475,22.192183,179,347,144,60
643,481,18.313808,178,370,144,60
640,485,14.962357,179,370,147,60
638,489,12.475622,178,364,151,60
634,497,8.975392,178,356,154,60
632,502,6.441833,178,348,159,60
631,507,5.197022,171,339,161,60
629,512,3.735497,168,333,164,60
628,521,1.569793,164,326,166,60
627,526,0.960153,157,318,169,60
626,535,0.441144,149,312,171,60
626,541,0.075280,142,306,171,60
626,546,0.100484,131,298,172,60
626,552,-0.026636,123,292,172,60
627,560,-0.127384,114,286,173,60
627,566,-0.909967,104,278,176,60
629,574,-1.890393,99,68,180,60
630,579,-2.808466,93,63,185,60
632,584,-2.920874,82,55,192,60
635,590,-5.396189,78,50,204,60
637,597,-6.276525,69,44,210,60
640,603,-7.467053,59,37,228,60
643,608,-8.241311,52,32,238,60
647,616,-10.349796,44,26,31,60
652,625,-12.777047,31,18,21,60
655,630,-14.172321,18,10,11,60
661,637,-19.204341,7,4,4,60
663,638,-28.395099,7,3,4,60
665,638,-53.047623,317,13,10,60
666,637,-73.059921,370,38,18,60
666,636,-89.448641,370,292,45,60
667,634,-123.035912,370,370,370,60
667,633,-141.826974,370,370,286,60
667,632,-153.162551,370,370,370,60
669,629,-159.454897,370,370,370,60
674,622,-160.373283,370,325,370,60
678,617,-160.569953,370,332,370,60
683,611,-160.281751,370,347,370,60
690,602,-160.266974,370,348,370,60
695,596,-160.668110,370,347,370,60
703,587,-160.553009,370,340,370,60
710,578,-159.294624,370,370,370,60
715,572,-157.322527,370,370,370,60
721,566,-155.021799,370,370,370,60
729,558,-151.873450,370,370,370,60
735,553,-152.809889,370,370,370,60
740,547,-151.739290,370,370,370,60
746,541,-151.285562,370,370,370,60
755,533,-149.134149,370,370,370,60
761,528,-147.916521,370,370,370,60
771,520,-147.977241,370,370,370,60
777,515,-148.661658,370,370,370,60
783,509,-148.945496,300,370,370,60
792,502,-148.768648,278,370,370,60
798,497,-147.366095,238,370,370,60
804,492,-145.549381,180,370,370,60
814,485,-142.618359,192,370,370,60
820,481,-140.647723,214,370,370,60
827,477,-139.065305,231,370,370,60
836,470,-137.665481,241,370,370,60
843,466,-135.823547,361,370,370,60
850,462,-134.809330,355,370,370,60
861,456,-133.486740,351,370,370,60
868,452,-133.527289,348,182,370,60
875,448,-134.143988,341,170,370,60
886,442,-135.514035,337,370,370,60
892,438,-136.448675,333,156,370,60
897,435,-139.789901,327,370,159,60
901,432,-145.487185,326,370,148,60
900,433,-145.360612,329,370,149,60
900,433,-145.393988,329,370,148,60
900,433,-145.472229,329,370,148,60
900,433,-145.607080,329,370,148,60
900,432,-145.704579,329,370,148,60
900,433,-145.278023,329,370,149,60
900,433,-145.486894,329,370,149,60
900,433,-145.535010,329,370,148,60
900,433,-145.585933,329,370,148,60
900,433,-145.632335,329,370,148,60
900,433,-145.547596,329,370,148,60
900,433,-145.398497,329,370,148,60
900,433,-145.390252,329,370,149,60
900,433,-145.575188,329,370,148,60
900,433,-145.395115,329,370,148,60
900,433,-145.434712,329,370,148,60
900,433,-145.367246,329,370,149,60
900,433,-145.603541,329,370,148,60
900,433,-145.447562,329,370,148,60
900,433,-145.453658,329,370,148,60
900,433,-145.425410,329,370,148,60
900,433,-145.543955,329,370,148,60
900,433,-145.607150,329,370,148,60
900,433,-145.492325,329,370,148,60
900,433,-145.510768,329,370,148,60
900,433,-145.685957,329,370,148,60
900,433,-145.367443,329,370,149,60
900,433,-145.543777,329,370,148,60
900,433,-145.643231,329,370,149,60
900,433,-145.617707,329,370,148,60
900,433,-145.568781,329,370,148,60
900,433,-145.649566,329,370,148,60
900,433,-145.426434,329,370,149,60
900,433,-145.609129,329,370,148,60
900,433,-145.601849,329,370,148,60
900,433,-145.532784,329,370,148,60
900,433,-145.374436,329,370,148,60
900,433,-145.436233,329,370,148,60
900,433,-145.692174,329,370,148,60
900,433,-145.526027,329,370,148,60
900,433,-145.511099,329,370,148,60
900,433,-145.605148,329,370,148,60
900,433,-145.461245,329,370,148,60
900,433,-145.518989,329,370,148,60
900,433,-145.560102,329,370,148,60
900,433,-145.499249,329,370,148,60
900,433,-145.591012,329,370,148,60
900,433,-145.606962,329,370,148,60
900,433,-145.264268,329,370,149,60
900,433,-145.557041,329,370,148,60
900,433,-145.535377,329,370,148,60
900,433,-145.522165,329,370,148,60
900,433,-145.452768,329,370,148,60
900,433,-145.545175,329,370,148,60
900,433,-145.472881,329,370,148,60
900,433,-145.392500,329,370,148,60
900,433,-145.332423,329,370,148,60
900,433,-145.425531,329,370,148,60
900,433,-145.614697,329,370,148,60
900,433,-145.565246,329,370,148,60
900,433,-145.535257,329,370,148,60
900,433,-145.650521,329,370,148,60
900,433,-145.601719,329,370,148,60
900,433,-145.740988,329,370,148,60
900,433,-145.392070,329,370,148,60
900,433,-145.565502,329,370,149,60
900,433,-145.497363,329,370,148,60
900,433,-145.423623,327,370,149,60
900,433,-145.375472,329,370,149,60
900,433,-145.541362,329,370,148,60
900,433,-145.527012,329,370,148,60
900,433,-145.486750,329,370,148,60
900,433,-145.606675,329,370,148,60
900,433,-145.375441,329,370,149,60
900,433,-145.690762,329,370,148,60
900,433,-145.437731,327,370,148,60
900,433,-145.475416,329,370,149,60
900,433,-145.258022,327,370,149,60
900,433,-145.692461,329,370,148,60
900,433,-145.530582,329,370,148,60
900,433,-145.425734,329,370,148,60
900,433,-145.608714,329,370,148,60
900,433,-145.570819,329,370,149,60
900,433,-145.396153,329,370,148,60
900,433,-145.664832,329,370,148,60
900,433,-145.547177,329,370,148,60
900,433,-144.993027,329,370,148,60
900,433,-145.491200,329,370,148,60
900,433,-145.594141,329,370,148,60
900,433,-145.369037,329,370,149,60
900,433,-145.619491,329,370,148,60
900,433,-145.467532,329,370,148,60
900,433,-145.454875,329,370,148,60
900,433,-145.310943,329,370,149,60
900,433,-145.473776,329,370,149,60
900,433,-145.615855,329,370,148,60
900,433,-145.720447,329,370,148,60
900,433,-145.608407,329,370,148,60
900,433,-145.490806,327,370,149,60
900,433,-145.543153,329,370,148,60
900,433,-145.564925,329,370,148,60
900,433,-145.477238,329,370,149,60
900,433,-145.487633,329,370,148,60
900,433,-145.432401,329,370,148,60
900,433,-145.423220,329,370,148,60
900,433,-145.633437,329,370,148,60
900,433,-145.429557,329,370,148,60
900,433,-145.448343,329,370,148,60
900,433,-145.546896,329,370,148,60
900,433,-145.545078,329,370,148,60
900,433,-145.539330,329,370,148,60
900,433,-145.401357,329,370,148,60
900,433,-145.369138,329,370,149,60
900,433,-145.570026,329,370,148,60
900,433,-144.926208,329,370,148,60
900,433,-145.274871,329,370,149,60
900,433,-145.615745,329,370,148,60
900,433,-145.507237,329,370,148,60
900,433,-145.474346,327,370,149,60
900,433,-145.524544,329,370,149,60
900,433,-145.433177,329,370,148,60
900,433,-145.406092,329,370,148,60
900,433,-145.602962,329,370,148,60
900,433,-145.550613,329,370,148,60
900,433,-145.527658,329,370,148,60
900,433,-145.606604,329,370,148,60
900,433,-145.366976,329,370,148,60
900,433,-145.599114,329,370,148,60
900,433,-145.459738,329,370,148,60
900,433,-145.473522,329,370,148,60
900,433,-145.392646,329,370,148,60
900,433,-145.739326,329,370,148,60
900,433,-145.391227,329,370,148,60
900,433,-145.103731,327,370,149,60
900,433,-145.557110,329,370,148,60
900,433,-145.532952,329,370,148,60
900,433,-145.591684,329,370,148,60
900,433,-145.581456,329,370,148,60
900,433,-145.576112,329,370,148,60
900,433,-145.369636,329,370,149,60
900,433,-145.580108,329,370,148,60
900,433,-145.448901,329,370,148,60
900,433,-145.513714,329,370,148,60
900,433,-145.519139,329,370,148,60
900,433,-145.375302,329,370,149,60
900,433,-145.503189,329,370,148,60
900,433,-145.698330,329,370,149,60
900,433,-145.644665,329,370,148,60
900,433,-145.352891,329,370,149,60
900,433,-145.545745,329,370,148,60
900,433,-145.457922,329,370,148,60
900,433,-145.292692,329,370,149,60
900,433,-145.470208,329,370,148,60
900,433,-145.500268,329,370,148,60
900,433,-145.665888,329,370,148,60
900,433,-145.429983,329,370,149,60
900,433,-145.418817,329,370,148,60
900,433,-145.423881,329,370,149,60
900,433,-145.472262,329,370,148,60
900,433,-145.619255,329,370,148,60
900,433,-145.631870,329,370,148,60
900,433,-145.578576,327,370,149,60
900,433,-145.492530,329,370,148,60
900,433,-145.436247,329,370,148,60
900,433,-145.470869,329,370,148,60
900,433,-145.521335,329,370,148,60
900,433,-145.517345,329,370,148,60
900,433,-145.367871,329,370,149,60
900,433,-145.516475,329,370,148,60
