642,794,-175.077337,68,29,30,60
642,793,-178.575199,200,70,39,60
643,787,-179.093158,200,62,35,60
644,782,-175.807275,204,58,32,60
646,778,-172.755324,234,40,25,60
648,774,-169.478854,247,35,23,60
651,771,-163.998282,319,18,14,60
655,766,-152.625887,27,7,7,60
658,764,-144.164292,0,0,0,60
661,762,-140.472811,0,0,0,60
665,761,-126.619886,0,0,0,60
667,760,-114.667029,0,0,0,60
669,761,-93.941436,0,0,0,60
669,762,-75.641907,370,370,135,60
669,763,-58.013493,337,183,99,60
670,765,-35.690225,370,122,89,60
671,767,-27.985567,275,91,85,60
675,770,-27.158247,250,87,82,60
683,777,-27.403576,244,82,76,60
689,782,-30.105056,237,77,71,60
696,788,-31.205218,282,74,65,60
701,792,-34.278441,299,69,58,60
706,795,-36.993793,370,69,55,60
708,795,-58.772658,370,96,61,60
709,794,-78.357780,302,185,75,60
709,792,-109.874746,370,370,148,60
709,792,-128.428133,85,370,370,60
710,789,-147.271710,37,370,306,60
713,786,-152.671448,30,370,296,60
718,780,-154.637420,30,370,282,60
729,769,-152.813653,37,370,268,60
740,759,-143.386381,56,370,265,60
751,751,-139.529387,370,370,257,60
762,745,-129.335026,370,370,370,60
773,740,-125.905299,370,370,370,60
783,737,-112.446535,370,197,370,60
787,737,-103.468919,370,197,348,60
791,737,-93.526219,370,209,233,60
797,738,-76.736016,192,370,165,60
801,739,-65.166110,197,297,131,60
806,742,-50.153367,370,200,117,60
809,744,-40.571245,370,142,107,60
815,749,-30.069638,370,120,104,60
820,754,-28.207319,321,106,97,60
825,759,-27.163837,288,99,93,60
831,765,-27.948255,278,93,86,60
839,772,-30.828037,289,90,82,60
844,776,-33.318656,354,87,75,60
852,782,-35.229212,370,84,71,60
858,786,-36.392582,370,81,66,60
863,789,-38.091485,370,78,62,60
869,793,-47.955162,370,81,61,60
870,792,-65.847783,370,163,73,60
870,791,-91.451312,158,370,117,60
870,790,-112.119172,370,370,234,60
871,788,-131.566273,370,148,370,60
875,785,-137.311792,370,148,370,60
883,780,-137.770259,370,144,370,60
887,777,-133.628414,370,131,370,60
893,776,-122.473790,370,123,370,60
897,775,-110.613368,370,120,347,60
900,775,-100.176283,128,370,185,60
904,775,-90.513257,118,360,142,60
909,776,-73.271639,116,363,111,60
913,778,-64.695193,370,251,96,60
917,780,-57.143074,360,145,80,60
923,782,-52.274454,350,120,75,60
933,787,-50.047839,343,108,71,60
939,790,-50.385645,336,104,68,60
949,794,-53.102926,326,102,63,60
956,797,-55.097817,320,101,62,60
962,798,-67.618467,319,127,63,60
964,797,-84.781606,355,309,82,60
965,797,-102.463226,370,301,130,60
966,795,-120.541534,94,348,312,60
971,793,-127.432868,100,370,305,60
976,790,-131.785702,100,370,296,60
982,787,-133.221539,93,370,289,60
988,784,-123.433807,73,355,286,60
993,784,-105.870631,370,285,209,60
997,784,-99.770733,370,271,165,60
1013,783,-90.297386,370,257,137,60
1020,784,-79.378183,326,249,117,60
1030,786,-66.865843,255,199,83,60
1036,788,-61.571705,241,151,75,60
1047,792,-56.415040,231,123,68,60
1054,795,-54.589506,219,106,62,60
1065,799,-55.768131,212,105,61,60
1072,802,-57.564260,202,103,58,60
1079,804,-70.182211,197,122,59,60
1081,803,-86.333015,221,188,78,60
1082,802,-106.568050,370,190,164,60
1082,800,-129.003934,370,213,193,60
1083,799,-141.078358,142,301,192,60
1089,794,-148.032016,120,358,196,60
1093,791,-147.157696,123,348,192,60
1095,789,-148.168826,117,370,192,60
1098,785,-155.208891,103,370,197,60
1101,781,-148.083090,123,340,182,60
1107,775,-151.707738,123,343,179,60
1114,770,-144.731990,364,285,168,60
1118,767,-136.698066,355,259,161,60
1124,764,-133.913933,370,220,151,60
1129,762,-124.803846,370,172,142,60
1134,760,-120.865071,370,157,138,60
1144,756,-118.800088,370,145,131,60
1151,754,-117.805786,370,132,121,60
1158,751,-116.241860,338,122,116,60
1169,748,-112.158085,300,113,109,60
1177,745,-112.031890,228,96,97,60
1189,742,-111.594463,212,88,87,60
1197,740,-115.433080,206,77,75,60
1208,736,-118.685703,206,68,62,60
1215,734,-118.572116,183,60,55,60
1224,730,-122.731470,179,54,49,60
1230,727,-133.673221,278,51,41,60
1230,725,-147.358927,370,86,48,60
1229,725,-157.653725,357,136,58,60
1228,724,-171.748074,370,370,76,60
1227,723,-176.481522,370,370,86,60
1225,722,170.945852,370,370,133,60
1223,717,168.737758,370,370,137,60
1220,709,167.437346,370,370,144,60
1217,703,164.169432,370,337,175,60
1214,697,165.952824,370,339,171,60
1208,686,162.691117,370,310,202,60
1205,680,164.814532,370,300,212,60
1202,674,167.589332,370,318,183,60
1199,668,170.900636,370,333,169,60
1196,659,175.306216,370,370,157,60
1196,654,176.708520,370,370,145,60
1195,649,178.881571,370,370,144,60
1195,643,178.459064,370,370,147,60
1195,632,-175.687053,370,137,82,60
1195,625,-177.577058,370,370,137,60
1196,617,-177.886465,370,370,125,60
1197,607,-175.067842,370,370,133,60
1197,599,-179.191437,370,370,134,60
1197,592,-176.423440,370,370,127,60
1198,580,-176.307972,370,370,133,60
1199,572,-172.976197,186,370,116,60
1200,560,-178.164865,186,370,110,60
1200,551,-178.569290,168,370,130,60
1201,539,-176.230682,168,370,117,60
1202,532,-178.487516,159,370,127,60
1202,520,-170.338328,157,370,120,60
1203,513,-173.621100,152,370,121,60
1204,500,-168.161232,149,370,114,60
1206,492,-170.424416,152,370,102,60
1207,481,-173.156631,140,370,113,60
1208,473,-169.182165,142,365,102,60
1209,465,-167.882018,141,358,94,60
1210,453,-168.924939,138,350,94,60
1211,445,-178.021289,120,330,111,60
1211,438,-170.129725,125,328,96,60
1212,427,-177.703106,117,317,100,60
1212,419,-171.117917,370,314,92,60
1212,409,-179.101849,104,301,110,60
1213,398,133.706555,370,287,111,60
1212,392,142.924206,370,281,107,60
1212,384,131.918482,355,274,103,60
1212,373,164.985878,73,272,178,60
1212,365,-174.614967,258,106,65,60
1212,353,143.351582,324,243,107,60
1211,342,176.887940,341,233,123,60
1211,333,179.212880,317,218,123,60
1210,321,178.583215,309,210,125,60
1210,314,169.450066,292,202,123,60
1209,302,178.596631,298,192,137,60
1208,294,172.215720,261,183,121,60
1208,286,177.845270,333,181,176,60
1208,274,167.580377,233,163,124,60
1208,267,144.490515,203,157,109,60
1208,254,135.490359,190,144,113,60
1208,246,-170.844852,159,140,93,60
1208,238,-173.484230,157,124,104,60
1209,227,161.740244,361,188,125,60
1209,219,-144.157508,192,110,131,60
1208,212,178.897013,147,97,128,60
1208,200,177.861823,127,89,123,60
1207,188,179.171814,110,77,107,60
1206,180,179.339277,97,69,97,60
1206,172,179.804817,80,57,80,60
1205,159,179.908757,69,49,69,60
1205,148,-178.849440,52,40,62,60
1205,141,-143.003330,44,29,38,60
1204,134,-174.544325,25,29,75,60
1203,131,177.066853,25,16,21,60
1203,131,172.515185,25,16,21,60
1202,132,162.191949,39,19,21,60
1202,133,151.829969,71,24,23,60
1202,135,128.489239,370,39,28,60
1203,136,103.914151,370,160,49,60
1203,137,95.269594,370,370,62,60
1204,138,64.538459,190,351,110,60
1206,139,50.313374,162,370,213,60
1199,142,50.697447,370,218,370,60
1191,146,44.748597,370,197,370,60
1182,152,41.088772,370,177,317,60
1177,156,45.929044,370,182,370,60
1173,157,54.972057,131,370,370,60
1167,158,72.139828,147,370,230,60
1163,159,83.984946,183,287,124,60
1156,158,102.523741,370,370,89,60
1152,157,113.698647,370,199,71,60
1149,155,124.293559,279,95,55,60
1143,151,133.785214,370,73,48,60
1136,147,136.011284,370,57,41,60
1128,144,128.829327,370,64,41,60
1124,143,115.859032,327,72,41,60
1123,143,98.325209,370,306,65,60
1122,145,71.696465,370,254,109,60
1122,146,50.203386,142,370,370,60
1122,147,33.498588,137,370,266,60
1120,150,29.042690,135,148,310,60
1116,155,24.860740,370,137,370,60
1111,159,29.894836,370,133,370,60
1108,161,37.468791,123,370,259,60
1103,163,49.082583,121,370,320,60
1100,164,56.040095,125,370,370,60
1097,165,65.570957,137,370,268,60
1092,165,78.644533,370,259,185,60
1088,165,89.868096,370,370,114,60
1085,165,97.697811,370,370,96,60
1079,163,113.190061,290,221,78,60
1076,162,121.695391,226,135,66,60
1072,160,127.500494,370,93,58,60
1067,157,129.739175,370,83,54,60
1057,153,131.142917,370,75,49,60
1051,150,127.817373,370,72,47,60
1048,150,105.538137,200,139,58,60
1048,151,86.469268,370,370,83,60
1048,152,55.808638,370,239,230,60
1048,153,41.527784,131,370,245,60
1044,157,33.540838,128,370,190,60
1039,162,32.025955,124,370,204,60
1035,165,35.586445,120,370,196,60
1028,169,45.698257,370,370,168,60
1024,170,57.125490,370,370,370,60
1019,172,70.231203,370,211,281,60
1015,172,79.039097,370,161,185,60
1011,172,81.094754,370,137,154,60
1005,171,102.555787,370,370,103,60
1002,170,111.672514,157,204,80,60
998,168,120.481026,138,135,71,60
993,165,132.781054,370,99,62,60
989,162,136.021589,370,77,55,60
979,156,136.932885,370,69,51,60
974,153,133.659466,370,68,48,60
972,153,120.310190,210,102,54,60
971,155,93.396377,123,272,73,60
972,156,72.279199,370,201,124,60
972,156,51.058863,370,370,370,60
973,157,32.493815,370,370,118,60
970,162,25.028192,370,370,140,60
965,166,24.500990,370,370,148,60
962,169,30.122857,370,370,138,60
958,172,35.565063,370,370,106,60
950,178,39.553325,370,370,97,60
944,182,41.146053,370,370,89,60
937,186,41.960373,370,370,80,60
928,193,43.534000,370,370,78,60
918,199,43.036964,370,370,71,60
912,203,40.394257,370,370,68,60
906,207,37.717129,370,370,68,60
899,213,37.530896,370,370,65,60
885,224,32.964713,370,370,62,60
875,232,32.675924,370,370,61,60
866,240,31.040798,370,370,56,60
857,248,31.357226,370,370,51,60
844,259,29.651082,370,370,341,60
836,268,26.881338,370,370,336,60
829,275,24.907245,370,370,330,60
823,283,23.304356,370,370,333,60
820,285,28.441268,370,370,321,60
817,287,34.295182,370,370,306,60
814,289,40.857823,370,370,290,60
809,291,51.939167,370,370,285,60
806,292,57.411870,368,329,282,60
800,293,71.983278,370,294,290,60
797,293,81.468394,370,271,313,60
793,292,91.500632,370,260,309,60
788,291,100.861225,309,259,243,60
785,290,110.522263,278,269,214,60
779,288,124.825119,259,288,71,60
775,285,133.258767,251,295,39,60
770,280,142.585193,250,224,23,60
763,274,149.166922,251,190,17,60
752,264,146.971842,243,185,23,60
744,257,146.507493,234,177,27,60
733,250,138.474492,213,190,144,60
725,245,134.163489,199,199,138,60
716,240,127.292982,189,224,138,60
709,237,119.985768,186,215,140,60
703,234,118.790594,182,202,141,60
696,232,121.761433,171,196,135,60
689,229,119.235730,165,182,134,60
677,224,122.760241,155,179,128,60
670,221,121.787238,148,171,125,60
663,218,124.431847,137,163,118,60
655,214,122.955191,128,150,114,60
644,209,125.541513,121,146,110,60
637,206,122.317250,110,127,107,60
630,202,124.200249,103,122,102,60
619,197,122.201543,94,111,100,60
612,194,122.331431,89,102,97,60
602,190,120.180615,79,88,94,60
596,188,121.853780,72,79,93,60
586,184,118.086524,61,66,90,60
579,181,119.698077,54,59,86,60
569,177,115.344381,44,45,86,60
562,175,116.292096,37,39,82,60
552,172,111.563752,27,26,62,60
546,171,110.318833,18,18,41,60
536,168,106.921904,7,7,14,60
531,168,104.763235,0,0,0,60
529,168,88.961464,0,0,0,60
529,169,68.867333,0,0,0,60
530,171,43.121853,16,3,3,60
531,171,24.208574,370,18,10,60
532,172,14.450950,370,48,18,60
533,172,9.365167,370,145,30,60
535,171,-0.058275,370,370,44,60
536,170,-6.801284,370,370,49,60
536,169,-10.878565,370,370,66,60
543,178,-15.618042,370,370,89,60
548,186,-17.481877,370,370,100,60
554,194,-19.380625,370,370,137,60
566,209,-20.769109,370,370,169,60
572,215,-22.301973,370,370,168,60
577,220,-25.331151,370,370,243,60
584,229,-24.809303,370,370,268,60
589,234,-21.995517,370,370,269,60
596,242,-19.035933,370,370,237,60
599,247,-14.146491,370,370,200,60
601,251,-9.863024,370,370,178,60
602,254,-7.447816,370,370,166,60
603,258,-2.878436,370,370,155,60
603,261,-1.366903,370,370,144,60
603,264,-0.053491,370,370,140,60
603,268,-0.002132,370,370,140,60
602,273,1.079479,370,370,135,60
601,278,2.444962,370,370,131,60
599,285,2.035837,370,370,130,60
597,296,2.637549,370,370,124,60
595,303,2.297575,370,370,121,60
592,315,3.881742,370,370,116,60
590,323,4.486865,370,370,111,60
587,335,3.698047,370,370,109,60
585,342,4.354908,370,370,104,60
583,350,3.938292,370,370,102,60
580,361,3.502974,370,370,100,60
578,368,2.170518,370,370,99,60
577,375,2.357378,370,370,97,60
575,386,2.408977,370,370,94,60
573,396,2.134842,370,370,93,60
571,403,2.133246,370,370,92,60
570,410,1.746306,370,370,89,60
569,417,0.969893,370,370,89,60
568,427,0.503857,370,370,87,60
567,434,0.394469,370,370,89,60
567,441,0.152266,370,370,89,60
567,451,0.119129,370,370,89,60
566,458,0.023995,261,370,87,60
566,468,0.182257,245,370,87,60
566,475,0.088754,235,370,87,60
566,482,-0.024984,221,362,87,60
567,488,-0.082717,213,356,89,60
568,497,-0.152401,206,350,92,60
569,504,-0.498131,192,340,93,60
570,513,-0.936556,185,334,94,60
572,519,-1.418425,178,328,97,60
574,526,-1.973710,165,318,104,60
575,532,-2.455720,158,312,107,60
578,542,-3.193902,149,306,113,60
581,549,-3.378930,141,300,116,60
583,555,-5.399934,131,290,128,60
587,566,-4.350040,118,283,128,60
589,573,-4.687570,107,276,131,60
592,580,-6.023602,93,266,144,60
595,587,-4.194623,79,258,142,60
599,598,-3.920668,68,250,149,60
601,606,-3.916926,55,242,147,60
603,614,-3.715066,42,234,147,60
606,624,-3.803037,31,226,157,60
610,638,-2.529781,44,211,159,60
613,649,-2.265520,54,200,165,60
616,659,-2.799347,69,190,166,60
619,675,-1.182472,96,174,168,60
620,685,-0.919238,235,164,168,60
622,695,-0.642301,213,149,169,60
623,708,-0.053411,197,140,168,60
623,716,0.002560,180,128,168,60
622,727,0.231278,168,120,165,60
620,737,0.654340,159,114,162,60
619,744,0.608538,144,104,149,60
618,750,1.533132,130,94,137,60
617,757,1.562678,120,87,125,60
614,768,3.265397,107,80,120,60
611,775,4.410580,90,69,106,60
608,786,5.077771,80,62,96,60
605,793,5.133955,71,54,83,60
602,805,5.689540,61,47,73,60
598,815,3.833465,42,32,49,60
596,822,3.008354,30,22,32,60
595,830,1.349703,21,16,24,60
595,832,0.024017,18,13,18,60
596,832,-1.937544,17,12,17,60
598,831,-13.735683,23,13,17,60
598,830,-24.655410,34,16,17,60
599,829,-41.462199,85,22,20,60
598,827,-67.209431,370,55,31,60
597,826,-89.013473,87,370,63,60
597,825,-108.470475,93,370,125,60
595,825,-126.184993,123,81,370,60
594,824,-142.486022,370,88,370,60
597,821,-145.975997,370,90,370,60
605,816,-144.716602,370,80,370,60
607,815,-137.406272,370,69,370,60
611,813,-129.190828,102,62,370,60
616,812,-113.678740,79,59,274,60
620,812,-104.093927,62,370,137,60
623,812,-93.605762,56,370,97,60
629,813,-77.120240,370,370,73,60
634,814,-66.676589,370,123,52,60
648,819,-58.829773,370,79,42,60
655,822,-52.181054,370,61,37,60
665,827,-49.209949,370,45,30,60
669,828,-57.117573,370,53,30,60
671,827,-83.617528,344,288,54,60
671,826,-103.455101,370,370,100,60
671,824,-133.440247,71,336,288,60
672,823,-147.347920,54,370,370,60
678,815,-152.992698,55,102,341,60
686,807,-156.483180,13,65,323,60
695,798,-153.660237,16,370,317,60
700,793,-147.852100,27,370,313,60
707,789,-134.722211,39,370,370,60
711,788,-123.410800,370,370,370,60
726,782,-119.386348,370,266,370,60
733,780,-108.192625,370,267,233,60
741,780,-87.764674,370,370,141,60
745,781,-76.266003,258,370,111,60
750,783,-60.763709,259,251,92,60
754,784,-55.672261,370,142,78,60
758,786,-52.457379,370,114,71,60
764,789,-54.489859,370,116,69,60
773,792,-58.338272,370,124,69,60
779,795,-57.769296,370,124,68,60
789,798,-60.738957,370,124,65,60
796,801,-60.873562,370,120,62,60
802,802,-61.956065,370,122,61,60
813,805,-64.196238,370,125,59,60
819,807,-68.774869,370,152,61,60
830,809,-69.963932,370,161,61,60
837,810,-75.737614,196,224,65,60
845,811,-76.809662,189,244,66,60
857,812,-81.321242,182,308,69,60
866,812,-83.120635,173,370,72,60
880,813,-89.357775,164,370,85,60
890,812,-93.005225,152,370,94,60
902,811,-96.459615,145,367,100,60
909,811,-101.662414,142,363,114,60
914,809,-105.224094,138,363,145,60
924,807,-111.270241,137,366,176,60
933,804,-115.829231,134,370,235,60
940,802,-116.323351,125,365,244,60
947,799,-115.945575,113,356,271,60
954,797,-118.969356,107,357,323,60
964,794,-112.914074,93,337,264,60
970,793,-108.444559,80,317,210,60
978,792,-93.183517,370,293,154,60
982,792,-82.967235,370,284,111,60
985,793,-71.969048,316,239,82,60
989,794,-62.807816,292,147,71,60
997,797,-61.755888,285,134,66,60
1003,799,-64.522954,279,143,66,60
1010,801,-66.822295,275,154,66,60
1021,804,-69.780215,272,171,66,60
1029,805,-70.251340,261,172,65,60
1040,807,-73.922328,257,206,66,60
1048,809,-75.929412,252,224,68,60
1059,810,-81.190948,257,212,73,60
1068,810,-85.895138,257,201,78,60
1080,810,-91.810404,257,188,86,60
1090,810,-92.333866,261,179,94,60
1098,809,-94.130126,252,167,103,60
1104,808,-102.499010,295,164,133,60
1114,806,-107.036956,310,160,152,60
1120,804,-110.862520,353,156,159,60
1126,802,-114.237093,370,154,151,60
1136,799,-118.683199,370,149,142,60
1143,796,-119.973272,370,149,134,60
1150,794,-120.391165,370,137,121,60
1157,791,-122.285638,370,132,114,60
1168,786,-124.636321,370,127,106,60
1179,782,-126.732600,370,116,94,60
1186,778,-126.757406,370,104,85,60
1196,774,-129.259858,370,99,78,60
1202,770,-131.427643,370,94,72,60
1210,766,-137.279704,370,94,66,60
1214,762,-137.926981,370,89,61,60
1219,758,-149.015600,370,99,58,60
1220,756,-157.379261,370,130,63,60
1219,755,-164.851080,370,251,78,60
1217,755,-176.502078,370,370,87,60
1217,755,-173.142551,370,370,94,60
1215,747,174.255648,154,370,124,60
1214,742,174.677098,370,370,118,60
1213,737,173.536561,142,370,135,60
1211,732,172.559834,137,370,144,60
1207,723,170.443389,130,370,162,60
1204,717,166.854750,120,351,182,60
1201,711,171.041620,370,370,166,60
1196,700,171.337393,370,361,172,60
1192,693,165.667092,370,352,175,60
1189,686,167.426097,370,311,207,60
1186,679,170.560348,370,322,193,60
1181,668,169.827428,370,287,227,60
1177,661,165.482456,370,281,228,60
1173,650,168.483683,370,259,250,60
1170,643,173.668790,370,295,203,60
1168,636,174.718558,370,283,210,60
1165,623,172.853474,370,281,204,60
1163,617,178.129368,370,370,193,60
1162,606,175.219191,370,370,200,60
1161,599,173.066099,370,233,231,60
1160,592,170.339977,370,370,190,60
1160,584,172.651053,370,223,226,60
1159,577,177.601059,370,370,202,60
1159,567,179.770597,370,370,192,60
1160,560,170.976817,370,211,219,60
1160,554,-175.371016,370,370,162,60
1161,547,-178.942578,370,370,182,60
1162,536,-173.467757,134,370,164,60
1164,529,-170.716138,135,370,155,60
1165,522,-168.002195,135,370,148,60
1167,514,-167.414819,131,370,142,60
1170,503,-171.109663,121,370,154,60
1171,495,-168.406915,124,370,140,60
1173,487,-165.929398,124,370,133,60
1176,475,-170.651047,118,370,134,60
1178,467,-171.501922,114,364,134,60
1181,456,-167.184707,110,351,133,60
1182,449,-166.254590,109,344,124,60
1184,438,-166.984765,103,333,127,60
1186,427,-169.858149,102,324,121,60
1187,420,-170.053885,99,317,118,60
1188,413,-177.113933,83,299,138,60
1190,402,-168.730038,79,290,140,60
1191,394,-174.267741,357,281,127,60
1192,384,-178.061466,369,272,137,60
1192,376,-177.410295,330,268,121,60
1193,365,-177.809214,309,259,117,60
1193,357,-179.668964,345,246,141,60
1193,346,-178.001665,330,235,142,60
1193,338,173.258408,370,227,188,60
1193,327,165.950366,370,221,193,60
1192,320,177.929196,370,215,203,60
1192,313,179.191902,283,198,147,60
1191,302,178.249509,278,190,152,60
1191,294,170.837530,262,183,148,60
1191,282,138.620107,179,142,85,60
1191,274,-144.580119,282,166,186,60
1191,266,165.312911,355,229,159,60
1192,258,171.064335,245,145,176,60
1191,247,179.576297,190,135,144,60
1191,239,168.323843,210,129,161,60
1191,231,-143.007569,203,122,149,60
1190,221,168.267019,224,114,125,60
1189,214,178.804509,142,99,137,60
1188,206,179.093916,130,91,127,60
1187,199,177.558780,124,84,113,60
1185,188,177.537802,111,76,103,60
1184,180,178.012378,103,69,92,60
1182,173,177.994848,92,62,85,60
1181,166,176.989568,76,51,69,60
1179,155,176.928171,65,44,59,60
1177,149,176.270915,56,37,49,60
1175,143,175.460815,44,28,37,60
1173,140,170.482681,44,26,31,60
1172,140,157.692383,56,28,30,60
1171,141,143.573160,193,39,32,60
1170,142,126.840986,370,65,39,60
1169,143,96.635677,370,148,54,60
1169,144,76.111375,182,319,125,60
1169,146,56.316206,147,370,360,60
1170,146,44.171604,370,370,370,60
1165,154,21.702706,370,139,370,60
1162,158,19.768908,327,129,370,60
1158,161,25.929513,370,131,370,60
1155,164,30.393136,370,136,354,60
1152,167,28.238025,370,133,355,60
1151,169,21.470121,370,117,370,60
1149,172,15.808807,316,109,370,60
1148,177,9.627384,276,104,370,60
1146,181,4.819342,240,98,155,60
1146,184,2.523773,226,94,141,60
1146,187,0.824585,216,91,130,60
1146,192,0.006871,209,370,120,60
1146,198,-0.079515,209,370,110,60
1147,205,-0.268795,206,370,100,60
1147,215,-0.405241,206,370,90,60
1148,222,-0.487891,203,370,80,60
1149,229,-0.652517,202,370,71,60
1150,235,-0.871243,199,370,56,60
1152,244,-1.505815,196,370,48,60
1154,255,-2.122919,190,370,37,60
1156,265,-2.693798,185,370,28,60
1160,276,-3.121663,178,370,83,60
1165,291,-4.827347,171,370,370,60
1169,302,-5.475011,161,370,370,60
1175,315,-9.404241,145,370,370,60
1178,320,-12.028862,134,370,323,60
1180,324,-9.030871,133,370,320,60
1181,328,-4.773231,144,370,370,60
1181,334,-1.222841,152,370,370,60
1181,338,-0.095651,158,370,370,60
1181,341,0.216792,159,370,370,60
1179,347,3.137486,169,370,370,60
1176,351,7.118013,196,370,370,60
1173,356,15.851722,234,370,370,60
1170,359,23.429279,312,246,370,60
1166,362,30.524077,370,254,370,60
1163,364,40.369354,370,370,52,60
1157,366,52.901532,370,370,41,60
1153,367,63.336350,250,50,27,60
1145,368,72.423510,259,31,18,60
1134,370,72.994826,271,8,6,60
1124,373,70.805235,264,2,1,60
1119,374,64.227774,0,0,0,60
1118,375,50.764693,226,12,4,60
1119,377,33.939803,370,370,20,60
1120,377,15.674887,370,228,370,60
1122,376,6.911898,312,215,370,60
1123,376,1.439484,250,370,370,60
1123,379,0.324847,243,370,370,60
1123,382,0.434373,243,370,370,60
1121,385,1.705596,248,370,370,60
1120,388,3.441793,258,370,370,60
1118,392,7.891321,285,198,370,60
1116,395,12.305944,319,198,370,60
1114,398,17.280355,370,200,370,60
1110,401,26.308604,370,211,370,60
1107,403,34.056256,370,370,370,60
1102,406,43.454988,370,370,370,60
1098,407,52.373014,195,370,370,60
1094,408,61.860023,204,370,370,60
1088,409,79.716660,370,370,299,60
1084,408,89.979200,370,370,295,60
1079,407,105.514935,370,370,370,60
1076,406,114.806552,370,370,341,60
1071,403,124.083098,370,272,47,60
1068,401,136.818749,370,272,32,60
1066,399,142.298189,370,370,18,60
1062,395,142.385948,370,359,18,60
1051,387,145.515142,370,361,24,60
1042,380,144.178380,370,333,31,60
1030,372,138.121916,370,346,42,60
1019,365,135.138905,370,212,258,60
1010,361,130.809386,370,199,257,60
994,354,126.464315,370,187,255,60
985,351,122.215486,370,169,255,60
978,348,123.342346,370,161,251,60
972,345,125.169934,370,155,247,60
964,342,128.653155,370,149,243,60
959,339,127.113182,370,142,237,60
952,334,133.673187,370,140,228,60
947,331,142.045837,370,135,224,60
943,326,146.707744,131,259,220,60
938,322,150.903526,123,241,219,60
932,315,157.866950,114,223,220,60
928,309,161.373246,107,207,217,60
922,301,164.746711,100,210,204,60
919,295,167.311421,93,186,212,60
916,289,161.971625,85,184,197,60
911,279,171.558277,79,176,190,60
908,272,166.709603,78,162,204,60
906,266,165.697766,66,157,176,60
903,259,170.167748,61,147,175,60
899,248,166.359648,54,140,165,60
896,240,173.216618,47,135,149,60
893,231,165.999002,226,120,137,60
890,222,175.213966,165,107,140,60
886,209,175.023753,155,99,125,60
883,201,174.540860,152,91,111,60
880,193,174.547101,123,78,102,60
876,182,169.831202,110,71,93,60
874,175,171.460708,100,64,82,60
871,168,170.724196,97,57,69,60
869,161,172.171049,76,47,58,60
866,155,172.349511,66,41,51,60
862,147,166.293369,59,35,42,60
860,145,160.716384,72,33,35,60
858,144,144.187295,124,38,34,60
856,144,130.554145,331,51,37,60
855,145,114.798318,334,81,45,60
854,145,97.004534,79,323,71,60
854,146,76.896588,44,328,123,60
853,147,51.722731,28,54,288,60
853,148,36.808229,18,25,329,60
848,153,34.509533,16,18,92,60
841,158,37.984449,7,9,54,60
836,159,58.693897,11,17,312,60
835,159,76.753523,21,49,217,60
834,158,97.520220,55,302,89,60
833,157,126.358646,317,126,61,60
834,156,142.622842,307,70,51,60
834,155,157.087371,116,46,45,60
831,149,160.031560,94,42,42,60
827,144,158.072047,78,33,34,60
825,143,149.866809,120,37,34,60
824,145,128.654522,298,63,41,60
824,146,100.503469,319,143,55,60
824,147,78.734968,44,295,118,60
825,148,56.562918,25,46,302,60
825,149,33.012057,17,21,303,60
817,157,30.650422,8,9,27,60
814,159,36.305078,7,8,32,60
811,159,48.609453,10,15,285,60
809,159,72.252583,17,32,290,60
808,158,89.485192,30,280,138,60
807,157,109.035976,307,201,71,60
807,155,135.982218,281,84,52,60
806,153,151.946997,147,47,44,60
803,149,157.101926,96,40,39,60
796,141,154.972024,79,32,32,60
794,140,144.644882,111,34,30,60
794,141,129.541001,269,46,34,60
794,143,104.369784,281,112,49,60
794,144,83.666153,344,261,76,60
795,145,66.393767,35,286,190,60
797,145,48.208794,24,37,271,60
799,145,31.793562,20,23,281,60
794,149,28.876446,17,18,288,60
788,154,30.486037,10,10,34,60
785,156,38.883220,10,12,264,60
781,157,58.705334,14,23,257,60
779,156,77.306676,23,269,217,60
777,156,98.470781,306,245,85,60
776,154,116.816185,258,127,59,60
774,152,140.418540,248,65,47,60
769,148,146.497056,221,49,41,60
760,140,148.160143,116,36,32,60
756,136,144.094535,135,32,28,60
753,135,132.105541,230,39,30,60
751,136,115.391224,233,85,39,60
750,136,94.062933,281,217,62,60
749,138,63.689891,370,228,137,60
749,139,46.591073,370,281,223,60
749,140,28.199060,24,370,238,60
747,141,22.469044,23,22,250,60
741,150,18.122765,16,14,255,60
735,159,19.872436,8,8,255,60
729,166,22.146336,370,370,231,60
724,169,39.042458,370,366,207,60
723,169,49.849400,370,284,197,60
721,169,67.847465,370,206,204,60
715,169,79.156940,370,192,188,60
705,170,83.239477,290,176,147,60
697,170,83.526827,261,164,141,60
686,170,85.555707,233,156,130,60
678,170,90.288690,203,144,120,60
667,170,92.737403,197,137,123,60
659,170,94.054352,173,129,111,60
652,170,90.347968,165,118,118,60
641,169,88.608101,157,111,118,60
634,170,89.070421,147,103,120,60
627,170,84.871173,141,96,124,60
621,170,82.596171,142,88,110,60
611,171,77.723640,138,82,99,60
605,172,77.691476,133,73,85,60
598,173,77.493348,120,66,76,60
588,174,74.706505,113,60,68,60
582,175,72.983468,104,52,56,60
576,177,69.423672,104,47,48,60
568,179,61.971153,109,42,41,60
567,180,40.509236,370,56,41,60
568,181,27.943755,370,81,47,60
569,181,18.840284,370,165,61,60
571,181,5.149726,370,370,79,60
572,182,0.857270,370,370,89,60
573,182,-0.960791,370,370,100,60
575,188,-4.239941,370,370,109,60
577,193,-6.758026,370,370,120,60
580,198,-9.740668,370,370,140,60
585,206,-12.215994,370,370,155,60
588,212,-14.116225,370,370,178,60
592,217,-15.211415,370,370,190,60
598,227,-16.175723,370,370,199,60
602,233,-16.078220,370,370,210,60
607,239,-13.358766,370,370,220,60
613,249,-15.285241,370,370,223,60
617,256,-13.891474,370,370,231,60
623,265,-10.722515,370,370,221,60
626,272,-9.667501,370,370,219,60
629,278,-8.562520,370,369,216,60
631,284,-7.043675,370,362,216,60
635,293,-5.464457,370,351,212,60
637,299,-4.877730,370,341,210,60
639,305,-4.602804,370,335,212,60
641,314,-2.587756,370,328,206,60
642,321,-0.992497,370,318,199,60
643,328,-0.928027,370,311,200,60
644,338,-0.171135,370,304,199,60
645,349,-0.184363,370,297,200,60
645,356,-0.027611,370,286,199,60
645,364,-0.054707,370,279,200,60
645,375,0.093280,370,268,200,60
645,383,0.160180,370,260,197,60
644,394,0.710947,370,249,197,60
644,401,0.429743,370,241,196,60
643,409,0.672494,370,234,193,60
642,416,0.700289,370,223,192,60
640,426,1.027693,370,216,190,60
639,433,1.748434,370,206,183,60
636,444,3.305428,370,370,175,60
633,455,4.242045,370,370,172,60
631,461,5.852181,370,370,162,60
628,468,5.052126,370,370,159,60
624,479,5.830036,207,370,149,60
621,487,6.947586,196,365,144,60
618,494,8.042134,182,354,137,60
613,506,6.990184,173,345,135,60
610,513,7.717607,164,337,131,60
607,521,6.108902,151,325,128,60
603,531,5.853850,145,317,127,60
601,538,4.755732,135,310,124,60
599,545,4.183416,124,300,123,60
596,552,3.296530,116,293,120,60
593,562,4.427512,107,287,116,60
591,568,4.676521,97,280,111,60
589,575,4.121618,85,270,109,60
586,584,3.435319,78,264,109,60
585,591,2.498210,69,256,106,60
583,601,1.572151,96,247,106,60
582,608,1.814657,110,240,106,60
580,619,1.776456,134,231,106,60
578,628,1.589104,296,216,100,60
577,639,0.486022,290,208,102,60
577,646,0.237211,278,198,103,60
577,653,-0.008194,269,191,103,60
577,662,-0.328618,261,185,103,60
578,667,-0.751369,255,180,103,60
579,673,-1.089620,245,171,109,60
580,679,-0.935652,237,165,110,60
582,687,-2.563237,234,160,114,60
583,693,-3.455162,227,151,121,60
586,701,-5.404594,226,147,128,60
588,707,-6.213352,221,141,137,60
591,713,-8.418788,220,135,148,60
595,721,-9.522380,219,128,155,60
598,726,-12.474184,219,122,141,60
602,732,-13.930046,217,116,131,60
608,740,-15.167090,214,112,124,60
614,749,-16.280920,206,103,113,60
618,755,-16.095491,186,96,107,60
625,763,-17.601700,182,89,96,60
629,768,-19.819625,180,82,86,60
633,772,-19.711728,171,78,82,60
639,779,-22.543388,172,74,75,60
643,783,-29.117768,227,75,69,60
648,786,-31.810527,269,73,65,60
652,789,-35.964750,370,75,62,60
659,792,-48.297053,370,81,61,60
661,792,-62.142498,370,105,65,60
662,792,-79.651250,370,370,92,60
663,790,-111.479793,30,331,220,60
663,789,-134.077176,8,5,6,60
663,787,-152.579574,28,9,8,60
670,778,-159.864723,18,4,3,60
675,773,-157.411415,0,0,0,60
678,771,-140.067930,0,0,0,60
680,772,-114.482239,8,370,370,60
682,773,-95.051840,370,370,165,60
683,775,-67.920839,370,370,110,60
684,776,-52.742581,370,149,85,60
689,779,-45.978271,370,107,75,60
695,782,-41.773918,370,93,69,60
703,787,-44.931100,370,89,66,60
708,789,-48.535943,370,95,65,60
713,791,-53.955138,370,109,66,60
715,790,-73.333338,298,176,76,60
715,790,-89.132534,288,370,100,60
714,788,-115.949970,370,290,195,60
714,788,-128.337598,102,370,370,60
718,785,-136.265739,66,370,370,60
724,781,-141.518627,58,370,370,60
729,777,-143.816916,56,370,289,60
739,769,-144.316051,59,370,276,60
747,764,-138.574386,370,370,370,60
763,753,-135.858820,370,370,370,60
771,748,-131.723702,370,370,370,60
778,745,-129.190753,370,370,370,60
787,742,-114.677965,370,197,370,60
791,742,-103.625123,370,200,272,60
795,742,-92.712150,370,370,200,60
800,743,-77.883031,192,370,158,60
804,744,-64.699321,197,280,125,60
811,748,-53.237228,204,206,114,60
817,750,-51.226751,370,172,107,60
827,754,-50.898999,370,161,103,60
833,757,-51.516885,370,157,99,60
842,761,-54.470064,370,161,97,60
848,763,-59.416031,370,180,99,60
854,765,-64.010784,370,216,102,60
860,766,-67.986054,158,254,104,60
868,768,-74.848130,149,324,110,60
874,768,-78.943253,144,370,117,60
880,769,-82.888888,137,370,128,60
889,769,-90.487731,131,370,147,60
895,768,-94.655699,127,370,165,60
903,767,-100.069071,121,367,182,60
910,766,-100.860610,117,364,200,60
916,766,-101.616922,109,356,207,60
923,765,-102.188128,100,350,212,60
934,763,-102.223503,93,341,210,60
942,762,-102.580271,85,335,220,60
950,761,-102.791287,73,323,223,60
958,759,-99.155832,63,311,206,60
971,758,-100.111783,51,298,212,60
984,756,-99.387701,41,284,210,60
995,755,-99.322023,370,273,212,60
1014,753,-97.181190,370,258,200,60
1024,752,-93.948072,365,241,189,60
1034,752,-94.428169,353,231,190,60
1047,752,-91.290728,316,221,175,60
1056,752,-88.358587,286,208,168,60
1068,752,-90.041351,282,200,172,60
1076,751,-90.052326,271,192,172,60
1084,751,-89.450852,252,180,172,60
1095,751,-91.105637,245,172,176,60
1103,751,-90.116298,227,161,173,60
1111,750,-93.703534,230,153,189,60
1122,750,-95.663602,224,147,192,60
1130,749,-98.447203,227,139,173,60
1137,748,-99.912990,221,129,155,60
1149,747,-96.654899,195,120,149,60
1156,747,-97.486781,175,112,144,60
1164,746,-94.673783,155,100,131,60
1175,745,-95.150792,151,94,118,60
1182,744,-98.469898,138,87,110,60
1189,744,-101.111370,134,77,92,60
1199,742,-104.884624,131,71,80,60
1205,740,-108.159528,134,66,72,60
1211,739,-111.308341,134,59,61,60
1217,737,-114.325698,138,54,54,60
1223,735,-119.450222,142,51,48,60
1225,733,-135.019567,337,58,47,60
1225,732,-150.233600,370,106,55,60
1224,731,-170.179005,370,330,78,60
1222,730,-175.405499,370,370,89,60
1221,731,143.350075,370,370,86,60
1221,731,171.352092,144,370,135,60
1219,727,166.944004,138,370,152,60
1214,720,166.043441,133,350,175,60
1212,716,160.929030,128,347,178,60
1208,711,157.186516,120,300,252,60
1204,706,158.534145,113,296,254,60
1199,702,157.260442,107,333,286,60
1191,693,151.695006,100,370,370,60
1186,687,154.941348,92,370,370,60
1182,682,153.808176,85,370,370,60
1176,674,158.119413,75,370,354,60
1174,670,159.626568,370,254,307,60
1172,666,167.896776,370,277,235,60
1171,661,175.309550,370,307,203,60
1170,657,177.433467,370,323,193,60
1170,652,174.027549,370,370,185,60
1169,646,176.740892,370,370,192,60
1169,635,172.122486,370,370,180,60
1168,628,179.385499,370,370,183,60
1168,619,178.772246,370,370,182,60
1168,608,-142.000575,370,370,186,60
1168,600,176.569305,370,257,207,60
1167,588,175.649194,370,370,370,60
1167,580,141.941464,370,370,157,60
1167,572,170.347184,370,370,193,60
1167,560,-144.121052,370,220,210,60
1167,554,175.731615,370,211,212,60
1167,548,-179.521702,370,370,166,60
1167,537,-173.392237,370,190,111,60
1167,529,-173.003765,370,370,176,60
1168,521,-171.792678,123,370,178,60
1168,510,-176.446656,123,370,161,60
1168,503,-170.662918,121,370,151,60
1169,496,-179.177132,110,370,171,60
1169,485,137.261695,104,370,173,60
1168,478,141.128389,104,367,161,60
1169,470,172.166104,89,359,216,60
1169,462,-176.232022,357,186,109,60
1168,451,172.721430,80,344,216,60
1168,443,169.446186,76,336,220,60
1168,435,167.359681,68,97,247,60
1167,428,169.398908,65,319,234,60
1166,417,172.032159,61,309,221,60
1165,409,176.967349,56,302,224,60
1165,401,168.178946,48,293,244,60
1164,391,166.788305,41,284,257,60
1164,374,168.377009,35,270,247,60
1164,362,178.269412,30,260,254,60
1163,351,166.089246,18,244,262,60
1164,334,-163.756053,231,172,111,60
1165,323,-167.068294,252,219,145,60
1165,311,-170.751984,243,199,154,60
1166,296,-168.467591,252,186,172,60
1167,288,-169.261441,245,177,176,60
1167,281,166.786333,333,240,173,60
1167,274,166.956423,295,163,189,60
1167,262,-143.991386,230,151,196,60
1168,255,133.363225,202,144,178,60
1168,247,-170.921683,159,135,144,60
1168,239,-179.093705,172,124,175,60
1168,227,133.871390,124,143,113,60
1168,219,-177.433406,130,111,142,60
1168,210,-178.188068,130,95,138,60
1168,202,-178.721542,120,87,125,60
1168,191,177.872963,124,80,104,60
1167,184,178.473115,130,75,89,60
1166,177,173.595656,97,66,90,60
1165,167,177.231300,80,55,75,60
1163,161,176.518150,73,49,66,60
1162,155,175.986645,61,40,54,60
1159,147,174.878527,55,35,45,60
1157,142,172.784978,44,27,34,60
1156,141,166.674414,51,27,31,60
1154,141,151.645130,73,31,31,60
1154,142,136.084150,370,51,37,60
1153,143,122.838244,309,75,42,60
1153,144,97.913174,370,335,66,60
1153,145,77.023103,370,370,100,60
1154,146,60.043387,151,370,276,60
1154,147,43.892712,137,370,370,60
1150,151,33.615844,370,164,305,60
1148,153,29.317556,370,145,345,60
1142,159,26.503134,370,134,370,60
1137,164,27.026727,370,130,370,60
1134,168,23.037656,370,125,370,60
1131,172,18.170643,370,111,370,60
1129,175,14.016817,336,105,370,60
1128,180,8.198869,295,100,370,60
1127,182,5.001214,271,96,370,60
1127,185,2.722177,254,92,138,60
1127,190,0.658907,241,88,127,60
1127,192,0.035296,237,85,120,60
1127,196,-0.224063,234,80,113,60
1129,202,-1.451762,230,77,107,60
1131,210,-3.054074,224,72,99,60
1133,215,-4.433490,212,64,85,60
1136,223,-6.741506,200,370,71,60
1139,229,-8.847785,190,370,63,60
1143,236,-13.225752,176,370,51,60
1146,241,-15.497881,165,370,45,60
1152,249,-16.220235,152,370,370,60
1161,261,-18.590882,142,370,370,60
1169,271,-20.952338,125,320,348,60
1178,281,-23.005301,114,269,336,60
1183,286,-19.517466,111,298,336,60
1185,290,-13.640374,118,370,348,60
1187,295,-7.158204,125,370,364,60
1188,299,-4.123507,134,370,370,60
1189,304,-1.215104,142,370,370,60
1189,308,-0.192848,147,370,370,60
1188,312,0.123865,149,370,370,60
1187,317,1.835767,154,370,370,60
1185,321,4.086866,164,370,370,60
1183,324,7.579006,179,370,370,60
1181,328,12.242105,219,370,370,60
1177,333,20.829859,276,272,94,60
1173,335,29.076455,370,293,62,60
1170,338,37.027337,370,370,48,60
1163,341,50.240569,370,370,39,60
1155,344,55.770417,370,64,25,60
1143,350,52.912124,255,36,16,60
1132,355,53.201823,250,24,10,60
1122,361,38.029498,237,14,4,60
1122,364,21.793782,370,245,28,60
1122,365,9.037850,305,227,370,60
1123,367,0.358038,251,370,370,60
1125,368,-0.626660,240,370,370,60
1126,374,-2.556967,227,370,370,60
1127,379,-2.076148,226,370,370,60
1128,383,-1.078098,228,370,370,60
1127,388,-0.057955,233,370,370,60
1127,391,0.153323,235,370,370,60
1126,396,1.593881,241,370,370,60
1124,399,4.026830,261,370,370,60
1122,404,7.414028,281,187,370,60
1119,407,12.697466,314,187,370,60
1117,410,18.559895,370,188,370,60
1112,414,26.637766,370,194,370,60
1109,416,34.249254,370,212,370,60
1105,418,42.035739,178,370,370,60
1101,419,54.800673,183,370,370,60
1095,421,64.916785,196,370,370,60
1090,421,79.400196,370,370,309,60
1086,421,91.142811,370,370,305,60
1081,420,101.625536,370,370,370,60
1077,418,114.370201,370,370,344,60
1074,417,119.329102,370,280,92,60
1070,414,133.307415,370,279,47,60
1067,412,141.443782,370,370,30,60
1064,409,138.140153,370,370,34,60
1056,401,150.005502,370,364,27,60
1050,396,148.541894,370,335,25,60
1041,389,145.420678,370,244,286,60
1028,379,141.131223,370,346,272,60
1013,371,134.567792,370,210,264,60
1003,366,131.581435,370,198,262,60
997,363,131.573680,370,188,268,60
988,358,134.392660,370,180,255,60
983,354,136.837420,370,178,248,60
977,350,130.854079,370,164,245,60
968,345,139.281790,370,158,241,60
963,341,141.677214,370,156,234,60
954,334,145.575158,151,150,228,60
948,329,146.867888,141,268,224,60
939,321,150.012185,127,244,220,60
934,315,152.026051,118,235,216,60
928,310,153.756990,106,221,209,60
920,301,155.467697,99,213,203,60
914,295,156.322357,86,199,196,60
906,286,157.451422,79,193,189,60
901,280,148.302095,71,190,180,60
895,274,155.815586,58,177,172,60
890,268,153.755666,51,174,165,60
880,258,156.202732,41,44,157,60
876,252,153.848703,32,37,151,60
872,245,157.887543,28,33,147,60
869,237,172.872174,20,134,141,60
869,234,171.786780,23,120,161,60
869,231,-172.823622,123,156,370,60
871,228,-173.556597,142,115,189,60
873,222,-168.294045,128,110,195,60
877,211,-173.437267,128,100,157,60
880,205,-172.068850,113,91,151,60
884,195,-163.588510,96,90,185,60
887,188,-161.751665,83,78,164,60
890,181,-160.846158,75,71,154,60
894,170,-165.220668,69,62,121,60
896,163,-174.531755,59,55,111,60
898,155,-162.968121,47,43,87,60
901,145,-165.442083,41,34,61,60
903,138,-165.363137,31,28,52,60
905,129,-165.391064,17,15,30,60
906,124,-168.799279,11,10,17,60
906,122,-168.163092,10,8,14,60
905,122,173.774781,17,9,10,60
904,123,169.690036,13,8,10,60
904,124,158.856816,25,12,13,60
904,126,144.613162,87,20,17,60
905,128,120.609575,370,38,24,60
906,130,100.997180,118,186,47,60
908,132,75.493443,65,370,86,60
909,133,44.187992,370,65,370,60
909,133,30.389487,370,370,370,60
903,139,24.894304,370,370,66,60
894,150,20.483711,370,370,38,60
889,155,22.761820,370,370,37,60
883,162,23.445195,370,370,30,60
872,174,21.977489,370,370,25,60
865,183,21.856239,370,370,23,60
858,191,19.414491,370,370,24,60
848,206,14.690960,370,370,30,60
844,214,11.745094,370,370,38,60
835,231,9.871101,370,370,48,60
830,244,5.711628,370,370,370,60
826,258,4.779535,370,370,370,60
823,270,2.463474,370,370,370,60
822,276,1.046965,370,370,370,60
821,283,1.565680,370,370,370,60
818,288,5.190130,370,370,370,60
816,292,9.670108,370,370,370,60
814,295,14.877598,350,355,361,60
809,300,24.253434,370,367,324,60
806,302,32.602146,370,370,293,60
800,305,44.959826,370,370,278,60
796,307,55.002707,348,329,271,60
789,309,71.748886,370,286,278,60
785,309,81.898878,370,254,312,60
780,308,90.917981,344,246,312,60
771,308,95.152839,313,241,286,60
765,307,98.350028,289,234,272,60
759,306,101.136320,271,230,259,60
750,304,108.496568,251,229,241,60
744,302,114.060447,228,232,220,60
737,300,116.893769,217,231,212,60
728,296,122.267169,209,230,204,60
721,293,124.505848,195,233,195,60
715,289,124.245174,189,226,190,60
704,284,128.143066,182,226,185,60
696,280,129.867053,173,220,179,60
689,276,131.666455,162,217,171,60
679,270,128.994660,155,208,166,60
672,266,130.656627,148,196,164,60
665,262,129.307168,141,187,159,60
655,257,126.445728,128,157,155,60
644,252,124.564027,117,140,152,60
637,249,123.440973,110,129,151,60
627,244,122.459689,103,122,145,60
620,241,122.860243,93,108,142,60
613,238,122.516759,86,99,140,60
607,235,120.001104,80,89,140,60
597,231,117.876362,73,78,140,60
591,229,114.113074,66,71,138,60
584,227,113.751791,59,61,140,60
577,225,113.226643,49,49,121,60
567,222,110.513940,42,41,93,60
561,220,109.139065,35,34,73,60
554,219,106.220255,24,22,44,60
548,218,103.914463,17,15,28,60
539,217,92.362098,10,9,14,60
537,218,80.135109,6,3,4,60
537,219,62.191072,20,7,7,60
537,221,33.457121,370,18,13,60
537,222,22.390978,370,54,23,60
537,223,11.486901,370,93,28,60
538,223,1.315830,370,370,44,60
539,223,-1.237109,370,370,49,60
540,223,-7.561499,370,370,58,60
541,222,-17.236433,370,370,96,60
548,230,-22.784981,370,370,124,60
555,237,-23.443399,370,370,171,60
562,244,-28.591966,370,370,193,60
567,248,-32.105796,370,370,305,60
572,252,-33.741323,370,370,370,60
577,256,-34.972708,370,370,370,60
587,263,-37.268557,370,370,370,60
592,267,-34.918120,370,370,370,60
598,273,-31.712585,370,370,370,60
601,276,-24.001481,370,370,353,60
603,279,-18.791594,370,370,265,60
605,283,-11.445499,370,364,195,60
606,288,-6.095952,370,356,173,60
607,292,-2.592880,370,352,158,60
607,295,-0.587058,370,370,148,60
607,301,-0.209786,370,370,145,60
607,311,-0.015480,370,370,145,60
608,318,-0.056396,370,370,147,60
609,325,-0.007908,370,370,148,60
610,336,-0.020595,370,370,148,60
610,344,-0.312910,370,370,151,60
611,354,-0.287312,370,370,151,60
612,361,-0.709293,370,370,155,60
613,368,-1.326514,370,370,158,60
615,375,-1.337157,370,370,161,60
618,385,-3.049839,370,257,169,60
620,392,-4.512083,370,252,179,60
622,398,-4.766295,370,242,186,60
626,408,-5.990591,370,236,197,60
630,419,-4.745782,370,229,202,60
633,426,-5.036074,370,218,206,60
635,433,-4.614325,370,207,206,60
638,440,-5.227538,370,200,213,60
642,451,-4.719771,370,193,213,60
645,459,-4.545411,370,185,219,60
648,467,-4.359736,370,177,221,60
652,479,-4.586247,370,165,227,60
655,487,-4.957817,370,157,235,60
657,494,-5.757902,370,149,240,60
660,502,-5.753144,370,138,251,60
664,513,-5.548271,370,130,254,60
667,521,-4.672017,370,123,254,60
668,528,-2.738110,370,111,245,60
671,539,-2.248995,370,104,248,60
672,546,-1.241319,370,93,244,60
673,556,-0.568676,370,86,241,60
674,563,-0.099031,111,79,241,60
674,571,-0.008125,96,68,240,60
674,582,0.002018,86,61,240,60
674,589,0.008907,76,54,240,60
674,600,0.039089,61,43,61,60
673,608,0.064116,44,31,44,60
673,615,0.072169,34,24,34,60
672,625,1.260932,20,14,20,60
670,628,4.787889,14,11,17,60
668,629,17.764861,13,11,20,60
666,630,30.961971,13,13,162,60
664,630,46.465492,17,22,141,60
662,630,63.774271,241,147,138,60
660,629,88.884816,224,129,152,60
659,628,110.427128,148,129,234,60
657,626,127.874040,130,162,370,60
650,622,134.408909,127,168,370,60
645,619,133.538467,120,164,370,60
635,613,133.281873,111,154,370,60
630,610,134.478221,104,146,370,60
625,606,138.066347,102,150,370,60
618,600,144.733937,99,159,370,60
615,597,153.055552,100,188,370,60
612,592,159.295056,104,240,370,60
610,588,165.578769,114,370,338,60
608,581,170.009573,118,370,324,60
607,577,173.259251,125,370,370,60
607,573,178.822564,141,370,370,60
607,568,-179.382921,161,370,370,60
609,562,-177.499111,151,370,370,60
610,558,-173.585531,162,370,370,60
612,554,-171.160793,189,370,370,60
616,550,-164.707330,221,370,370,60
618,547,-158.635533,306,321,370,60
621,544,-151.577796,370,289,370,60
627,541,-139.819165,370,370,370,60
633,539,-126.353770,370,370,370,60
637,538,-116.043964,295,370,337,60
643,538,-100.334257,370,370,370,60
647,538,-90.147553,370,370,370,60
654,539,-74.342008,370,370,370,60
658,541,-63.564895,370,351,128,60
664,544,-49.076411,370,370,109,60
668,547,-36.751027,370,370,100,60
671,550,-32.755399,298,116,97,60
675,553,-33.981735,296,110,93,60
679,555,-36.460068,281,366,90,60
683,558,-40.865224,370,370,89,60
690,562,-47.189835,370,370,86,60
695,564,-52.978788,370,370,87,60
700,566,-59.915185,370,370,90,60
706,567,-69.892298,370,318,317,60
711,568,-75.536329,370,268,337,60
716,568,-79.862570,370,237,358,60
721,569,-83.969193,369,370,370,60
730,569,-82.198762,364,370,370,60
736,570,-77.930757,355,213,355,60
742,571,-73.911338,353,225,337,60
751,574,-65.607482,370,251,316,60
756,576,-60.411751,370,370,293,60
761,578,-54.831642,370,370,282,60
770,582,-48.288518,370,370,274,60
776,586,-44.686851,370,370,269,60
782,589,-42.361228,285,364,265,60
789,593,-40.404729,172,339,258,60
798,599,-41.167018,168,336,254,60
805,604,-41.081800,164,331,250,60
811,608,-40.811159,158,321,244,60
820,614,-39.210918,157,306,237,60
827,619,-37.534080,157,292,233,60
836,626,-34.731599,158,278,228,60
843,632,-33.438032,159,266,224,60
849,637,-32.442692,161,251,216,60
858,644,-30.973062,159,238,210,60
867,652,-30.387750,159,231,206,60
874,658,-31.006191,370,222,196,60
880,663,-30.915824,370,216,190,60
889,671,-32.810262,370,211,182,60
896,675,-35.034216,370,213,176,60
905,682,-37.782324,116,214,172,60
911,686,-40.084717,109,216,168,60
917,690,-40.653113,358,212,161,60
925,695,-42.266409,351,213,158,60
931,699,-42.207733,347,205,155,60
937,702,-43.257863,338,207,151,60
946,707,-45.074291,330,202,147,60
952,710,-47.457489,323,209,144,60
957,713,-49.584703,314,218,142,60
966,717,-54.893628,309,231,141,60
972,719,-57.137792,305,249,141,60
978,721,-59.504305,299,270,142,60
988,724,-61.694125,293,277,141,60
995,726,-64.905980,290,305,142,60
1001,727,-67.421100,286,288,147,60
1007,729,-71.152680,288,274,149,60
1014,730,-75.598011,290,259,158,60
1023,731,-81.574649,302,247,172,60
1032,731,-84.865457,303,236,180,60
1038,731,-88.477377,310,226,195,60
1048,731,-91.359559,307,219,200,60
1055,731,-91.820730,305,209,209,60
1066,730,-94.212831,299,202,214,60
1073,730,-95.962371,303,195,228,60
1081,729,-94.931928,285,188,221,60
1088,729,-96.973285,285,178,223,60
1100,728,-97.378224,279,170,210,60
1108,727,-98.661261,274,162,197,60
1116,726,-96.927268,244,153,193,60
1128,725,-96.696293,231,142,175,60
1136,724,-99.604270,220,130,158,60
1143,723,-99.471457,207,123,149,60
1154,721,-103.817864,209,117,137,60
1161,720,-104.456834,213,112,125,60
1167,719,-106.946462,207,103,111,60
1177,717,-108.999525,197,96,103,60
1183,715,-112.155132,196,91,94,60
1189,713,-114.996780,224,86,83,60
1195,711,-120.204150,278,84,76,60
1203,707,-125.003829,344,82,69,60
1211,703,-129.324618,370,80,63,60
1215,700,-134.930834,370,81,58,60
1219,698,-142.195601,370,90,56,60
1219,696,-158.880360,358,125,62,60
1218,695,-167.246498,370,290,79,60
1217,695,-171.385676,370,370,89,60
1216,695,167.836753,124,370,370,60
1215,695,171.450916,370,370,142,60
1213,691,165.239826,370,332,173,60
1210,684,165.293119,370,351,157,60
1208,680,169.958887,370,341,164,60
1204,672,169.154490,370,326,175,60
1201,666,167.984636,370,324,175,60
1197,661,163.950643,370,285,214,60
1192,652,164.044427,370,286,207,60
1188,647,163.230651,370,260,245,60
1184,642,162.100064,370,246,259,60
1177,633,162.003837,370,235,276,60
1170,624,157.057090,370,239,370,60
1166,617,163.202190,370,212,295,60
1161,611,158.356533,370,188,361,60
1155,604,158.083170,370,184,355,60
1151,599,156.150150,370,370,370,60
1147,596,150.872471,370,370,370,60
1144,593,145.326687,370,370,370,60
1141,591,138.995834,370,370,258,60
1135,588,131.158691,370,370,190,60
1131,585,135.758248,370,370,199,60
1126,581,139.932140,370,370,223,60
1121,576,139.686046,370,370,207,60
1113,569,149.154198,370,370,370,60
1105,562,148.791867,370,370,199,60
1099,556,148.922475,370,370,228,60
1093,551,142.755983,370,370,168,60
1088,547,145.368441,370,370,141,60
1083,542,148.758014,370,370,145,60
1075,534,154.439357,370,370,144,60
1071,528,151.063283,370,370,109,60
1063,521,144.036711,370,367,109,60
1056,515,148.041445,370,370,106,60
1051,512,144.398669,370,345,118,60
1046,509,132.972125,370,312,178,60
1041,506,134.909085,370,307,175,60
1033,502,128.062402,370,370,370,60
1027,500,123.118580,370,370,370,60
1018,497,119.090128,370,370,370,60
1011,494,119.463585,370,370,370,60
1005,492,118.272585,370,370,370,60
1000,489,120.836169,370,370,370,60
992,485,130.735587,370,370,370,60
988,481,135.353568,370,258,370,60
984,478,143.520957,370,255,370,60
980,474,152.478842,370,270,370,60
977,469,162.194889,370,370,133,60
973,463,160.631507,370,370,134,60
971,458,162.576156,370,361,128,60
969,453,166.644154,370,348,121,60
967,448,166.812316,370,342,120,60
965,442,172.725249,212,330,110,60
961,434,171.185545,206,326,111,60
958,429,164.428729,199,322,113,60
955,424,166.987018,370,318,365,60
952,418,164.404530,370,315,348,60
946,412,160.570135,370,316,336,60
942,407,156.676207,370,318,324,60
936,400,160.236501,370,187,305,60
931,392,164.510328,370,298,317,60
928,387,166.902751,151,283,320,60
925,380,163.074883,140,279,300,60
922,374,164.541956,135,270,298,60
918,364,167.539822,130,264,292,60
916,358,168.444003,125,256,285,60
914,351,166.377333,117,244,276,60
912,344,168.598402,113,234,275,60
909,334,169.007569,107,230,259,60
908,327,167.814889,102,221,257,60
906,319,167.549093,94,210,243,60
905,311,164.815357,87,204,227,60
904,303,170.297383,86,191,230,60
902,291,173.263871,80,182,223,60
901,282,167.546846,73,176,203,60
900,274,168.205309,65,163,190,60
899,261,169.182330,62,153,188,60
898,252,173.851597,220,138,175,60
898,245,175.844106,202,131,169,60
899,234,-169.375978,142,128,247,60
899,226,-170.691200,145,116,188,60
900,219,-178.796378,144,104,149,60
900,208,-141.872358,182,100,116,60
900,200,-139.433621,159,91,109,60
901,192,171.740861,164,86,96,60
901,182,-179.453031,93,70,106,60
901,175,179.479637,92,60,79,60
900,169,175.955318,82,54,72,60
899,161,175.803668,71,48,65,60
897,156,176.381156,62,41,55,60
895,149,172.673187,56,36,47,60
893,148,165.704536,59,34,41,60
892,148,154.948347,78,37,38,60
892,149,137.848837,368,55,42,60
891,150,118.815576,370,100,52,60
891,151,88.824636,71,361,76,60
892,153,63.287849,34,107,152,60
893,154,35.100871,370,43,367,60
894,154,21.353504,370,370,37,60
891,158,18.301623,370,370,47,60
886,166,15.620000,370,370,49,60
884,169,10.738289,370,370,68,60
879,182,7.435074,370,370,82,60
876,190,5.863459,370,370,104,60
870,206,4.532511,370,370,370,60
868,216,2.646241,370,370,370,60
867,222,1.443028,370,370,370,60
866,231,0.582136,370,370,370,60
865,236,0.739675,370,370,370,60
864,242,1.688729,370,370,370,60
863,248,2.536634,370,370,370,60
860,256,4.844465,370,370,370,60
858,261,6.085982,370,370,370,60
856,266,6.795993,370,370,370,60
853,273,8.219113,370,370,370,60
850,278,9.925697,370,370,370,60
847,283,12.869268,361,370,370,60
842,290,18.547638,345,365,370,60
838,293,24.245465,370,370,357,60
835,296,30.674726,370,370,326,60
828,301,41.028600,370,370,312,60
824,302,50.616331,370,370,300,60
818,304,65.956190,365,330,302,60
814,304,78.295772,370,297,319,60
809,304,85.941136,370,279,354,60
803,303,103.151030,336,274,265,60
799,302,114.151494,296,286,111,60
796,300,121.883654,279,298,58,60
792,298,128.661981,265,313,25,60
786,294,137.742475,264,260,14,60
774,286,136.415974,255,236,20,60
767,281,133.002810,245,248,32,60
757,275,133.759794,231,244,51,60
749,271,127.797185,223,271,168,60
735,265,122.899387,214,260,166,60
728,262,118.606039,207,233,168,60
723,261,110.157714,207,212,176,60
717,260,106.831288,209,193,188,60
707,259,103.286214,206,184,193,60
700,258,100.904403,204,174,200,60
689,256,98.963053,195,162,204,60
682,255,96.569858,189,154,206,60
674,255,93.797696,185,140,213,60
663,254,91.914005,175,133,203,60
656,254,90.819557,169,125,183,60
648,253,84.481204,171,118,162,60
637,253,86.252961,161,107,142,60
629,254,88.142282,140,95,130,60
622,253,89.062970,127,88,121,60
611,254,87.573882,116,81,113,60
602,255,82.813947,110,71,93,60
596,255,78.301669,111,66,80,60
587,257,70.510317,123,60,65,60
582,259,64.929878,135,57,58,60
577,261,60.581696,171,54,49,60
571,264,50.479574,240,53,44,60
570,265,37.078632,370,70,47,60
571,266,17.936111,370,173,63,60
572,266,8.077017,370,370,79,60
573,266,0.122076,370,370,94,60
574,267,-1.274913,370,370,99,60
575,270,-3.836985,370,370,106,60
578,275,-7.787362,370,368,127,60
582,280,-14.161825,370,365,138,60
584,284,-17.537300,370,370,188,60
588,288,-17.971882,370,370,207,60
594,293,-27.865905,370,370,279,60
598,297,-30.585572,370,370,370,60
603,301,-33.670758,370,370,370,60
609,305,-35.705094,370,370,370,60
618,312,-34.092867,370,370,370,60
623,317,-30.233558,370,370,370,60
627,321,-27.311358,370,370,370,60
631,326,-22.696222,370,370,368,60
637,332,-19.333787,370,370,336,60
640,337,-17.216867,370,320,306,60
643,342,-14.286648,370,313,299,60
646,349,-9.435766,370,299,269,60
648,355,-6.682197,370,290,247,60
651,364,-4.157103,370,276,228,60
653,371,-2.395579,370,268,221,60
656,382,-2.017626,370,261,224,60
657,389,-2.073917,370,254,223,60
660,401,-1.867145,370,242,230,60
662,408,-1.615942,370,235,230,60
663,417,-1.516923,370,226,231,60
665,425,-1.820917,370,218,234,60
667,433,-1.777366,370,206,238,60
669,445,-2.145166,370,198,241,60
671,452,-2.592234,370,190,247,60
673,460,-2.442406,370,179,251,60
675,472,-2.126191,370,171,254,60
677,480,-1.462435,370,163,252,60
678,488,-0.886351,370,155,250,60
679,496,-0.847998,370,147,252,60
681,508,-0.499320,370,135,251,60
682,516,-0.555020,370,127,252,60
683,524,-0.386269,370,119,254,60
684,537,-0.185940,370,107,255,60
685,545,-0.231076,370,98,255,60
685,553,-0.174742,370,90,255,60
686,561,-0.161138,370,78,258,60
687,573,-0.182068,370,70,258,60
687,581,-0.288879,87,62,259,60
688,593,-0.254269,71,50,71,60
688,601,-0.127696,59,42,59,60
689,609,-0.006207,42,30,42,60
689,616,-0.130768,32,23,32,60
690,618,-3.652001,31,21,30,60
691,618,-10.567258,37,22,27,60
692,616,-27.399976,370,26,27,60
692,615,-41.552210,286,41,31,60
692,614,-64.508731,370,370,39,60
691,613,-82.097614,370,319,55,60
691,612,-100.826519,370,370,370,60
690,610,-121.632155,370,370,314,60
697,607,-126.386524,327,370,272,60
708,602,-131.836067,353,370,370,60
714,599,-132.204455,348,370,370,60
721,596,-131.041361,334,370,370,60
728,592,-125.808032,302,368,285,60
738,588,-122.186886,307,360,317,60
744,586,-118.036028,370,353,213,60
751,584,-115.543964,370,370,244,60
758,582,-113.881290,370,370,221,60
769,579,-109.496339,370,370,228,60
776,577,-111.936298,370,370,207,60
784,575,-113.621827,370,370,192,60
795,571,-116.445757,370,370,178,60
802,569,-119.518920,370,370,212,60
809,566,-123.069637,370,288,370,60
818,562,-127.457655,370,278,370,60
824,559,-130.803790,370,274,370,60
834,554,-131.566059,370,266,370,60
840,551,-129.006888,370,252,370,60
849,547,-122.338645,370,244,370,60
856,545,-116.786281,370,370,370,60
866,543,-109.953838,370,370,213,60
872,542,-105.974071,251,370,175,60
882,540,-99.785352,235,370,154,60
889,540,-97.729417,224,370,141,60
896,539,-98.451378,213,370,140,60
903,538,-101.275565,210,368,154,60
913,536,-108.520408,212,370,370,60
919,534,-113.091657,212,370,370,60
925,532,-118.384273,370,370,357,60
930,530,-122.026532,370,370,347,60
939,527,-121.301216,370,370,340,60
945,525,-117.691987,195,365,337,60
951,524,-113.469217,176,344,338,60
958,522,-108.702622,161,325,341,60
969,521,-103.037834,147,312,343,60
976,520,-100.342219,137,299,347,60
983,519,-96.223686,370,283,360,60
993,519,-92.787568,370,274,370,60
1001,519,-88.812973,370,267,370,60
1008,519,-85.635950,337,257,370,60
1019,520,-82.600383,313,250,370,60
1026,520,-83.707684,303,240,370,60
1034,520,-93.226292,316,232,340,60
1038,519,-103.240215,370,231,283,60
1042,518,-111.789794,370,241,244,60
1047,516,-129.452461,90,285,224,60
1049,514,-133.460423,97,307,223,60
1053,510,-142.662932,141,370,228,60
1057,507,-153.199621,370,370,234,60
1063,500,-150.918374,370,370,237,60
1068,495,-155.796742,100,370,219,60
1072,490,-156.303141,128,370,224,60
1078,484,-149.345665,52,370,207,60
1085,476,-149.362817,49,370,204,60
1090,470,-150.227250,45,370,207,60
1099,461,-155.345729,58,350,189,60
1109,452,-145.379848,65,331,178,60
1120,444,-138.441948,80,273,164,60
1127,440,-130.204701,336,190,144,60
1142,433,-129.919757,331,174,135,60
1151,428,-132.246682,326,164,124,60
1158,424,-128.991099,321,145,113,60
1164,420,-130.763464,314,143,107,60
1172,414,-137.430578,309,170,106,60
1177,411,-136.639303,303,141,96,60
1181,407,-140.194832,299,146,94,60
1188,401,-142.886813,298,157,92,60
1191,396,-146.198484,293,147,87,60
1195,392,-153.536953,295,190,90,60
1199,386,-162.882538,303,254,94,60
1200,383,-170.435621,326,273,107,60
1202,377,-175.209053,337,266,114,60
1202,373,-177.376693,353,260,123,60
1202,369,-179.286651,354,254,127,60
1202,364,178.782974,370,252,142,60
1201,361,170.057517,370,248,151,60
1199,357,174.321602,370,247,162,60
1197,353,169.845891,370,246,190,60
1195,350,166.744035,370,242,200,60
1191,344,163.454915,370,241,217,60
1188,340,159.574922,34,266,238,60
1184,335,158.548419,370,238,243,60
1179,331,156.552241,370,238,234,60
1169,321,154.290186,370,234,226,60
1162,314,153.815111,312,227,213,60
1155,307,152.128545,303,221,204,60
1145,299,149.777906,296,217,197,60
1140,293,148.646311,289,214,190,60
1134,289,145.757490,283,215,185,60
1125,282,144.475719,274,212,175,60
1117,275,142.867605,266,208,169,60
1111,271,142.491533,262,208,165,60
1105,267,141.937636,252,201,159,60
1096,262,139.826874,245,200,155,60
1090,258,137.030274,244,206,152,60
1085,255,132.893513,245,219,149,60
1076,251,127.051191,248,233,148,60
1070,249,123.612320,254,254,149,60
1064,247,120.100251,370,278,151,60
1054,244,116.245369,370,310,152,60
1048,242,113.480530,370,361,155,60
1038,240,107.566227,370,370,162,60
1032,240,102.955595,370,162,171,60
1025,239,99.552426,370,160,179,60
1016,239,90.556024,370,159,196,60
1010,239,89.340959,370,161,220,60
1004,240,84.763374,370,166,245,60
997,240,80.547108,370,170,272,60
987,242,75.936231,370,171,296,60
980,243,74.787871,370,370,121,60
973,245,73.161158,370,370,114,60
961,247,72.286806,370,370,107,60
955,249,68.009946,370,370,103,60
949,250,62.919525,370,370,103,60
942,254,54.056946,370,370,106,60
938,256,47.969928,370,370,113,60
934,259,39.478800,370,370,370,60
930,263,30.433493,338,370,370,60
927,266,24.474104,345,370,370,60
924,271,18.487145,355,370,370,60
920,275,18.255447,351,370,370,60
917,280,19.776580,341,370,370,60
910,288,23.077335,331,370,370,60
905,293,25.750903,321,370,370,60
900,298,28.090895,306,370,370,60
895,303,30.901634,370,370,370,60
887,310,31.939357,370,370,370,60
882,314,32.695036,370,370,370,60
876,318,34.467186,370,370,361,60
871,322,36.526464,370,370,353,60
862,327,42.218059,370,370,343,60
857,331,44.971426,370,370,333,60
850,334,50.101605,370,370,327,60
844,337,54.157832,370,370,321,60
837,339,57.158066,320,367,314,60
827,343,64.052141,324,344,312,60
820,345,68.542376,336,319,313,60
813,346,70.437712,347,301,313,60
805,348,72.123209,370,286,306,60
794,350,73.409895,370,280,296,60
786,351,71.799999,370,271,288,60
775,353,73.838982,370,258,278,60
767,354,75.961623,370,246,275,60
759,355,75.877191,370,233,262,60
749,357,73.111281,370,226,254,60
745,358,66.652352,370,229,235,60
738,361,56.458402,303,245,217,60
733,363,53.849656,295,252,210,60
726,366,51.022544,285,255,199,60
720,369,50.969778,282,248,193,60
710,374,51.190553,279,240,188,60
704,377,49.375194,274,238,180,60
697,381,48.030849,268,229,171,60
688,386,48.986693,265,219,165,60
682,389,44.634019,262,212,158,60
676,392,42.247978,255,224,152,60
670,396,39.534674,251,230,147,60
663,402,33.191050,247,247,145,60
658,406,28.038387,247,294,145,60
652,412,25.427409,245,326,147,60
648,417,22.346989,244,352,145,60
645,421,18.472418,244,370,147,60
640,428,14.622592,244,370,147,60
635,436,12.620447,370,370,147,60
632,441,11.956136,238,370,144,60
629,446,11.256688,233,370,142,60
625,454,8.899653,227,370,141,60
622,460,7.820836,224,370,142,60
620,465,6.305750,370,370,144,60
618,473,3.373321,370,370,148,60
617,479,3.225250,370,369,149,60
615,487,1.234492,370,362,151,60
614,493,1.197588,202,351,151,60
614,503,0.839867,189,341,152,60
613,509,0.398939,182,335,152,60
613,518,0.021328,175,329,154,60
613,524,-0.022929,166,323,154,60
614,530,-0.181209,154,314,155,60
616,538,-0.858607,148,309,158,60
617,543,-2.191536,141,303,162,60
619,549,-3.011843,134,295,173,60
622,556,-5.885737,130,291,180,60
624,562,-8.369299,128,78,207,60
627,567,-11.014329,128,74,227,60
631,574,-12.686358,124,69,244,60
635,580,-13.902881,123,65,265,60
639,585,-16.407313,114,58,296,60
645,593,-17.098426,104,52,290,60
649,599,-17.978133,96,47,49,60
654,604,-19.852867,86,39,41,60
661,613,-18.682780,68,32,34,60
665,617,-21.892700,56,26,27,60
666,617,-35.793719,347,33,28,60
667,615,-60.503482,370,55,35,60
667,615,-82.511686,370,309,62,60
667,614,-103.162711,370,370,370,60
666,613,-121.689275,337,370,329,60
665,612,-141.352037,370,370,370,60
669,609,-144.796020,370,370,370,60
676,603,-143.146933,370,370,370,60
682,599,-142.202473,370,370,370,60
688,595,-140.766988,370,370,370,60
698,589,-138.495212,370,370,370,60
705,585,-135.694597,370,370,370,60
715,579,-131.040326,330,370,370,60
722,576,-128.721564,300,370,370,60
729,573,-126.807227,271,358,370,60
739,569,-124.465704,319,345,370,60
749,565,-123.172834,347,338,370,60
756,562,-121.325345,370,332,314,60
763,560,-118.362518,370,324,275,60
774,557,-115.465610,370,315,233,60
781,555,-113.411242,370,370,203,60
789,553,-111.823719,370,370,193,60
800,550,-112.881310,370,370,204,60
808,548,-114.151293,370,370,214,60
814,546,-115.601570,370,370,254,60
824,542,-117.302302,370,370,370,60
834,539,-119.465435,370,252,370,60
841,536,-120.930084,370,246,370,60
847,534,-122.333017,370,235,370,60
854,531,-121.202043,370,227,370,60
863,528,-119.890153,370,221,370,60
874,525,-116.651995,370,370,370,60
881,523,-113.737790,370,370,370,60
888,521,-111.113084,370,370,370,60
899,519,-107.707205,219,370,370,60
907,518,-103.362824,197,368,370,60
918,516,-99.328110,182,351,370,60
925,515,-97.612030,172,342,176,60
936,515,-93.407377,164,333,162,60
944,514,-92.851044,155,325,159,60
951,514,-93.465519,145,314,370,60
958,514,-93.786843,140,307,370,60
965,513,-97.010117,134,301,370,60
974,512,-104.911193,131,300,351,60
980,511,-104.385746,128,298,333,60
987,510,-102.388626,116,284,329,60
993,509,-99.792009,370,276,331,60
1004,508,-96.501381,370,265,333,60
1012,508,-96.117163,370,256,333,60
1018,507,-97.298816,370,252,313,60
1025,505,-110.746146,370,255,272,60
1028,504,-117.187188,168,256,261,60
1031,502,-125.096436,93,291,241,60
1036,499,-141.202754,121,358,240,60
1040,495,-138.847474,120,365,238,60
1045,491,-141.071280,147,370,240,60
1050,487,-144.960352,109,370,230,60
1057,480,-150.962662,83,370,223,60
1062,475,-145.837089,106,370,228,60
1067,470,-146.822693,76,370,223,60
1075,462,-151.240026,35,363,207,60
1081,457,-150.663590,31,370,210,60
1088,449,-147.536143,32,370,206,60
1097,440,-151.410586,47,328,188,60
1104,435,-144.878849,48,326,180,60
1112,430,-138.747984,75,247,162,60
1121,425,-130.208607,320,198,151,60
1135,419,-125.650739,323,172,142,60
1144,415,-119.466964,326,143,128,60
1151,411,-128.548507,309,152,120,60
1157,408,-131.606621,303,153,114,60
1165,403,-136.588402,299,153,110,60
1170,400,-133.282451,295,159,106,60
1177,395,-138.757903,290,133,97,60
1181,391,-141.249968,283,150,94,60
1185,387,-153.781164,289,211,100,60
1190,381,-151.287732,283,198,96,60
1193,377,-155.554956,283,214,96,60
1195,372,-159.977644,285,258,97,60
1196,368,-164.774901,292,263,103,60
1197,363,-176.053187,309,253,114,60
1197,359,-169.237062,334,246,130,60
1196,356,175.111515,48,309,250,60
1195,352,177.357977,354,237,151,60
1192,347,171.178497,370,236,168,60
1188,338,168.272351,370,242,250,60
1184,331,168.669127,370,221,210,60
1178,321,166.831548,370,215,224,60
1175,315,165.241307,370,210,237,60
1171,309,164.421162,370,203,223,60
1165,300,162.177186,370,198,214,60
1160,295,160.070311,370,208,196,60
1155,289,160.209422,370,187,195,60
1151,283,158.345308,370,183,185,60
1144,276,156.173256,370,180,178,60
1139,271,154.272004,370,176,168,60
1131,264,150.938529,370,177,162,60
1123,258,149.724502,370,172,154,60
1118,253,147.855653,370,168,148,60
1111,247,143.839119,370,170,140,60
1103,243,139.562652,241,175,137,60
1098,240,135.802624,241,185,133,60
1093,237,131.022536,247,200,133,60
1085,234,124.249481,252,220,133,60
1079,232,118.703083,370,273,138,60
1070,230,109.640451,370,370,148,60
1065,229,104.331149,370,370,158,60
1056,228,95.898895,370,185,173,60
1048,229,87.315181,370,192,200,60
1042,229,83.666363,370,197,220,60
1036,230,79.813046,370,210,261,60
1030,231,78.292696,370,209,276,60
1020,233,74.337891,370,370,307,60
1014,234,72.367726,370,370,341,60
999,238,68.671788,370,370,137,60
992,240,67.575093,370,370,133,60
980,243,69.649968,370,370,121,60
972,245,70.511369,370,370,114,60
965,247,65.911410,370,370,111,60
956,250,61.423744,370,370,110,60
950,252,57.321242,370,370,110,60
946,255,50.398158,370,370,117,60
941,257,42.980715,370,370,127,60
937,261,33.694986,337,370,370,60
934,264,27.088752,343,370,370,60
931,267,23.784395,345,370,370,60
927,273,19.287729,348,370,370,60
923,278,20.042807,345,370,370,60
919,283,21.212905,336,370,370,60
914,288,22.222838,327,370,370,60
909,294,23.276225,319,370,370,60
901,302,26.689146,309,370,370,60
896,307,28.322585,300,370,370,60
890,312,29.451574,370,370,370,60
885,317,31.524950,370,370,370,60
876,324,34.369530,370,370,364,60
870,329,35.930451,370,370,357,60
864,333,37.356684,370,370,344,60
855,340,38.632387,370,370,337,60
849,344,38.442038,370,370,330,60
843,348,40.599993,370,370,320,60
837,351,41.628162,370,370,313,60
830,355,45.075050,370,370,305,60
820,361,46.508858,370,370,298,60
812,365,48.508004,370,370,289,60
805,369,47.605503,370,370,279,60
798,372,49.222329,370,358,271,60
787,378,49.780999,274,345,264,60
777,382,49.912926,269,325,254,60
768,387,48.700769,262,320,241,60
761,390,50.976864,261,301,234,60
751,395,48.840522,255,301,227,60
741,401,46.746710,250,296,217,60
735,404,44.669373,245,302,213,60
729,407,44.019425,240,293,203,60
723,411,43.929010,235,286,197,60
715,416,43.041003,233,282,193,60
709,419,41.959806,228,276,188,60
703,423,40.976164,223,273,179,60
695,429,37.089728,220,284,176,60
690,433,33.923174,216,299,173,60
685,437,31.652241,212,314,169,60
680,441,29.736954,209,324,166,60
674,448,24.989355,207,355,166,60
670,452,23.032042,204,370,166,60
664,460,21.148606,200,370,165,60
660,465,17.861531,196,370,165,60
656,470,18.343668,190,370,159,60
651,477,15.204615,188,370,158,60
648,482,14.826767,185,370,158,60
645,487,11.897292,182,366,161,60
641,495,10.358776,178,359,161,60
638,500,7.721328,175,352,161,60
636,507,5.385641,172,341,165,60
634,513,3.619820,171,335,171,60
633,521,1.050382,166,326,176,60
632,527,0.530815,158,320,176,60
632,532,0.173471,151,107,179,60
632,538,0.001254,142,101,180,60
632,544,-0.098958,134,95,180,60
632,552,-0.333917,127,90,180,60
633,558,-0.634838,116,81,185,60
635,567,-1.153432,107,75,188,60
636,573,-1.913303,99,69,189,60
637,578,-2.012315,89,61,196,60
640,586,-3.327520,85,56,206,60
642,591,-6.321304,76,48,224,60
646,599,-8.382894,71,44,237,60
649,604,-8.975363,62,38,247,60
652,610,-10.292873,51,30,35,60
655,616,-10.955463,42,24,28,60
660,624,-12.945197,34,19,23,60
664,629,-14.417974,25,13,16,60
665,630,-25.420261,34,13,13,60
668,631,-47.024105,333,19,16,60
669,630,-68.310296,370,45,24,60
670,629,-91.286298,370,279,56,60
670,627,-121.144209,370,370,370,60
670,626,-139.064048,370,370,285,60
669,626,-153.928868,370,370,370,60
673,620,-160.558506,370,370,370,60
677,615,-161.737533,370,317,370,60
681,609,-162.241156,370,311,370,60
688,600,-161.087111,370,312,370,60
693,594,-160.601523,370,336,370,60
700,584,-160.626722,370,329,370,60
705,577,-161.388407,370,318,370,60
713,568,-162.177200,370,328,370,60
717,562,-160.966254,370,338,368,60
725,553,-158.356549,370,370,361,60
730,547,-157.164464,370,370,353,60
736,541,-155.308238,370,370,344,60
744,532,-154.592185,370,370,337,60
750,527,-153.227065,370,370,330,60
755,521,-152.896469,370,370,324,60
764,513,-152.129488,370,370,312,60
771,507,-151.360683,370,370,299,60
777,501,-150.761145,370,370,292,60
785,493,-151.335927,254,370,288,60
791,487,-153.429446,370,370,269,60
797,481,-146.473536,195,370,268,60
804,474,-155.204619,370,370,250,60
812,466,-155.411146,237,370,238,60
819,458,-155.113332,200,370,231,60
824,453,-154.928124,157,370,224,60
829,448,-148.829556,161,370,219,60
836,440,-155.903957,142,360,206,60
840,435,-153.059144,149,362,202,60
846,427,-157.378512,134,334,190,60
849,421,-163.741400,131,324,183,60
853,416,-156.619478,144,330,175,60
856,410,-158.517148,140,319,169,60
860,404,-161.363118,134,307,370,60
864,396,-161.930753,135,303,370,60
866,390,-164.498600,125,287,370,60
868,385,-166.033688,123,279,370,60
870,377,-169.334861,116,272,370,60
870,374,-169.906909,107,262,370,60
869,369,167.526956,351,91,264,60
868,366,170.819704,87,133,310,60
867,363,171.526200,86,133,309,60
865,359,170.679943,83,127,303,60
862,354,167.588997,79,116,292,60
857,346,165.248132,69,96,272,60
853,340,165.222947,62,85,264,60
849,334,164.236212,52,71,251,60
845,327,165.001718,45,62,245,60
842,321,160.224312,38,49,228,60
841,317,169.153806,38,53,240,60
842,315,170.781969,38,58,248,60
844,313,-172.124351,58,207,370,60
845,311,-169.570548,48,198,313,60
848,310,-150.440568,66,212,370,60
851,309,-135.697521,203,257,370,60
857,306,-130.182153,202,311,233,60
862,304,-122.828267,206,370,138,60
869,301,-125.501412,204,365,131,60
874,298,-133.460614,196,296,370,60
878,296,-136.512855,190,269,370,60
883,292,-141.373839,185,236,370,60
888,288,-149.531759,182,215,370,60
891,284,-149.251307,183,195,370,60
893,281,-161.777228,186,177,370,60
895,277,-159.673731,179,178,370,60
897,273,-162.499772,180,170,361,60
897,270,-166.058527,182,161,302,60
898,266,-168.088253,183,156,275,60
898,263,-168.887572,180,152,262,60
898,260,168.887864,54,51,152,60
898,255,173.944497,221,141,180,60
897,246,171.688137,51,137,161,60
896,239,168.654681,221,129,155,60
896,233,167.332299,219,121,141,60
895,225,173.735682,178,111,140,60
893,214,178.602918,157,103,137,60
892,208,176.549207,141,93,124,60
890,203,175.858558,134,88,116,60
888,195,173.358430,130,83,106,60
885,190,171.126596,128,79,99,60
883,185,169.232727,124,72,85,60
878,178,165.249727,128,69,78,60
875,174,163.302270,128,65,71,60
872,170,160.984787,128,60,63,60
867,164,155.472097,134,57,58,60
863,161,150.496146,182,57,52,60
861,161,133.828368,338,68,52,60
860,161,119.003338,336,100,59,60
859,162,101.158016,66,290,82,60
859,163,83.876205,30,326,125,60
860,164,57.303016,16,39,227,60
861,164,43.177451,3,4,336,60
856,168,39.182986,0,0,0,60
846,173,52.277907,0,0,0,60
842,174,65.512676,3,5,298,60
839,173,92.086219,13,69,157,60
838,172,109.823687,38,310,100,60
837,171,128.029700,319,147,75,60
838,169,153.142583,316,73,61,60
838,169,158.006013,144,61,61,60
836,166,156.994064,141,58,58,60
831,159,157.561576,113,51,52,60
828,155,155.854997,113,48,48,60
826,154,146.847610,202,52,45,60
825,154,132.723173,299,70,48,60
824,156,105.214885,310,131,61,60
825,157,84.406691,52,292,92,60
825,158,63.904814,24,71,179,60
825,160,38.290830,8,11,302,60
819,165,32.123658,1,2,6,60
813,169,38.629018,0,0,0,60
811,170,51.173131,0,0,0,60
808,169,70.523066,6,9,289,60
807,169,87.731974,18,277,151,60
806,167,107.403231,310,258,83,60
805,165,135.848560,279,106,63,60
805,163,149.252587,288,66,55,60
802,160,150.394373,193,59,52,60
795,153,151.624566,151,50,45,60
791,150,146.703800,162,47,41,60
789,151,127.814859,264,62,44,60
789,152,111.375897,269,107,54,60
789,153,89.258244,357,255,94,60
790,153,72.360112,31,269,161,60
791,154,53.450067,18,30,265,60
794,154,35.433067,13,16,269,60
790,157,32.241586,8,10,38,60
783,161,43.835366,6,8,258,60
780,162,56.701025,11,18,255,60
776,162,83.041767,21,255,176,60
774,160,103.749151,316,242,96,60
773,159,122.844428,259,152,68,60
772,157,142.725403,251,61,49,60
769,154,145.025198,250,54,45,60
763,150,147.157669,186,47,41,60
756,144,140.416022,237,46,37,60
753,144,126.722207,228,55,38,60
752,144,111.453795,238,125,52,60
750,145,81.475587,286,217,78,60
749,146,61.959698,370,230,159,60
749,147,36.559392,21,310,223,60
750,148,21.782670,16,17,241,60
748,151,19.308160,13,13,255,60
742,158,16.691795,7,7,259,60
736,166,27.963699,370,370,240,60
733,167,40.310730,370,370,219,60
731,168,58.639983,370,239,206,60
730,167,78.103850,368,202,166,60
725,166,88.150656,296,195,127,60
719,166,87.040585,285,188,125,60
713,167,85.628701,275,180,130,60
707,167,84.344209,272,174,133,60
698,168,79.286178,285,170,148,60
693,168,75.151022,307,167,169,60
685,170,68.560193,355,165,172,60
680,172,65.183383,370,165,162,60
675,173,61.433752,370,166,154,60
671,175,56.999188,370,169,145,60
663,179,53.076173,370,172,140,60
658,181,49.722006,370,172,131,60
651,185,44.233933,370,177,127,60
647,188,39.659864,370,193,124,60
641,192,34.195152,370,208,123,60
637,196,30.497232,370,230,121,60
633,200,28.257867,370,241,120,60
627,205,26.134751,370,271,120,60
624,210,25.098925,370,261,117,60
621,214,20.072956,370,306,117,60
618,218,17.301458,370,350,118,60
614,224,12.091956,370,370,120,60
611,229,9.686032,370,370,121,60
609,236,6.449336,370,370,131,60
607,241,4.087804,370,370,133,60
606,245,1.783380,370,370,138,60
606,252,0.395737,370,370,140,60
606,256,0.025324,370,370,144,60
607,261,-0.467288,370,370,144,60
608,266,-1.428570,370,370,147,60
609,273,-3.165167,370,370,155,60
611,277,-4.885403,370,365,164,60
613,282,-5.896078,370,359,178,60
617,289,-8.614039,370,355,189,60
619,294,-9.804502,370,350,206,60
623,301,-13.798154,370,348,227,60
627,306,-16.443647,370,347,251,60
630,311,-15.093483,370,341,268,60
636,318,-20.196155,370,370,334,60
641,323,-23.268680,370,370,370,60
648,330,-24.431894,370,370,370,60
652,335,-23.218602,370,370,370,60
658,341,-27.224154,370,370,370,60
663,346,-24.391998,370,370,370,60
671,355,-23.110996,370,370,370,60
676,361,-21.425080,370,370,370,60
681,367,-20.917398,370,370,370,60
686,373,-20.754114,370,370,370,60
691,379,-21.518873,370,370,370,60
699,388,-21.830897,370,370,370,60
704,394,-21.344530,370,370,370,60
709,401,-20.778926,370,370,370,60
717,410,-19.557559,370,370,370,60
722,416,-18.556473,370,370,370,60
726,423,-18.317314,370,370,370,60
731,430,-17.501665,344,370,237,60
738,439,-16.045358,324,370,231,60
743,446,-14.765571,288,370,227,60
747,453,-13.519715,259,370,219,60
753,462,-13.271826,255,370,209,60
755,466,-14.008655,247,370,202,60
755,466,-13.484465,251,370,203,60
755,466,-13.688861,254,370,203,60
755,466,-13.564173,251,370,203,60
755,466,-13.635305,252,370,203,60
755,466,-13.604131,254,370,203,60
755,466,-13.821482,254,370,203,60
755,466,-13.534203,254,370,203,60
755,466,-13.881917,254,370,203,60
755,466,-13.587170,254,370,203,60
755,466,-13.726128,254,370,203,60
755,466,-13.696138,254,370,203,60
755,466,-13.854188,251,370,203,60
755,466,-13.715795,254,370,203,60
755,466,-13.737049,254,370,203,60
755,466,-13.898146,250,370,203,60
755,466,-13.443193,254,370,203,60
755,466,-13.756433,252,370,203,60
755,466,-13.941418,250,370,203,60
755,466,-13.789582,252,370,203,60
755,466,-13.730447,254,370,203,60
755,466,-13.743188,252,370,203,60
755,466,-13.491902,250,370,203,60
755,466,-13.792521,252,370,203,60
755,466,-13.891303,252,370,203,60
755,466,-13.707403,254,370,203,60
755,466,-13.750056,250,370,203,60
755,466,-13.707669,252,370,203,60
755,466,-13.917016,250,370,203,60
755,466,-13.605372,254,370,203,60
755,466,-14.030103,251,370,203,60
755,466,-13.582952,251,370,203,60
755,466,-13.732355,251,370,203,60
755,466,-13.799418,252,370,203,60
755,466,-13.324694,251,370,203,60
755,466,-13.846838,251,370,203,60
755,466,-13.784224,252,370,203,60
755,466,-13.894486,252,370,203,60
755,466,-13.609866,254,370,203,60
755,466,-13.314082,255,370,203,60
755,466,-13.697549,254,370,203,60
755,466,-13.645385,250,370,203,60
755,466,-13.912704,251,370,203,60
755,466,-13.829209,252,370,203,60
755,466,-13.708044,254,370,203,60
755,466,-13.855793,251,370,203,60
755,466,-13.734242,254,370,203,60
755,466,-13.616087,254,370,203,60
755,466,-13.690779,254,370,203,60
755,466,-13.552306,255,370,203,60
755,466,-14.035090,254,370,203,60
755,466,-13.638442,254,370,203,60
755,466,-13.738258,254,370,203,60
755,466,-13.896114,251,370,203,60
755,466,-14.098344,247,370,202,60
755,466,-14.006620,254,370,203,60
755,466,-13.674133,254,370,203,60
755,466,-13.629134,254,370,203,60
755,466,-13.354313,255,370,203,60
755,466,-13.836277,251,370,203,60
755,466,-13.639180,254,370,203,60
755,466,-13.452156,254,370,203,60
755,466,-13.894228,252,370,203,60
