634,806,173.669945,113,187,110,60
634,803,175.980551,168,370,56,60
634,796,177.160783,173,370,51,60
634,786,-141.768436,178,86,45,60
634,781,-179.436347,188,71,39,60
637,766,-175.788668,207,51,31,60
637,761,-175.934263,206,42,25,60
637,759,176.936256,165,370,30,60
635,758,169.958650,157,370,31,60
634,759,160.388568,142,370,38,60
633,759,150.144210,124,271,51,60
628,754,144.611641,109,185,370,60
617,746,140.792403,99,158,370,60
608,740,141.409824,89,139,370,60
602,735,138.496583,79,118,370,60
596,730,148.484664,78,131,370,60
594,727,156.021104,80,164,370,60
591,723,163.145713,89,264,370,60
589,716,170.847003,94,370,370,60
588,712,174.489408,102,370,370,60
588,708,177.023366,110,370,370,60
588,702,-142.472185,110,370,370,60
588,699,-178.452835,123,370,370,60
590,695,-177.146679,130,370,370,60
592,689,-173.210049,147,370,370,60
596,684,-166.553460,171,370,370,60
599,681,-160.152037,247,370,370,60
603,677,-147.149868,331,370,370,60
607,675,-141.275594,370,370,370,60
613,672,-126.708086,370,370,370,60
618,671,-116.076102,370,370,51,60
622,670,-103.834156,370,370,13,60
631,670,-90.135486,370,333,1,60
643,670,-88.183089,0,0,0,60
653,670,-93.066050,0,0,0,60
671,669,-95.999283,370,301,1,60
677,668,-102.465306,370,279,6,60
679,667,-123.488229,370,370,44,60
680,665,-139.203480,370,370,278,60
689,658,-145.720038,370,370,370,60
694,653,-150.151391,370,370,370,60
698,649,-154.407486,370,370,370,60
703,646,-144.183011,370,370,370,60
708,643,-133.909964,370,370,251,60
712,642,-123.307782,343,370,269,60
716,641,-114.180113,370,370,370,60
720,640,-104.677997,370,370,370,60
727,640,-87.586768,370,234,319,60
733,642,-70.841357,370,370,250,60
737,644,-60.730725,370,370,224,60
742,646,-47.433909,224,334,212,60
746,650,-35.556467,259,259,203,60
749,653,-28.259184,370,230,202,60
751,656,-21.727542,370,205,206,60
753,659,-16.249683,370,194,212,60
755,665,-8.805553,326,185,217,60
756,668,-5.295022,285,178,226,60
757,674,-1.537182,254,172,233,60
757,678,-0.130910,240,168,234,60
757,683,0.106391,227,161,227,60
755,686,1.331330,219,158,228,60
753,692,5.413589,203,153,233,60
751,697,9.801049,186,151,62,60
748,700,15.652765,173,150,45,60
745,703,22.879131,159,154,28,60
740,708,24.116025,148,152,20,60
733,715,23.250956,144,145,18,60
728,721,22.072486,140,138,16,60
724,726,16.559871,135,125,23,60
719,733,14.515643,130,116,220,60
714,741,11.234432,125,110,200,60
710,747,9.835473,121,102,176,60
708,752,9.295652,113,94,158,60
705,757,11.063129,106,89,157,60
702,761,14.526854,97,87,164,60
697,767,20.524909,90,84,172,60
692,772,22.240516,83,84,193,60
688,777,25.877131,75,78,180,60
682,782,25.748874,69,72,175,60
677,786,30.366907,65,72,164,60
669,792,35.527348,61,70,155,60
665,795,40.267805,56,70,147,60
663,795,53.206817,59,86,138,60
662,794,78.767573,75,139,142,60
662,793,98.257847,138,129,209,60
662,791,125.920290,138,147,370,60
661,790,135.650759,137,190,85,60
654,785,144.487728,135,207,72,60
651,781,152.174491,138,260,55,60
649,778,158.642698,145,362,42,60
643,768,162.421501,147,370,39,60
638,762,161.560489,140,370,41,60
631,751,161.334650,131,363,42,60
625,743,159.093571,121,310,45,60
618,734,156.378122,110,256,370,60
608,723,156.166625,99,215,370,60
600,714,152.896060,89,177,370,60
591,705,150.975480,76,144,370,60
589,702,158.151664,78,166,370,60
587,696,169.025694,89,297,370,60
586,693,172.235230,97,370,370,60
585,689,175.913899,104,370,370,60
585,685,178.810200,111,370,370,60
587,676,-178.126049,134,370,370,60
590,670,-172.939834,137,370,370,60
592,666,-166.860383,159,370,370,60
595,663,-160.415233,206,370,370,60
598,661,-152.151172,355,370,370,60
603,658,-139.172394,370,370,370,60
607,657,-130.290109,370,370,358,60
612,655,-115.800165,370,370,113,60
616,655,-105.105584,370,370,56,60
620,655,-94.599642,370,370,32,60
627,656,-81.246176,370,85,13,60
638,657,-78.255652,370,27,7,60
647,659,-76.167745,370,11,4,60
659,659,-81.738413,370,26,6,60
663,659,-90.587651,370,39,7,60
664,658,-104.234155,370,292,18,60
664,657,-122.565045,370,370,370,60
663,656,-146.206312,370,370,370,60
662,656,-157.627110,370,370,370,60
664,653,-161.277068,370,354,370,60
667,650,-154.120942,370,370,370,60
670,648,-148.051652,370,370,370,60
674,646,-136.872072,370,370,370,60
680,643,-124.536113,370,370,290,60
684,642,-114.804734,370,370,338,60
688,642,-105.408380,370,370,370,60
692,642,-96.060679,370,370,370,60
698,642,-82.268587,370,274,34,60
703,644,-69.480072,370,370,20,60
707,645,-62.052718,370,370,11,60
717,649,-59.039445,370,9,4,60
725,652,-61.508291,370,370,3,60
742,657,-67.259603,370,370,214,60
748,657,-76.289691,370,370,226,60
751,656,-94.210366,370,216,307,60
756,655,-106.932287,370,370,370,60
764,654,-104.236854,370,370,370,60
768,654,-97.788069,370,181,370,60
772,654,-85.699088,370,202,289,60
776,655,-75.915787,370,235,248,60
782,657,-60.110198,370,370,219,60
785,659,-50.552276,183,343,202,60
787,661,-42.254464,202,278,193,60
791,664,-31.219517,370,227,189,60
793,667,-23.779915,370,197,192,60
796,671,-17.116523,370,186,195,60
798,675,-12.966746,340,178,199,60
799,678,-8.450758,279,168,206,60
801,684,-3.753562,251,163,212,60
801,688,-1.340629,231,158,214,60
801,693,-0.017689,214,152,214,60
800,697,0.363182,210,149,210,60
799,701,1.829967,202,145,209,60
797,704,4.437776,185,140,214,60
796,708,8.405155,169,138,227,60
793,711,13.535822,157,137,254,60
789,716,22.945592,145,140,305,60
786,718,31.845161,134,153,75,60
782,720,42.932398,133,169,58,60
779,721,52.073633,135,216,41,60
775,722,60.769186,142,62,32,60
766,725,64.447553,145,45,25,60
759,727,63.557545,141,34,18,60
753,728,62.345374,138,25,14,60
747,731,51.653705,131,29,14,60
746,732,37.943757,120,168,23,60
747,733,23.667401,121,125,245,60
748,734,8.607422,131,115,209,60
748,735,3.738665,144,111,171,60
747,739,2.221217,145,108,159,60
746,743,2.896856,138,102,149,60
743,750,4.050110,127,96,145,60
741,756,5.727642,118,91,141,60
738,762,6.925292,110,86,134,60
735,768,7.904748,96,77,125,60
730,778,8.951132,86,70,116,60
726,785,10.929554,78,64,109,60
723,791,10.828405,68,58,103,60
717,802,12.025304,56,47,83,60
712,809,11.344944,48,40,71,60
707,819,10.577530,34,29,51,60
703,825,10.225415,27,23,39,60
700,830,7.147111,20,17,28,60
700,833,2.961201,16,11,17,60
702,835,-0.254171,14,10,14,60
703,835,-3.308891,13,9,13,60
704,836,-11.097152,16,9,10,60
705,835,-30.166722,30,12,13,60
705,834,-48.332722,370,29,20,60
705,832,-75.045334,370,70,31,60
705,831,-95.510444,319,370,52,60
703,830,-126.058098,370,312,176,60
702,829,-142.496787,85,370,370,60
701,829,-155.029331,45,370,323,60
707,822,-159.598497,41,370,316,60
714,813,-158.425416,42,370,306,60
723,804,-151.591584,55,370,293,60
729,800,-144.020409,73,370,370,60
742,790,-136.744679,89,370,370,60
750,787,-130.906826,370,370,370,60
765,780,-122.067014,370,370,370,60
771,779,-108.839512,370,229,344,60
776,778,-95.203445,370,370,157,60
780,779,-83.187339,227,370,117,60
786,781,-67.586914,226,296,97,60
790,783,-57.272918,370,167,82,60
793,785,-46.495558,370,114,72,60
798,788,-44.300045,370,91,65,60
804,792,-43.454731,370,83,61,60
814,798,-41.445946,370,75,56,60
819,800,-47.855426,370,79,54,60
821,799,-70.879064,370,132,63,60
821,798,-98.766880,203,370,106,60
820,797,-118.327429,370,194,300,60
820,796,-134.541825,370,198,370,60
825,793,-139.284962,370,201,370,60
830,789,-136.843690,370,370,370,60
834,787,-129.279105,370,184,370,60
838,786,-119.690628,370,173,370,60
844,785,-103.271917,370,174,228,60
848,785,-94.988790,180,370,154,60
854,786,-81.146894,168,370,111,60
857,787,-71.147029,166,320,93,60
861,788,-64.153134,370,191,80,60
869,791,-58.474251,370,129,71,60
875,794,-58.121030,370,120,66,60
882,797,-58.449073,370,122,65,60
893,801,-57.447264,370,112,61,60
900,803,-60.678260,370,113,59,60
908,806,-60.535789,370,108,55,60
917,809,-65.164982,370,120,56,60
924,811,-65.899268,365,123,54,60
930,811,-78.495808,370,172,61,60
931,810,-93.415454,370,336,75,60
931,809,-108.441677,120,340,127,60
930,808,-126.300247,162,370,344,60
936,805,-135.434906,370,105,338,60
941,801,-137.474635,370,100,334,60
947,798,-138.695550,370,92,327,60
951,796,-128.100496,133,370,321,60
957,794,-113.825802,106,358,324,60
961,794,-103.105447,89,325,206,60
965,794,-94.104361,370,304,137,60
968,794,-84.374103,370,297,100,60
974,796,-71.976192,343,301,85,60
977,797,-64.632915,307,151,69,60
983,799,-61.189068,296,125,63,60
993,802,-62.095884,290,123,61,60
1000,805,-61.493332,278,114,56,60
1011,808,-62.999516,271,114,55,60
1019,811,-64.481765,262,115,54,60
1026,813,-66.923343,258,124,54,60
1036,815,-69.131237,254,130,52,60
1043,816,-69.870610,245,138,52,60
1051,818,-71.298748,238,143,52,60
1062,820,-73.721106,234,155,52,60
1069,821,-75.070075,227,161,51,60
1081,823,-80.792901,226,191,56,60
1089,823,-82.872173,223,181,58,60
1097,823,-88.084029,223,172,63,60
1105,824,-90.677074,226,159,72,60
1117,823,-95.519799,240,152,86,60
1126,822,-99.434417,241,144,96,60
1137,821,-99.404339,226,132,100,60
1143,820,-103.600780,233,125,117,60
1153,818,-107.860482,243,120,131,60
1160,816,-109.390236,243,112,117,60
1170,814,-110.325308,224,104,110,60
1177,812,-112.253231,228,96,97,60
1189,809,-111.641806,200,87,89,60
1197,807,-112.028871,180,78,80,60
1205,805,-111.198356,151,65,66,60
1216,801,-113.121595,157,60,58,60
1223,799,-118.585956,155,54,51,60
1228,797,-123.245810,145,47,44,60
1230,795,-138.642872,370,57,42,60
1230,793,-158.330599,370,112,54,60
1230,791,-164.032386,370,209,65,60
1229,789,-177.871040,370,370,76,60
1228,789,177.069336,182,370,110,60
1227,788,168.458832,178,370,130,60
1223,782,164.094424,172,370,152,60
1220,777,163.861239,169,370,145,60
1216,771,167.007134,161,370,175,60
1212,765,164.084776,155,370,178,60
1208,759,166.725460,145,370,179,60
1203,749,167.202632,140,370,183,60
1199,743,167.774816,133,353,202,60
1196,737,165.704783,124,347,206,60
1194,731,169.670233,120,365,186,60
1191,722,170.518204,117,370,171,60
1189,716,175.640130,113,370,172,60
1188,710,178.116599,370,370,157,60
1188,705,178.861530,370,370,154,60
1188,696,-175.664670,370,147,89,60
1189,690,-178.838681,370,370,144,60
1190,683,-178.273240,370,370,141,60
1191,676,-176.004190,370,370,133,60
1193,665,-177.831545,370,370,138,60
1194,658,-177.351696,370,370,131,60
1195,650,-178.144604,370,370,134,60
1197,643,-178.237662,370,370,130,60
1199,630,-178.105079,370,370,130,60
1200,622,-177.959010,370,370,128,60
1203,610,-176.067586,370,370,110,60
1204,602,-175.683652,370,370,117,60
1206,594,-175.794677,370,370,110,60
1209,582,-170.926534,370,370,114,60
1211,571,-171.710857,200,370,99,60
1213,563,-172.689847,206,332,89,60
1215,555,-169.226866,197,370,89,60
1218,544,-168.066107,188,370,94,60
1219,537,-175.259197,180,370,93,60
1221,527,-172.456224,185,370,85,60
1222,520,-175.344828,175,370,92,60
1223,513,-177.942391,168,370,94,60
1223,506,-169.694395,175,370,80,60
1224,495,133.859554,175,321,76,60
1224,488,172.249777,148,370,116,60
1224,481,179.879310,149,370,100,60
1224,474,166.127169,135,369,144,60
1223,464,177.659532,138,353,107,60
1222,457,177.455648,130,350,125,60
1221,450,173.511519,124,337,121,60
1220,439,171.830480,116,339,157,60
1219,431,169.973641,110,321,137,60
1218,419,169.833962,106,313,138,60
1218,411,170.726957,100,305,140,60
1217,403,167.471879,96,297,144,60
1216,395,177.156631,370,281,121,60
1215,387,171.371865,85,275,140,60
1214,374,165.172847,76,273,175,60
1214,366,166.568911,72,267,185,60
1213,358,168.891589,370,248,155,60
1212,345,167.356810,370,238,145,60
1212,334,164.813872,370,228,178,60
1212,325,164.315673,370,302,219,60
1213,316,-166.113162,231,210,83,60
1215,304,-177.330414,228,198,87,60
1216,296,-167.948222,217,185,86,60
1218,287,-175.934039,212,179,86,60
1219,280,-176.979284,220,165,97,60
1220,273,-169.268675,192,161,83,60
1220,266,-170.887371,188,153,86,60
1221,256,163.729344,370,212,152,60
1221,248,136.614855,179,138,92,60
1221,238,179.812848,180,126,104,60
1220,231,169.116484,185,120,117,60
1220,223,165.325914,212,112,127,60
1220,216,167.188942,189,104,120,60
1220,205,179.657189,134,94,106,60
1220,197,179.827510,116,82,104,60
1219,185,-143.585687,154,78,86,60
1219,176,176.152863,370,82,68,60
1219,164,176.428539,288,69,59,60
1219,156,178.988346,63,45,63,60
1218,148,178.035205,54,37,51,60
1216,145,172.534661,48,31,41,60
1215,144,163.000063,62,31,34,60
1212,144,141.347513,274,44,35,60
1211,145,122.549376,345,78,44,60
1210,146,93.066499,370,370,78,60
1210,147,67.504855,179,370,130,60
1211,148,40.071110,370,211,370,60
1211,148,31.415627,370,155,370,60
1210,151,24.245307,272,140,370,60
1205,157,23.832849,278,133,370,60
1202,160,24.686578,300,131,370,60
1196,164,38.002018,370,146,369,60
1192,166,52.510617,370,180,370,60
1188,166,59.137567,370,370,370,60
1183,167,73.927717,140,370,230,60
1179,168,81.794302,158,341,159,60
1174,167,96.077691,186,370,124,60
1170,166,103.375917,370,370,93,60
1167,165,113.465488,370,224,80,60
1161,162,124.324677,321,124,65,60
1156,159,126.732519,310,97,59,60
1149,157,114.855974,331,139,63,60
1138,153,125.185876,331,87,52,60
1132,151,111.684062,324,139,58,60
1130,151,96.583983,370,370,78,60
1126,151,95.874339,370,370,80,60
1119,151,83.987389,370,370,107,60
1110,151,83.824282,370,370,100,60
1103,152,81.411795,370,225,120,60
1094,154,78.905736,370,225,127,60
1086,155,78.162322,370,232,144,60
1079,156,79.635837,370,208,134,60
1072,157,77.582530,370,208,145,60
1060,159,78.320705,370,198,147,60
1052,160,76.383105,370,191,158,60
1040,162,74.597278,370,181,158,60
1032,163,78.683934,370,178,169,60
1024,164,82.141331,370,146,138,60
1012,165,84.477800,370,143,138,60
1004,165,89.579702,370,370,114,60
997,165,92.579427,370,370,107,60
985,164,97.405539,370,370,99,60
977,163,99.773727,188,370,92,60
969,162,101.934175,152,370,87,60
961,162,100.492084,124,325,83,60
954,161,100.983481,110,370,85,60
943,160,98.615697,104,370,87,60
936,159,89.249450,124,370,102,60
926,159,91.441977,99,370,102,60
919,159,88.587806,93,370,109,60
912,160,84.163772,99,370,118,60
905,160,84.321459,45,370,123,60
895,161,81.641547,31,367,128,60
887,162,81.451019,30,362,135,60
876,163,81.904683,25,108,148,60
866,163,85.209902,31,333,124,60
849,162,97.513031,47,323,96,60
837,160,111.978345,71,269,79,60
833,158,123.073663,316,119,61,60
819,150,130.536969,298,78,49,60
813,146,140.515065,290,59,42,60
807,141,145.384178,175,38,32,60
800,135,143.028736,130,31,27,60
798,135,131.095632,274,38,28,60
797,136,106.960985,281,85,39,60
798,137,88.695376,340,266,63,60
799,138,68.109720,44,286,155,60
801,139,43.632427,32,56,275,60
801,140,31.503711,25,31,283,60
797,144,24.880344,21,24,290,60
790,151,26.106249,11,12,34,60
786,153,42.081426,11,13,271,60
784,153,57.690585,17,25,258,60
782,152,75.457136,25,274,214,60
781,151,96.461087,319,248,82,60
780,150,115.814244,264,124,56,60
778,147,138.787260,252,64,44,60
775,145,144.500243,257,46,38,60
766,137,148.394234,128,35,31,60
762,134,144.743115,138,30,25,60
760,133,132.730540,234,40,28,60
759,134,108.505740,238,75,37,60
759,135,88.815138,289,226,61,60
759,136,67.646252,370,232,110,60
760,137,38.435357,32,314,234,60
760,138,24.541105,27,30,248,60
758,141,19.883460,23,21,268,60
753,148,17.943229,14,13,268,60
745,157,26.304592,7,7,250,60
735,158,94.998035,343,205,133,60
734,157,115.689973,233,209,76,60
734,156,132.940535,207,75,51,60
735,154,153.148930,133,48,45,60
732,150,154.198234,113,44,44,60
727,144,156.123758,89,37,37,60
724,139,155.341797,76,29,28,60
721,138,143.986719,121,32,28,60
721,138,130.476924,196,43,31,60
720,140,106.265799,195,72,39,60
720,141,84.473024,252,186,73,60
720,142,61.996556,370,208,192,60
721,143,49.294364,370,254,195,60
722,144,30.513858,370,370,206,60
719,147,25.884571,370,370,212,60
713,152,24.993433,370,370,212,60
709,156,27.156779,370,370,200,60
705,160,32.406300,370,345,189,60
699,163,39.425575,370,283,179,60
695,165,47.867426,370,250,172,60
691,166,56.454871,370,210,166,60
684,167,68.320884,370,174,164,60
679,168,78.074145,269,149,165,60
673,168,83.609782,224,140,140,60
664,168,89.638201,192,133,120,60
657,167,93.107165,168,126,107,60
650,167,96.500957,149,117,102,60
643,165,103.622578,128,113,86,60
631,163,105.764403,117,106,82,60
624,162,103.496501,109,99,80,60
617,161,103.101664,104,88,86,60
607,160,95.830294,92,78,83,60
600,159,94.067393,93,69,100,60
594,159,91.463520,83,60,86,60
583,159,86.723279,85,53,68,60
577,159,84.319953,69,46,61,60
569,160,78.833262,63,39,49,60
561,161,75.918166,49,30,37,60
560,162,62.385269,69,30,31,60
560,163,41.312439,370,53,37,60
561,164,24.762599,370,81,44,60
562,164,12.939894,370,170,56,60
564,163,4.441282,370,370,71,60
565,163,-0.238016,370,370,86,60
567,163,-4.417523,370,370,100,60
570,170,-4.116227,370,370,104,60
574,180,-8.525535,370,370,124,60
580,192,-10.015369,370,370,137,60
583,199,-12.215559,370,370,157,60
589,209,-13.698013,370,370,168,60
593,216,-13.634621,370,370,183,60
600,227,-12.462555,370,370,185,60
603,234,-10.285251,370,370,186,60
606,241,-8.744653,370,370,182,60
610,250,-5.385072,370,370,175,60
612,256,-3.204505,370,370,165,60
613,266,-0.631959,370,370,157,60
614,272,-0.528939,370,370,157,60
615,281,-0.203985,370,370,157,60
615,288,-0.190856,370,370,157,60
615,295,-0.101495,370,370,157,60
616,302,-0.039316,370,370,158,60
616,313,0.200038,370,370,158,60
615,320,0.258500,370,370,155,60
614,327,0.854707,370,370,152,60
613,334,0.909708,370,370,151,60
611,345,2.148282,370,370,147,60
610,352,2.542528,370,370,141,60
607,363,3.905881,370,370,137,60
605,370,4.423592,370,370,134,60
603,378,4.793176,370,370,128,60
599,389,5.074394,370,370,124,60
597,396,5.332242,370,370,118,60
595,403,4.537909,370,370,117,60
592,411,4.971259,370,370,111,60
589,418,5.748684,370,370,106,60
587,426,6.053711,370,370,103,60
582,437,6.206485,268,370,100,60
580,444,4.695911,255,370,96,60
577,451,4.438310,247,370,93,60
573,462,3.984262,237,370,89,60
571,469,4.387278,226,370,85,60
568,479,4.592184,220,370,85,60
566,486,4.430989,210,363,82,60
565,492,3.580313,196,353,79,60
563,499,1.797426,192,345,79,60
561,509,2.093352,183,338,79,60
560,515,1.644889,176,332,79,60
560,522,0.806351,165,325,76,60
559,528,0.158063,157,316,78,60
559,537,0.104757,148,310,78,60
559,543,-0.014589,140,304,78,60
559,549,-0.007336,127,295,78,60
560,556,-0.096999,117,288,79,60
561,566,-0.465865,109,282,80,60
562,572,-0.836336,96,272,83,60
564,581,-2.265957,90,266,87,60
566,588,-2.000126,99,260,89,60
567,594,-3.422495,97,250,97,60
570,603,-3.363299,106,244,99,60
572,609,-3.673611,104,236,106,60
575,615,-4.362416,102,230,111,60
578,625,-4.257555,106,224,117,60
581,631,-5.371250,113,217,120,60
583,638,-4.869217,118,207,125,60
586,645,-5.517505,117,200,133,60
591,656,-7.176606,117,193,140,60
594,663,-7.849054,103,187,154,60
599,674,-6.653149,117,178,154,60
602,682,-6.538308,266,167,161,60
605,689,-6.802336,251,156,169,60
608,697,-6.324646,235,148,171,60
612,708,-5.147422,219,141,172,60
614,714,-3.671679,200,133,166,60
615,721,-2.027892,186,126,165,60
617,731,-1.052269,168,116,159,60
618,738,-0.289571,151,106,148,60
618,745,-0.001353,140,99,140,60
618,755,0.053600,130,92,130,60
618,762,0.108672,120,85,120,60
617,773,0.142581,106,75,106,60
616,781,0.020577,94,67,94,60
616,789,0.080681,83,59,83,60
616,797,0.028021,66,47,66,60
615,808,0.100001,55,39,55,60
615,815,0.018893,45,32,45,60
615,821,-0.056460,32,23,32,60
616,822,-1.683932,32,22,30,60
617,822,-11.087680,34,21,27,60
618,821,-22.389083,49,24,27,60
619,820,-42.586468,370,42,32,60
619,818,-70.502079,370,81,42,60
618,818,-92.821488,65,370,83,60
618,816,-113.329585,71,370,180,60
617,815,-143.891180,109,59,370,60
618,812,-157.377957,370,72,63,60
624,805,-159.826010,310,67,54,60
630,798,-159.370023,329,54,45,60
636,792,-149.285020,370,42,37,60
640,790,-140.265259,76,31,32,60
644,788,-129.297546,41,23,27,60
648,787,-119.437624,23,16,370,60
655,786,-104.475968,14,339,223,60
658,786,-93.128244,370,370,159,60
662,787,-69.595603,370,370,97,60
665,789,-55.291671,370,121,69,60
673,793,-43.141131,370,91,62,60
677,796,-36.660709,370,72,56,60
683,800,-34.234962,265,60,51,60
688,804,-39.505377,370,60,47,60
692,805,-55.032561,370,77,49,60
694,804,-77.334267,321,154,63,60
695,803,-98.588274,370,370,123,60
696,802,-119.698568,370,303,306,60
697,800,-140.305268,47,370,370,60
701,796,-144.653073,34,370,370,60
707,791,-146.872845,34,370,312,60
719,781,-144.680512,37,370,302,60
726,776,-142.521892,51,370,295,60
737,768,-140.214288,61,370,283,60
750,762,-127.562700,370,370,370,60
762,757,-121.802091,370,370,370,60
770,755,-113.264553,370,217,358,60
787,750,-105.486955,370,208,326,60
794,749,-94.750388,370,212,223,60
801,751,-77.149994,195,370,154,60
804,752,-66.598843,196,359,127,60
808,753,-57.047105,370,195,107,60
812,756,-46.158771,370,150,99,60
817,760,-43.896944,370,133,94,60
823,763,-44.115964,370,124,89,60
832,768,-44.695828,370,123,87,60
837,771,-46.734688,370,121,83,60
843,774,-47.635872,370,118,80,60
848,777,-49.649510,370,119,78,60
856,780,-54.352652,370,127,78,60
861,782,-57.766876,370,131,78,60
867,784,-61.724621,370,158,79,60
872,785,-68.113467,370,205,85,60
881,786,-76.381339,370,267,89,60
887,786,-80.661288,140,370,102,60
893,787,-83.395325,134,370,106,60
899,787,-86.638848,130,366,113,60
909,787,-89.901295,124,359,120,60
915,786,-94.627026,117,350,138,60
925,785,-98.475365,111,345,149,60
931,784,-100.992114,106,341,159,60
938,783,-105.945789,100,340,202,60
944,782,-105.800135,94,334,204,60
955,780,-106.162642,87,330,220,60
963,778,-104.684727,72,312,206,60
970,778,-103.901950,65,304,200,60
982,776,-98.148608,370,293,186,60
994,775,-97.599312,370,280,171,60
1004,774,-92.325292,370,260,149,60
1013,774,-91.312785,364,251,145,60
1026,774,-86.207491,330,242,135,60
1034,774,-85.612305,302,231,128,60
1046,775,-89.394483,303,222,134,60
1054,775,-90.023226,296,210,140,60
1065,775,-90.224009,279,203,135,60
1072,775,-89.784520,268,196,134,60
1079,774,-93.263248,276,185,152,60
1090,774,-93.336084,264,177,151,60
1098,774,-93.421896,255,170,152,60
1106,774,-93.553416,238,158,154,60
1117,773,-94.711179,234,152,161,60
1125,773,-94.726395,220,144,159,60
1136,772,-95.816689,206,132,164,60
1145,771,-93.460066,189,124,161,60
1153,771,-94.923440,178,115,151,60
1161,770,-93.573568,155,103,137,60
1167,769,-100.887154,172,99,118,60
1177,768,-105.055406,180,95,107,60
1184,766,-107.013765,178,89,97,60
1190,765,-109.010374,171,80,85,60
1200,762,-110.952255,165,74,76,60
1207,761,-114.015867,168,68,68,60
1213,759,-116.708844,172,63,61,60
1219,757,-117.912067,165,55,51,60
1225,754,-130.266600,252,55,47,60
1226,752,-142.135720,370,78,49,60
1226,751,-158.349702,368,146,61,60
1224,750,-168.927435,370,362,78,60
1223,749,-173.505777,370,370,89,60
1222,749,177.762227,157,370,118,60
1221,745,171.977081,152,370,127,60
1218,737,168.230836,147,370,142,60
1215,732,168.087955,142,370,148,60
1212,726,168.336172,134,359,173,60
1209,720,166.061574,125,354,176,60
1206,714,163.818804,120,332,196,60
1200,704,167.842376,113,318,212,60
1196,696,168.621363,370,335,188,60
1191,686,167.509662,370,314,202,60
1188,679,171.049258,370,328,188,60
1185,672,171.570388,370,322,190,60
1180,662,173.488602,370,320,189,60
1178,655,169.040914,370,313,193,60
1175,647,173.455500,370,272,227,60
1173,640,175.091761,370,307,192,60
1170,633,175.502248,370,292,197,60
1168,626,175.714121,370,290,196,60
1166,617,176.776790,370,280,200,60
1164,610,176.769613,370,251,221,60
1163,602,171.862976,370,241,221,60
1162,591,174.213399,370,370,193,60
1161,584,170.307061,370,224,227,60
1160,576,172.607500,370,370,193,60
1160,565,174.565391,370,370,193,60
1160,558,-134.378430,370,222,209,60
1160,551,-175.615189,370,370,173,60
1161,540,-171.923665,137,370,161,60
1162,532,-179.092571,370,370,182,60
1163,522,-169.456624,128,370,159,60
1165,514,-168.455675,117,370,178,60
1166,507,-178.939652,113,370,176,60
1167,499,-170.797170,118,370,152,60
1169,487,-167.743620,117,370,141,60
1172,476,-169.943286,110,370,147,60
1174,468,-167.630024,114,367,134,60
1176,460,-170.026255,104,353,142,60
1178,453,-175.470980,97,339,149,60
1180,445,-170.075585,102,336,133,60
1182,433,-166.333865,96,325,135,60
1184,425,-173.683113,102,327,117,60
1186,417,-168.602973,94,314,121,60
1189,406,-176.333768,87,299,124,60
1190,398,-170.713758,357,290,125,60
1191,391,-170.763497,340,280,120,60
1192,384,-170.676096,333,273,120,60
1193,374,-177.844785,327,265,120,60
1194,367,-171.955871,317,254,121,60
1194,360,-178.342479,334,245,135,60
1195,349,-177.618419,323,238,133,60
1196,342,-167.146176,299,232,123,60
1196,335,-177.516513,264,231,107,60
1196,328,167.616300,370,222,214,60
1196,317,146.523647,213,136,82,60
1195,310,171.408301,330,198,175,60
1195,298,169.864965,290,188,158,60
1194,291,176.978534,350,186,206,60
1194,285,167.247353,317,175,199,60
1194,277,178.635568,237,162,148,60
1193,270,178.931081,227,155,149,60
1192,258,166.602364,210,147,147,60
1192,251,177.143933,264,144,164,60
1192,243,-174.068896,135,135,85,60
1192,231,167.339449,275,129,135,60
1192,223,-177.791495,141,109,128,60
1192,214,178.204112,157,102,134,60
1190,205,177.694000,135,93,127,60
1189,198,177.563069,127,87,118,60
1188,191,177.303846,113,76,103,60
1186,185,176.863549,104,70,94,60
1183,173,176.697846,93,62,82,60
1181,166,175.821022,83,55,73,60
1179,160,175.294829,72,48,63,60
1176,150,173.421807,59,38,49,60
1174,145,171.715615,52,32,41,60
1172,143,165.074665,54,30,35,60
1169,142,148.178830,85,33,32,60
1168,142,134.621588,360,43,34,60
1166,142,116.274801,321,90,45,60
1166,143,81.023215,370,370,68,60
1167,144,71.050612,189,301,114,60
1168,145,49.730571,155,370,244,60
1169,145,39.740893,370,180,302,60
1166,147,33.654095,370,168,321,60
1162,152,29.869123,370,156,337,60
1157,156,35.069782,370,153,330,60
1153,159,40.070371,370,161,296,60
1147,161,48.855685,127,370,370,60
1144,163,53.813927,128,370,370,60
1140,165,44.280255,121,370,370,60
1137,167,39.766591,117,152,282,60
1134,169,41.795392,114,370,275,60
1130,171,51.007956,116,370,370,60
1127,172,60.255263,121,370,370,60
1122,173,61.495560,118,370,370,60
1118,174,64.693881,123,370,347,60
1115,175,76.138285,370,283,190,60
1109,175,89.854980,370,241,148,60
1106,174,98.903987,370,370,110,60
1102,172,111.575429,307,211,83,60
1096,170,115.272245,251,144,73,60
1090,167,124.996158,220,113,66,60
1080,163,124.292132,214,112,65,60
1069,159,117.068828,252,102,59,60
1062,156,123.532771,257,99,56,60
1055,153,122.925031,248,95,52,60
1046,151,113.635046,193,130,58,60
1045,151,99.400283,370,361,75,60
1043,152,72.465029,370,226,118,60
1043,154,58.860173,370,233,234,60
1039,156,49.507799,370,370,370,60
1035,158,43.228909,370,370,370,60
1028,164,37.392487,121,370,171,60
1023,168,36.699853,117,370,173,60
1019,170,44.835854,370,370,149,60
1014,172,58.096842,370,370,370,60
1008,173,61.900287,370,218,348,60
1002,175,67.205458,370,178,269,60
995,177,68.130449,370,166,262,60
987,178,79.736543,370,140,219,60
983,177,83.693997,370,175,140,60
979,176,102.247243,370,370,110,60
973,174,117.991362,113,199,85,60
970,172,127.443020,165,128,73,60
965,170,129.504441,370,103,66,60
959,167,129.390957,370,99,63,60
952,164,130.433398,370,92,59,60
943,160,124.169377,370,88,56,60
941,160,109.506662,93,186,71,60
940,161,85.772925,117,370,99,60
941,162,67.958610,370,82,162,60
942,162,52.204702,370,144,370,60
941,163,46.633829,370,370,370,60
936,166,44.899974,370,370,370,60
930,170,43.075267,370,370,62,60
924,173,51.053195,370,370,52,60
920,174,59.422368,370,107,370,60
913,176,67.657504,370,48,271,60
900,181,62.094630,370,41,312,60
894,183,55.344847,370,50,23,60
890,184,59.590754,370,45,20,60
886,185,69.142719,370,15,10,60
882,185,78.711881,55,4,1,60
877,184,92.030420,1,10,159,60
874,183,103.629235,16,345,118,60
871,182,113.474387,49,218,92,60
867,180,132.938583,343,132,79,60
866,178,146.998958,347,89,71,60
862,173,142.712478,343,80,65,60
855,167,153.374099,175,62,58,60
847,158,154.360190,154,55,52,60
842,153,150.688305,151,48,44,60
839,153,140.134290,317,58,45,60
837,153,119.026264,313,83,51,60
837,154,102.318763,337,172,63,60
838,155,84.798586,56,305,89,60
840,155,67.491378,25,60,206,60
841,156,51.725132,16,24,316,60
839,157,49.262172,13,19,313,60
830,161,58.793267,13,22,307,60
826,162,73.121870,20,59,185,60
824,160,96.916679,39,290,107,60
823,159,117.589974,324,210,73,60
823,158,134.510042,298,93,56,60
823,157,149.595486,190,54,48,60
821,154,154.178260,130,47,45,60
813,147,152.271882,110,41,39,60
811,146,142.385550,176,43,37,60
809,146,121.384941,282,63,41,60
808,146,103.151201,300,138,55,60
807,148,80.461019,45,276,113,60
807,149,56.915891,25,45,283,60
807,151,31.314228,16,19,288,60
801,156,30.890175,10,11,34,60
795,160,40.176588,4,5,20,60
793,161,55.466413,11,18,268,60
791,160,69.958433,20,277,210,60
790,159,98.492331,39,256,109,60
789,157,117.160035,283,189,71,60
788,156,134.232735,264,90,55,60
784,153,142.382403,262,56,45,60
777,146,153.686452,158,44,38,60
773,141,157.364164,80,33,32,60
770,137,156.358149,72,28,28,60
768,136,146.450466,123,31,27,60
768,138,122.794481,243,65,37,60
768,139,90.631771,275,203,55,60
768,140,71.005063,370,238,102,60
769,140,54.275833,35,272,247,60
770,141,35.051041,24,29,251,60
767,144,30.457268,21,25,254,60
760,150,31.293692,14,16,247,60
752,156,42.974436,10,12,234,60
749,157,55.828423,13,294,223,60
746,156,73.323006,370,224,173,60
744,156,94.860039,278,211,92,60
742,154,116.638319,223,129,59,60
736,151,130.037030,213,85,51,60
729,147,131.971212,206,66,44,60
722,143,128.949023,196,62,39,60
713,139,124.830792,189,54,35,60
711,139,108.380837,192,94,44,60
710,140,89.283303,247,176,78,60
709,142,53.588620,370,190,165,60
709,143,38.266177,370,250,183,60
709,144,21.205634,370,356,193,60
707,147,17.090047,370,370,219,60
701,156,13.896124,370,370,220,60
695,165,16.984175,370,370,206,60
691,171,17.308438,370,370,202,60
685,180,16.305203,370,370,200,60
681,186,17.346175,370,370,193,60
676,192,18.983955,370,370,180,60
671,197,19.499574,370,370,173,60
666,202,22.752970,370,370,162,60
659,210,24.910500,370,370,157,60
653,216,24.442286,370,327,145,60
645,224,25.728130,370,315,140,60
639,230,28.183253,370,256,125,60
630,238,32.363436,370,230,118,60
624,243,33.740558,370,188,106,60
616,250,28.703492,370,187,102,60
611,255,25.842613,370,213,99,60
604,262,24.228225,370,218,96,60
600,267,23.815427,370,205,90,60
594,274,18.146085,370,216,87,60
590,280,16.905419,370,250,87,60
586,285,16.803204,370,255,83,60
581,293,11.537797,370,306,85,60
578,298,12.538180,370,311,80,60
575,303,8.978643,370,370,82,60
572,311,9.458405,370,370,79,60
570,317,5.797876,370,370,80,60
567,325,5.478527,370,370,78,60
566,330,2.537629,370,370,80,60
565,335,2.820874,370,370,79,60
563,343,1.741112,370,370,80,60
563,349,0.983788,370,370,80,60
563,355,0.922739,370,370,82,60
562,364,0.053279,370,370,82,60
562,370,0.011986,370,370,82,60
562,375,0.001649,370,370,82,60
563,384,-0.226075,370,370,83,60
564,390,-0.582141,370,370,85,60
565,396,-1.181487,370,370,86,60
566,401,-2.229605,370,370,93,60
569,409,-3.338301,370,370,97,60
571,415,-5.927685,370,370,109,60
573,420,-5.937940,370,370,111,60
577,427,-9.699612,370,370,128,60
580,433,-7.907696,370,370,133,60
583,438,-8.857027,370,370,138,60
586,444,-10.118039,370,370,152,60
591,453,-12.087991,370,194,166,60
595,459,-13.064483,370,185,183,60
599,465,-14.675763,370,181,202,60
605,474,-14.339275,370,173,199,60
610,481,-14.291625,370,167,216,60
614,488,-13.464497,370,156,223,60
620,498,-11.798587,370,145,223,60
625,508,-10.205261,370,138,223,60
628,514,-9.718579,370,130,220,60
631,520,-9.170963,370,124,226,60
633,526,-6.944053,370,114,214,60
636,535,-4.148914,370,109,209,60
638,541,-2.699120,152,101,203,60
639,547,-1.364002,138,95,197,60
640,554,-0.817626,127,88,196,60
641,561,-0.368264,111,78,195,60
641,571,-0.222717,102,71,195,60
642,578,-0.154176,86,61,195,60
642,586,-0.000318,75,53,195,60
642,597,0.152970,63,45,195,60
641,605,0.095218,54,38,195,60
641,612,0.210503,38,27,192,60
640,621,1.334496,28,20,190,60
638,623,3.692916,23,17,183,60
637,623,9.681960,21,16,168,60
636,623,21.334301,20,238,133,60
634,623,40.380286,230,200,116,60
632,623,55.555114,231,143,107,60
628,623,74.469199,213,102,109,60
622,624,72.899433,178,95,107,60
612,626,70.948724,189,90,96,60
606,627,66.622550,179,82,85,60
600,628,67.082325,210,79,76,60
593,630,63.545385,192,69,65,60
584,633,62.384557,217,66,59,60
578,635,55.643334,226,59,51,60
574,637,47.211527,217,64,48,60
572,639,31.563014,213,80,49,60
572,640,16.921997,223,144,61,60
574,641,4.966714,244,207,76,60
575,640,0.807564,275,203,94,60
576,640,-0.036589,288,204,102,60
576,643,-0.508748,286,201,103,60
578,648,-1.237597,283,196,107,60
579,654,-2.277940,279,190,111,60
582,662,-4.401293,285,186,121,60
585,668,-4.150541,269,177,127,60
588,677,-4.764045,264,171,133,60
591,683,-6.627835,261,165,140,60
593,689,-7.656305,258,160,149,60
596,696,-8.772102,250,150,162,60
601,704,-10.906946,238,145,165,60
604,710,-13.355353,250,141,164,60
609,718,-12.901102,254,134,151,60
613,724,-13.905395,233,124,141,60
619,733,-15.224401,233,119,133,60
624,742,-14.996298,204,107,118,60
630,751,-16.467667,199,101,111,60
634,756,-16.677505,188,95,104,60
639,762,-18.906967,192,91,97,60
643,767,-21.356137,193,85,86,60
649,773,-23.652773,193,81,82,60
653,777,-26.651933,214,80,76,60
658,781,-27.539723,219,75,69,60
663,785,-31.838620,276,75,65,60
670,790,-33.612598,296,73,62,60
673,792,-41.590089,370,73,59,60
675,791,-58.114424,370,99,63,60
675,790,-86.476308,370,370,104,60
674,789,-115.409520,370,325,197,60
674,788,-132.877051,14,370,370,60
673,787,-146.256599,0,0,0,60
676,784,-151.251210,0,0,0,60
684,777,-152.275083,0,0,0,60
693,769,-139.861062,0,0,0,60
696,768,-122.593832,41,370,370,60
700,769,-95.781591,370,294,237,60
701,770,-76.620113,370,370,134,60
703,772,-57.087725,305,189,93,60
708,774,-51.367936,370,141,85,60
714,777,-48.813472,370,117,78,60
722,781,-50.667524,370,116,75,60
728,784,-52.817176,370,119,75,60
734,786,-52.965491,370,119,72,60
739,788,-57.024776,370,127,71,60
747,790,-61.720780,370,136,71,60
754,792,-64.438648,266,159,73,60
764,794,-70.277953,258,189,75,60
771,796,-73.704117,245,244,79,60
780,796,-76.648413,238,301,83,60
786,797,-80.644173,234,349,85,60
791,797,-86.401074,228,370,96,60
797,797,-89.797518,224,370,107,60
805,796,-92.735222,219,370,116,60
811,795,-98.441700,217,370,124,60
816,794,-103.893948,370,370,161,60
822,793,-111.329684,370,194,226,60
831,789,-116.541066,370,185,281,60
837,787,-120.497976,370,178,326,60
844,785,-122.999337,370,171,370,60
853,781,-121.403332,370,161,370,60
860,779,-117.345482,370,151,361,60
865,778,-113.113567,370,148,290,60
873,777,-99.242234,161,370,207,60
877,777,-86.170025,145,370,141,60
881,778,-74.338722,142,370,110,60
885,780,-63.901326,370,187,86,60
890,782,-58.042292,370,144,78,60
899,785,-56.412011,370,130,75,60
906,787,-57.317025,370,126,72,60
911,789,-60.523208,369,142,73,60
917,791,-63.704036,369,150,73,60
924,793,-64.901135,364,160,72,60
934,795,-68.437562,364,179,75,60
941,797,-72.285624,364,203,75,60
948,798,-78.271767,370,324,83,60
956,798,-88.992075,370,312,94,60
962,797,-97.922120,370,305,133,60
967,796,-105.929443,79,309,173,60
975,794,-113.919891,79,317,228,60
980,792,-117.724403,76,323,290,60
989,789,-122.932177,68,328,290,60
995,786,-122.030876,55,323,281,60
1003,783,-121.638902,59,312,272,60
1019,777,-119.509079,92,294,264,60
1030,774,-117.113082,140,275,255,60
1042,770,-111.995186,370,257,244,60
1056,767,-108.671127,370,229,234,60
1067,764,-105.845028,370,219,227,60
1075,763,-107.272932,370,204,219,60
1082,761,-104.461984,367,192,214,60
1090,760,-103.835704,370,187,203,60
1101,759,-101.710210,319,173,196,60
1108,758,-101.571428,298,165,190,60
1114,757,-106.501422,299,159,179,60
1119,755,-108.460636,306,155,171,60
1128,753,-113.676459,370,154,154,60
1134,751,-113.814835,364,145,142,60
1141,749,-114.711467,358,138,134,60
1152,745,-115.919571,361,131,124,60
1159,743,-116.452489,321,122,118,60
1166,741,-116.531711,317,116,110,60
1173,738,-117.214195,292,108,103,60
1182,735,-120.940324,370,105,92,60
1188,732,-126.273357,370,100,86,60
1193,729,-130.216240,370,101,78,60
1201,725,-136.413648,370,102,73,60
1205,722,-138.181071,370,101,71,60
1210,718,-141.932914,370,106,66,60
1214,714,-150.502049,370,116,66,60
1215,712,-161.230310,351,150,71,60
1214,711,-167.851674,370,282,83,60
1213,710,-176.416685,370,370,93,60
1212,709,172.113258,130,370,370,60
1212,705,175.136150,370,370,131,60
1210,697,174.324469,370,370,125,60
1208,692,171.677864,370,370,149,60
1207,687,175.888076,370,370,137,60
1204,679,173.540361,370,337,169,60
1202,673,173.917262,370,370,157,60
1200,667,171.728074,370,370,154,60
1197,661,171.621193,370,328,171,60
1194,655,170.916203,370,315,179,60
1191,648,170.540391,370,301,188,60
1186,638,167.969765,370,274,213,60
1183,632,167.676907,370,256,230,60
1180,625,170.703615,370,278,200,60
1175,615,168.783179,370,263,209,60
1171,608,171.657288,370,255,212,60
1166,597,171.861694,370,223,245,60
1163,589,166.440724,370,210,255,60
1160,582,168.572329,370,193,275,60
1155,571,171.923011,370,204,240,60
1152,564,171.010504,370,162,323,60
1149,557,163.675299,370,153,320,60
1145,547,170.595033,370,162,274,60
1144,540,172.280547,370,162,257,60
1142,534,177.472228,370,177,228,60
1141,525,178.614946,370,157,247,60
1141,519,178.556738,370,145,257,60
1141,512,-171.342332,102,370,190,60
1142,505,-166.539007,104,370,172,60
1143,494,-170.919325,92,370,192,60
1144,487,-170.416389,85,370,206,60
1146,476,-170.209225,82,368,204,60
1147,468,-171.810552,83,361,179,60
1148,461,-170.004564,80,351,173,60
1149,452,-170.374209,76,342,171,60
1151,440,-169.579295,75,336,166,60
1153,432,-169.805995,69,326,168,60
1154,424,-171.556519,63,313,169,60
1156,411,-167.108297,66,311,154,60
1158,399,-177.383546,61,298,154,60
1160,391,-175.918855,48,280,180,60
1166,377,-164.726970,49,269,155,60
1170,371,-161.789206,312,265,144,60
1175,362,-164.843448,283,258,127,60
1180,356,-158.778862,265,260,113,60
1188,349,-155.183409,255,235,103,60
1193,343,-145.814858,237,150,86,60
1200,336,-149.654528,240,199,89,60
1204,331,-156.451006,228,148,79,60
1208,326,-152.355572,227,164,79,60
1211,321,-155.149933,223,170,75,60
1216,314,-165.600754,220,175,73,60
1218,309,-160.256331,234,201,85,60
1221,304,-165.881917,221,199,78,60
1224,297,-165.530668,228,188,83,60
1226,290,-165.893746,206,181,72,60
1229,280,-174.103112,213,170,79,60
1231,275,-168.177362,213,164,80,60
1233,264,-176.796912,179,157,65,60
1235,257,-167.975473,192,145,76,60
1235,251,-174.234890,176,137,72,60
1236,242,-178.040147,173,129,76,60
1237,233,-177.408474,151,123,65,60
1237,220,177.083690,262,118,121,60
1237,213,178.019761,145,102,82,60
1237,205,179.700183,134,94,82,60
1236,198,178.024837,121,83,86,60
1235,191,178.637090,110,76,86,60
1234,182,178.206992,97,67,89,60
1231,174,176.280279,90,61,82,60
1230,168,174.875142,86,56,73,60
1227,161,172.983668,76,48,62,60
1224,156,170.746444,73,44,54,60
1222,151,168.167529,66,37,44,60
1220,150,161.005349,82,39,41,60
1219,151,131.464808,370,56,42,60
1219,152,124.912371,370,68,47,60
1219,153,105.948640,370,202,68,60
1220,154,80.489652,216,370,97,60
1221,155,58.905893,155,370,189,60
1222,156,44.409825,370,210,370,60
1218,160,35.572339,370,177,370,60
1214,164,30.576266,370,135,370,60
1210,168,29.307355,362,128,370,60
1203,174,29.972835,370,126,370,60
1199,177,30.558549,370,123,370,60
1196,180,27.189415,370,115,370,60
1194,184,21.107576,279,370,370,60
1191,188,14.611233,237,370,370,60
1191,191,9.481978,186,370,147,60
1189,195,6.066166,172,370,128,60
1187,199,9.924634,182,370,130,60
1185,202,13.695697,221,370,142,60
1181,208,14.315101,234,370,140,60
1178,214,13.483806,234,370,120,60
1173,223,12.705041,237,370,106,60
1169,228,12.671452,238,370,94,60
1166,234,11.208556,240,362,76,60
1162,243,9.453417,237,354,63,60
1159,249,7.919783,230,370,45,60
1157,255,6.051146,226,370,39,60
1154,264,4.592301,220,370,18,60
1149,279,2.972426,219,370,14,60
1145,297,2.715892,221,370,30,60
1143,306,1.627282,220,370,55,60
1140,325,1.026828,223,370,75,60
1139,340,0.126270,220,370,370,60
1139,354,0.006747,219,370,370,60
1139,363,-0.086040,219,370,370,60
1140,370,-0.704034,214,370,370,60
1141,378,-0.274578,213,370,370,60
1141,382,-0.006841,216,370,370,60
1140,386,0.560228,220,370,370,60
1138,391,3.060290,228,370,370,60
1137,395,6.469111,245,370,370,60
1134,398,11.432094,296,194,370,60
1131,402,18.814513,358,198,370,60
1128,404,26.410690,370,204,370,60
1125,406,34.723704,370,213,370,60
1121,408,45.038417,370,370,370,60
1117,409,51.413800,192,370,370,60
1111,410,71.448680,207,370,370,60
1107,411,83.272502,370,370,314,60
1102,410,96.434249,370,370,370,60
1097,408,113.546952,370,370,68,60
1093,407,123.539609,370,294,14,60
1090,404,127.283785,0,0,0,60
1083,400,138.266584,0,0,0,60
1072,393,133.350126,370,370,6,60
1067,390,128.868726,370,370,13,60
1064,386,151.475011,370,334,6,60
1062,384,150.210654,370,322,4,60
1057,376,154.776942,259,6,1,60
1051,369,161.075084,0,0,0,60
1045,361,158.412857,0,0,0,60
1037,353,148.744042,226,271,7,60
1035,353,136.687848,370,310,20,60
1034,354,118.737550,370,213,264,60
1034,355,97.330394,370,370,330,60
1026,355,86.876043,370,370,221,60
1018,356,81.409779,370,370,210,60
1011,357,80.233410,370,370,202,60
1001,357,89.595183,370,370,197,60
991,357,90.494341,370,370,189,60
982,356,95.714890,370,370,182,60
974,356,96.143562,370,370,175,60
966,355,89.714688,370,370,164,60
954,355,90.527174,370,370,159,60
946,355,92.469060,370,370,149,60
938,354,92.636889,370,370,140,60
926,354,92.590423,370,370,133,60
918,354,89.212185,370,370,125,60
911,354,90.099072,370,370,118,60
904,354,84.504319,370,370,109,60
898,354,85.252690,370,365,103,60
888,355,81.378012,370,360,370,60
882,356,78.691260,370,357,370,60
875,357,77.351245,358,355,370,60
869,359,77.086030,353,346,370,60
861,359,81.364302,370,336,370,60
856,359,85.529733,370,323,370,60
853,359,97.104805,370,321,344,60
850,358,106.446244,362,330,68,60
847,357,116.307846,334,351,71,60
844,355,120.396124,324,364,69,60
834,350,129.277220,313,370,71,60
826,346,127.573436,305,370,56,60
815,341,126.268519,289,356,38,60
800,335,121.405293,281,329,68,60
789,331,119.462970,275,301,118,60
779,328,113.918205,266,280,244,60
767,325,113.106135,254,256,245,60
753,321,106.826538,250,237,252,60
746,320,103.207527,252,224,266,60
739,319,100.866620,247,209,275,60
732,318,100.846597,238,202,274,60
722,316,103.918876,230,195,271,60
715,314,106.544474,207,190,251,60
708,312,108.012944,196,184,244,60
698,309,116.051028,180,187,226,60
692,307,113.435125,172,175,226,60
685,306,103.787778,175,163,238,60
681,306,94.749207,183,152,257,60
678,306,88.627286,192,145,220,60
674,306,78.038451,234,144,178,60
669,308,64.145820,344,149,151,60
666,310,55.290220,370,161,141,60
663,312,46.605496,370,183,138,60
657,316,38.272000,331,208,135,60
652,320,37.313048,329,214,133,60
646,324,34.359718,327,225,130,60
639,330,32.295628,323,225,124,60
634,335,30.121846,321,234,121,60
629,340,29.195297,314,225,114,60
622,347,26.736492,314,243,113,60
617,352,23.726387,309,231,109,60
613,356,21.235607,310,268,107,60
607,364,18.320355,310,289,106,60
603,369,17.495089,305,298,102,60
598,376,12.024635,306,339,102,60
595,381,12.480220,309,370,102,60
592,388,8.690223,370,370,104,60
589,394,8.202554,370,370,100,60
587,399,7.710230,370,370,99,60
584,408,4.047399,370,370,103,60
583,413,4.536775,370,370,100,60
581,419,2.119895,370,370,104,60
580,428,1.202997,370,370,103,60
579,434,1.438551,370,370,102,60
578,443,0.493422,370,370,103,60
578,451,-0.030176,370,370,104,60
578,457,-0.012834,370,370,104,60
579,465,-0.244109,370,370,106,60
580,471,-0.655036,240,370,109,60
583,480,-1.302531,234,367,114,60
584,485,-1.855297,228,361,117,60
586,491,-2.234020,217,353,123,60
587,497,-3.058858,212,348,125,60
590,506,-3.463307,204,342,130,60
592,511,-5.359766,200,335,141,60
595,517,-6.911813,197,329,152,60
598,522,-8.563013,370,326,165,60
604,533,-13.319018,370,111,192,60
608,539,-15.719267,370,107,216,60
612,544,-17.253311,370,101,250,60
616,550,-19.175188,370,96,276,60
621,557,-21.011889,370,89,286,60
628,565,-17.578416,370,83,286,60
632,571,-15.666632,370,75,279,60
635,577,-13.253952,128,68,266,60
638,583,-10.346680,99,57,245,60
641,589,-7.916986,83,51,234,60
645,598,-5.360279,71,44,227,60
647,605,-4.245651,58,37,223,60
649,612,-4.086296,41,27,224,60
651,618,-2.846973,31,21,28,60
650,621,-0.060726,27,19,27,60
649,621,1.390058,25,18,25,60
648,622,5.942357,24,18,189,60
646,621,20.849337,23,20,155,60
645,621,34.653618,24,222,127,60
644,620,54.478221,238,144,117,60
642,619,73.834570,231,114,124,60
641,618,93.642960,144,107,159,60
635,617,100.610758,125,106,186,60
628,616,97.483278,121,98,164,60
619,616,95.309794,116,88,134,60
612,616,94.456738,111,81,117,60
604,615,95.308124,90,70,110,60
592,614,94.547609,83,62,93,60
585,614,86.998384,75,55,80,60
579,614,82.544368,75,48,63,60
573,615,79.500341,69,40,48,60
564,616,67.635812,76,36,38,60
560,617,58.054608,93,34,32,60
558,619,45.355473,238,40,32,60
558,620,30.976765,234,72,39,60
558,621,16.805887,252,145,51,60
560,623,4.904713,281,224,65,60
560,624,0.516064,305,221,76,60
561,624,-0.334415,312,220,80,60
563,634,-1.403182,307,215,83,60
565,640,-3.335824,306,207,90,60
567,646,-4.903882,306,199,102,60
569,652,-5.028128,298,193,104,60
573,659,-9.674331,316,190,121,60
576,663,-11.297845,135,186,131,60
579,667,-15.962449,103,185,169,60
584,673,-22.419146,93,184,193,60
588,677,-23.793869,76,186,185,60
593,681,-27.765691,66,186,178,60
598,686,-35.147052,48,194,168,60
606,692,-31.366305,42,193,162,60
613,698,-32.600552,39,179,154,60
620,705,-23.136599,54,156,155,60
625,711,-17.871387,56,148,151,60
627,716,-10.610355,228,131,155,60
630,722,-7.404987,200,123,154,60
632,728,-2.004512,178,118,157,60
633,733,-2.008764,164,113,155,60
634,739,-2.314407,159,108,145,60
636,748,-3.475421,148,99,133,60
639,754,-3.948489,137,90,120,60
641,760,-5.639587,133,85,109,60
645,768,-8.704032,133,80,99,60
648,774,-12.094982,130,75,89,60
651,779,-13.911356,131,71,80,60
654,783,-15.890132,127,65,71,60
660,790,-20.131683,140,63,65,60
663,793,-25.224983,141,60,59,60
667,796,-30.255715,200,60,54,60
669,796,-48.055134,370,67,54,60
669,796,-61.559642,350,130,66,60
669,794,-92.626598,370,370,94,60
669,793,-113.090131,370,339,166,60
669,792,-129.649184,10,370,370,60
673,789,-136.460651,0,0,0,60
680,783,-147.921072,0,0,0,60
688,776,-149.297991,0,0,0,60
695,771,-142.646980,7,370,314,60
699,770,-128.460883,34,370,370,60
703,770,-101.091476,370,288,264,60
706,771,-87.638064,370,370,138,60
716,771,-82.736642,370,370,125,60
731,773,-74.868305,269,370,113,60
739,774,-72.986877,265,305,103,60
750,776,-75.821125,257,297,102,60
756,776,-80.465182,248,370,111,60
762,776,-86.349723,241,370,127,60
770,776,-91.073495,370,370,137,60
776,776,-96.679320,370,370,149,60
781,775,-101.753276,370,370,179,60
787,774,-104.998247,370,221,214,60
792,772,-109.684119,370,211,259,60
802,770,-113.561274,370,201,319,60
808,768,-116.120726,370,190,364,60
819,764,-115.705995,370,182,370,60
826,762,-115.271459,370,173,370,60
837,759,-109.813968,370,166,319,60
843,758,-105.751600,370,162,274,60
849,758,-100.660721,370,162,233,60
855,757,-93.074144,154,370,179,60
861,757,-86.043907,145,370,154,60
872,758,-81.560496,140,370,144,60
879,759,-82.473158,134,370,138,60
886,759,-83.241709,128,370,141,60
896,759,-86.481895,118,370,154,60
902,759,-91.427751,114,365,157,60
908,759,-92.657105,107,356,172,60
914,758,-94.855025,102,351,183,60
923,757,-99.600935,99,348,200,60
933,756,-104.256064,89,343,231,60
940,755,-106.518957,83,341,258,60
947,753,-108.323133,75,335,288,60
955,751,-108.376789,65,327,295,60
962,750,-108.444144,59,320,296,60
975,748,-106.597193,49,309,285,60
986,745,-104.561265,37,299,295,60
998,743,-102.068463,24,280,258,60
1016,741,-99.014437,370,259,241,60
1026,739,-100.814647,370,248,251,60
1038,738,-101.579027,370,231,257,60
1054,736,-98.785164,370,220,257,60
1064,735,-97.310140,327,202,233,60
1073,734,-96.182819,305,192,228,60
1083,733,-101.014163,321,185,219,60
1088,732,-107.794471,370,186,199,60
1093,731,-112.200021,370,187,188,60
1103,728,-114.823009,370,180,179,60
1114,725,-113.328118,370,171,168,60
1121,723,-113.229792,370,163,161,60
1128,721,-113.218187,370,151,149,60
1139,718,-113.818740,355,143,141,60
1145,715,-117.269547,370,137,128,60
1151,713,-120.422968,370,135,121,60
1157,711,-123.083764,370,133,114,60
1166,707,-128.154249,370,128,109,60
1172,704,-130.299062,370,130,99,60
1180,699,-135.027569,370,133,96,60
1187,694,-140.563577,370,141,92,60
1191,691,-143.289905,370,144,87,60
1196,687,-145.941272,370,135,83,60
1200,684,-147.385225,354,144,80,60
1205,678,-152.797685,340,148,78,60
1208,674,-155.808079,316,168,78,60
1212,670,-159.945417,292,206,79,60
1215,664,-163.141180,278,247,80,60
1217,660,-168.098910,264,329,83,60
1219,656,-167.284244,264,310,80,60
1222,649,-173.844845,370,370,85,60
1223,645,-173.182415,370,370,92,60
1223,638,-177.884379,370,370,89,60
1223,633,-174.173464,370,370,93,60
1223,628,143.022470,245,370,82,60
1223,623,172.342668,370,370,114,60
1222,617,173.232244,370,370,121,60
1221,610,173.175355,370,370,124,60
1219,604,176.587496,370,370,118,60
1218,599,172.746261,370,370,128,60
1216,593,167.664956,370,370,152,60
1214,588,172.585494,370,370,138,60
1210,580,168.879966,370,370,159,60
1207,575,163.384610,370,219,234,60
1204,570,166.838267,370,238,185,60
1199,562,162.995237,370,211,228,60
1194,557,155.822409,370,202,238,60
1188,548,160.057894,370,177,303,60
1183,543,159.929546,370,169,313,60
1178,536,155.856826,370,152,354,60
1172,530,151.544432,370,146,361,60
1168,525,157.030124,370,132,370,60
1162,517,154.356359,370,129,370,60
1158,512,155.277902,370,130,327,60
1155,507,159.917256,370,117,354,60
1152,499,164.180784,370,129,274,60
1151,495,172.802283,370,125,269,60
1151,490,170.646544,370,124,262,60
1150,485,171.674790,80,126,244,60
1150,475,173.561028,78,123,238,60
1149,468,169.476069,72,104,269,60
1149,461,172.490488,72,349,212,60
1149,448,168.179155,61,87,279,60
1150,440,168.075552,58,83,272,60
1150,432,-168.249463,71,328,158,60
1150,419,-178.271997,62,314,166,60
1151,413,-178.544568,51,298,192,60
1152,409,-175.726644,49,295,185,60
1155,402,-168.240625,55,293,159,60
1161,390,-168.196038,52,284,158,60
1167,381,-166.561125,295,297,127,60
1172,374,-162.625309,293,272,128,60
1177,367,-159.900255,279,270,117,60
1187,356,-154.272289,257,188,97,60
1192,350,-156.932155,254,201,96,60
1196,345,-153.141098,245,189,89,60
1200,340,-153.029774,240,181,85,60
1203,334,-163.813728,250,230,93,60
1207,327,-161.593052,235,205,83,60
1209,323,-170.119257,254,212,97,60
1212,318,-171.788510,254,205,97,60
1214,310,-169.136391,238,202,90,60
1215,305,-170.671049,237,196,92,60
1215,299,-178.222769,251,184,106,60
1216,290,-177.784423,213,183,86,60
1216,284,-167.634875,200,178,82,60
1216,278,143.370013,235,167,110,60
1215,270,179.155857,226,158,113,60
1214,264,178.290436,217,149,117,60
1212,256,175.047688,217,144,124,60
1211,250,174.667974,210,136,134,60
1207,242,172.101819,210,131,144,60
1205,237,170.379793,213,127,154,60
1202,232,168.469817,212,120,141,60
1199,227,159.076108,269,121,125,60
1196,222,164.010844,221,112,124,60
1190,214,161.209650,224,108,114,60
1185,208,159.162626,228,104,109,60
1179,201,155.431474,370,108,94,60
1175,196,154.735136,250,95,93,60
1170,192,152.772868,261,90,85,60
1163,186,147.484128,317,90,79,60
1159,183,144.306088,370,90,75,60
1152,178,138.314816,370,95,72,60
1145,175,133.280030,370,97,69,60
1138,172,125.045367,275,113,71,60
1134,171,118.642431,283,130,72,60
1132,171,106.835126,370,261,87,60
1131,172,91.604040,370,370,116,60
1132,173,66.801060,134,370,243,60
1129,174,57.846480,124,370,343,60
1124,176,51.048200,116,370,370,60
1118,180,45.976981,109,370,370,60
1112,183,45.142559,103,370,255,60
1106,187,49.820094,100,370,234,60
1101,189,53.957028,100,370,370,60
1092,193,59.332073,97,370,370,60
1085,195,62.091615,100,370,370,60
1078,198,59.651308,102,370,370,60
1069,200,68.094497,370,370,370,60
1063,201,72.960097,370,370,353,60
1058,201,79.935188,370,214,212,60
1051,201,93.416207,370,179,164,60
1046,200,100.693544,370,370,141,60
1041,199,107.729770,370,370,123,60
1035,198,109.225306,370,312,114,60
1025,196,108.701833,234,310,113,60
1018,195,105.345092,370,345,114,60
1012,194,101.001594,370,370,120,60
1006,194,97.624472,370,370,131,60
997,194,94.160716,370,370,140,60
990,194,88.939676,370,114,158,60
981,195,84.732036,370,112,168,60
975,195,82.616610,370,112,182,60
965,197,76.712124,370,111,207,60
959,198,73.809597,370,113,237,60
953,199,70.884324,370,115,281,60
944,201,69.071411,370,115,313,60
937,203,67.283228,370,106,63,60
932,205,64.735133,370,110,62,60
925,208,56.599969,370,131,63,60
920,210,54.317893,370,370,63,60
913,214,44.737768,370,370,65,60
912,215,34.636379,370,370,79,60
906,220,32.321768,370,370,87,60
896,230,27.692893,370,370,94,60
892,234,24.095917,370,370,370,60
887,241,16.877943,370,370,370,60
885,246,12.467757,370,370,370,60
883,250,9.000387,370,370,370,60
879,256,9.320731,370,370,370,60
877,260,12.594727,370,370,370,60
874,265,16.620290,368,370,370,60
869,270,25.860659,347,370,370,60
865,273,32.136659,370,370,354,60
859,277,38.769101,370,370,341,60
856,279,46.171207,370,370,330,60
850,281,52.032453,370,370,326,60
845,283,58.212709,370,370,35,60
840,284,62.985192,370,347,25,60
831,286,70.376113,370,322,18,60
819,288,73.248611,370,309,329,60
806,292,65.763565,370,297,306,60
794,295,64.747689,370,294,286,60
787,298,59.205593,367,299,265,60
777,301,61.341441,365,289,258,60
770,303,65.278514,369,275,254,60
764,305,65.790763,370,257,252,60
756,307,69.002387,370,240,244,60
745,309,68.763693,370,231,238,60
738,311,68.577648,370,225,230,60
731,312,70.009419,370,211,219,60
723,314,71.597690,370,201,213,60
713,316,69.614292,370,197,202,60
706,317,67.863868,370,196,190,60
699,319,66.365636,370,186,185,60
688,322,67.325599,370,174,173,60
681,323,67.169272,370,166,166,60
674,325,65.378665,370,157,152,60
663,328,60.609054,370,152,144,60
657,331,61.389729,370,144,131,60
650,333,58.637171,370,141,124,60
640,336,59.745612,370,129,117,60
634,339,58.685743,370,127,110,60
628,341,55.254636,370,121,102,60
623,344,51.259737,370,122,96,60
616,348,43.816555,370,127,92,60
611,350,41.136662,370,132,87,60
605,355,35.185231,370,140,86,60
601,359,29.200953,293,167,86,60
597,363,25.421038,295,184,85,60
594,366,19.362014,303,236,89,60
590,373,12.962192,309,298,90,60
587,377,10.211014,314,370,93,60
584,384,5.878974,370,370,97,60
583,389,5.009371,370,370,99,60
582,394,3.937526,370,370,100,60
581,399,1.544537,370,370,104,60
579,406,1.192178,370,370,104,60
579,411,1.116984,370,370,103,60
578,419,0.224940,370,370,103,60
578,427,0.013636,370,370,104,60
579,432,-0.008369,370,370,104,60
579,437,-0.453570,370,370,106,60
580,442,-1.213217,370,370,110,60
582,447,-2.627118,370,370,117,60
585,454,-4.911664,370,370,127,60
587,458,-7.074801,370,370,137,60
590,463,-10.668774,370,370,161,60
595,470,-13.212990,370,175,171,60
598,475,-13.576952,370,171,188,60
602,480,-15.344480,370,167,203,60
606,485,-18.605718,370,164,248,60
610,491,-19.676419,370,159,269,60
617,498,-20.810218,370,154,286,60
622,504,-21.981544,370,150,310,60
626,509,-21.966189,370,145,323,60
634,518,-22.760546,370,137,358,60
639,524,-20.436971,370,125,351,60
643,530,-18.061820,370,116,327,60
649,539,-13.955794,370,108,306,60
652,544,-11.402889,370,101,286,60
655,550,-9.279640,370,91,266,60
659,559,-6.474877,370,84,257,60
661,566,-5.122251,370,78,252,60
663,572,-4.399347,107,70,245,60
666,579,-3.713301,90,60,248,60
669,590,-3.445550,79,52,250,60
671,598,-3.555726,68,45,59,60
673,605,-3.572517,51,34,45,60
675,610,-4.990679,45,29,38,60
677,614,-7.496283,41,25,32,60
679,616,-17.422222,45,24,28,60
680,616,-28.007519,65,27,27,60
681,615,-51.402330,289,44,32,60
681,614,-70.437871,370,370,49,60
682,613,-88.207117,370,267,350,60
682,612,-103.051120,370,370,370,60
683,611,-123.847907,319,370,312,60
687,609,-130.909820,365,370,268,60
691,606,-132.673673,370,370,370,60
700,602,-130.570554,365,370,370,60
707,598,-130.344970,345,370,370,60
713,595,-131.281246,334,370,370,60
723,590,-129.281671,314,370,370,60
729,588,-125.071597,283,369,341,60
735,586,-119.963926,370,358,226,60
745,583,-110.850817,370,370,259,60
752,582,-110.168672,370,370,251,60
758,580,-107.153232,370,370,262,60
769,578,-107.541371,370,370,247,60
776,577,-108.789149,370,370,228,60
784,575,-108.193126,370,370,207,60
796,572,-106.857165,370,370,206,60
803,571,-107.964013,370,370,185,60
811,569,-109.718105,370,370,154,60
821,566,-112.815035,370,370,154,60
828,564,-115.677984,370,370,180,60
838,561,-120.431147,370,370,221,60
843,559,-123.094316,370,370,370,60
849,557,-124.994954,370,246,370,60
855,554,-125.749086,370,240,370,60
864,550,-125.536199,370,233,370,60
870,548,-123.233329,370,226,370,60
877,545,-120.788254,370,370,370,60
882,543,-124.007244,370,370,370,60
887,540,-134.670384,370,209,370,60
890,538,-141.749461,370,214,370,60
894,535,-144.134011,370,213,370,60
901,530,-142.052819,370,207,370,60
906,526,-139.088637,370,196,370,60
912,522,-136.214959,370,180,361,60
921,517,-132.410304,370,170,354,60
927,515,-129.657139,370,159,344,60
936,511,-126.395104,370,151,340,60
943,508,-124.658263,370,144,334,60
952,505,-120.102061,370,370,327,60
958,503,-115.913878,169,352,327,60
965,501,-110.964079,142,322,329,60
976,499,-106.766536,130,308,330,60
983,498,-103.783439,114,290,329,60
994,497,-99.891196,104,278,336,60
1001,496,-97.833830,370,269,333,60
1009,495,-95.275107,370,260,334,60
1016,495,-93.298420,370,248,331,60
1024,495,-87.786508,327,240,351,60
1035,495,-86.952427,309,233,350,60
1043,496,-85.080701,305,225,331,60
1054,496,-85.648095,276,214,331,60
1061,497,-83.594162,258,205,326,60
1068,497,-81.969241,245,198,324,60
1076,498,-78.797751,227,192,337,60
1086,500,-72.396099,207,190,370,60
1093,502,-69.113038,195,186,370,60
1100,504,-64.001066,176,185,370,60
1111,507,-60.624232,166,184,367,60
1117,510,-57.197412,158,181,360,60
1124,512,-54.158499,151,180,351,60
1133,517,-49.289053,141,183,341,60
1139,520,-48.466320,135,181,336,60
1146,523,-47.690227,125,170,330,60
1154,527,-55.221215,120,152,331,60
1158,528,-61.843702,116,130,341,60
1161,528,-72.709680,117,113,251,60
1165,528,-85.370980,128,100,155,60
1168,527,-96.148505,151,97,124,60
1171,527,-100.938454,165,95,113,60
1176,525,-108.226584,196,94,100,60
1183,523,-117.963538,292,99,92,60
1188,521,-120.735605,295,94,86,60
1192,519,-126.208615,370,96,79,60
1199,515,-130.972638,370,99,75,60
1203,512,-137.147494,370,103,71,60
1207,509,-142.077496,370,109,69,60
1213,504,-140.583613,370,112,66,60
1215,502,-151.911330,370,111,65,60
1215,500,-162.572139,182,227,79,60
1215,500,-171.234729,164,370,92,60
1213,500,-172.205373,159,370,96,60
1212,499,166.911520,370,135,370,60
1212,495,175.424273,140,370,149,60
1210,491,172.797702,140,370,127,60
1209,487,173.068697,133,370,142,60
1206,484,168.122725,125,370,171,60
1204,481,163.357257,121,370,204,60
1200,476,159.326008,116,148,240,60
1196,472,154.185499,370,127,353,60
1192,468,151.699915,370,121,370,60
1187,464,145.012694,370,110,368,60
1180,457,143.450853,370,98,358,60
1174,452,150.916202,83,90,354,60
1169,447,152.312868,72,81,351,60
1161,439,154.429776,65,67,337,60
1156,433,152.934203,58,67,344,60
1150,426,157.197955,51,60,340,60
1150,423,172.417520,47,69,269,60
1150,421,170.220252,47,68,258,60
1151,421,-175.319437,314,211,127,60
1153,420,-172.094665,61,309,168,60
1154,419,-164.981163,72,322,147,60
1157,419,-149.827353,89,274,131,60
1163,413,-144.679789,313,222,121,60
1169,409,-138.433983,302,160,106,60
1175,406,-138.932614,299,150,99,60
1180,402,-134.387669,295,130,93,60
1186,397,-137.997716,292,137,90,60
1190,394,-141.510170,288,130,86,60
1194,390,-150.791720,288,170,87,60
1199,385,-148.777635,283,158,85,60
1201,381,-154.282357,288,197,87,60
1203,378,-159.119211,289,223,87,60
1204,375,-165.970085,305,269,97,60
1204,371,-174.110399,329,258,111,60
1205,366,-172.171086,337,254,116,60
1204,363,131.780062,338,250,118,60
1203,359,177.571095,358,245,133,60
1202,356,175.481274,362,242,140,60
1201,353,173.172997,370,241,152,60
1198,349,166.196344,370,240,180,60
1195,346,160.190572,370,244,226,60
1191,343,149.904435,355,259,244,60
1188,341,141.784418,31,294,234,60
1185,340,134.672850,28,330,233,60
1180,337,129.948579,21,361,233,60
1174,334,127.627248,14,11,233,60
1162,328,137.711462,0,0,0,60
1149,319,139.327483,329,271,214,60
1145,314,153.255256,324,274,209,60
1144,311,165.675522,370,205,226,60
1144,308,166.260221,313,197,247,60
1141,300,163.089713,364,195,221,60
1140,294,175.250275,282,183,237,60
1137,287,167.119744,317,177,204,60
1134,277,174.358532,259,167,214,60
1131,270,165.750318,250,160,206,60
1129,263,174.130139,240,153,196,60
1127,256,173.612250,226,142,180,60
1122,247,172.168180,220,136,171,60
1119,241,164.910745,214,131,162,60
1116,235,170.602122,206,122,148,60
1113,229,169.694587,200,116,140,60
1108,220,167.860139,196,111,130,60
1105,214,165.888399,195,106,121,60
1101,209,163.922619,199,102,113,60
1098,205,160.984643,207,97,102,60
1094,200,157.297962,227,94,94,60
1088,195,150.114740,276,96,89,60
1084,192,145.540716,370,99,86,60
1080,189,142.261661,370,101,83,60
1076,187,138.175873,370,106,80,60
1071,184,133.042116,370,114,79,60
1065,182,122.817992,193,130,79,60
1061,181,115.558808,220,173,86,60
1055,180,104.005389,370,275,96,60
1051,180,94.443697,370,370,114,60
1045,181,80.927206,370,172,152,60
1042,182,70.545722,370,201,204,60
1038,183,61.901105,370,370,312,60
1035,185,52.652016,370,370,370,60
1030,189,42.164803,370,370,171,60
1025,192,40.233604,370,370,180,60
1020,196,39.635144,370,370,179,60
1010,201,41.949751,370,370,168,60
1005,205,41.495275,370,370,164,60
997,211,39.223008,370,370,164,60
992,215,36.816744,370,370,165,60
987,219,33.278196,370,370,173,60
983,223,29.886168,370,370,370,60
979,227,27.191982,370,370,370,60
972,234,25.123568,370,370,370,60
968,239,23.836933,370,370,370,60
961,247,23.731230,370,370,370,60
956,252,24.817332,360,370,370,60
951,257,26.184194,353,370,370,60
944,265,26.747682,347,370,370,60
938,269,29.538929,334,370,370,60
933,274,31.190684,327,370,370,60
924,280,37.110456,370,370,370,60
918,284,39.294189,370,370,370,60
912,289,41.665916,370,370,370,60
906,292,43.977095,370,370,370,60
899,296,44.937510,370,370,370,60
890,301,48.879071,370,370,367,60
882,305,51.666227,370,370,360,60
876,308,53.675443,370,370,351,60
865,312,55.907936,370,370,344,60
858,315,56.216639,370,370,337,60
850,318,56.923981,344,370,333,60
843,321,56.704740,338,370,320,60
836,323,59.419927,340,356,316,60
825,327,62.028896,344,339,312,60
817,329,64.502088,344,325,305,60
810,331,67.774211,351,308,303,60
798,333,71.281335,370,287,298,60
790,334,71.698329,370,271,288,60
778,337,73.525404,370,259,285,60
770,338,74.449513,370,246,271,60
762,340,77.044180,370,235,268,60
749,342,77.062438,370,227,255,60
741,343,73.979009,370,220,244,60
733,344,73.171946,370,213,233,60
721,346,72.162935,370,203,214,60
714,348,69.143497,370,194,199,60
704,349,71.032835,370,186,192,60
696,351,69.810813,370,177,186,60
686,353,68.609272,370,169,173,60
680,355,67.682032,370,163,164,60
674,356,66.342498,370,155,152,60
665,359,62.110671,370,153,145,60
660,361,58.749050,370,152,134,60
652,365,52.609005,370,156,127,60
646,367,50.480891,370,159,123,60
641,370,48.811133,370,152,114,60
633,375,43.675168,370,150,109,60
628,378,40.663562,370,154,106,60
623,381,37.407233,266,165,102,60
617,386,32.768488,264,172,100,60
613,390,27.900294,264,191,99,60
610,394,20.900065,266,228,102,60
607,398,18.444775,271,294,104,60
605,402,11.955757,282,370,113,60
602,407,7.276387,370,370,116,60
601,411,5.750250,370,370,121,60
599,417,3.686662,370,370,124,60
599,421,1.183108,370,370,130,60
598,426,0.781792,370,370,128,60
598,433,-0.019186,370,370,133,60
599,438,-0.117543,370,370,134,60
600,443,-0.542099,370,370,138,60
601,448,-1.830473,370,370,142,60
602,454,-2.950607,370,370,148,60
605,461,-4.834328,370,370,152,60
607,466,-6.398749,370,370,169,60
609,471,-6.567576,370,169,173,60
612,476,-7.678068,370,165,183,60
616,484,-10.845733,370,161,202,60
619,488,-12.320170,370,155,223,60
624,496,-15.410683,370,152,245,60
627,500,-16.662174,370,147,258,60
633,507,-20.678165,370,143,307,60
638,513,-21.916975,370,140,361,60
645,521,-22.305025,370,133,354,60
650,526,-22.201768,370,124,347,60
656,532,-22.574335,370,121,343,60
662,539,-27.618401,370,114,111,60
668,544,-28.811579,329,117,106,60
673,548,-30.278920,324,111,100,60
682,556,-33.097052,305,106,93,60
687,559,-35.151162,289,352,87,60
691,562,-38.522123,276,368,85,60
697,566,-43.471766,370,370,82,60
702,568,-48.826492,370,370,82,60
706,570,-54.674203,370,370,82,60
709,571,-59.947866,370,370,298,60
713,571,-71.133491,370,281,324,60
718,571,-83.934323,370,230,361,60
725,571,-92.768028,370,370,370,60
731,570,-95.872601,370,370,370,60
738,570,-96.136790,370,370,370,60
746,569,-97.075198,370,370,370,60
758,569,-96.146701,370,370,370,60
766,568,-94.783658,370,370,370,60
778,568,-91.379086,330,370,370,60
786,568,-87.717948,321,370,370,60
794,568,-86.848186,312,370,370,60
801,568,-86.926700,302,370,370,60
810,569,-87.110897,295,370,370,60
821,569,-86.787655,288,370,370,60
829,569,-86.902555,278,370,370,60
841,570,-85.207124,271,370,370,60
850,571,-83.693199,370,370,370,60
858,571,-82.102772,370,370,370,60
866,572,-80.411692,370,370,364,60
878,574,-79.283783,370,370,355,60
890,575,-76.973508,370,174,348,60
898,576,-74.317142,370,125,331,60
910,579,-71.214609,370,101,323,60
918,580,-69.950765,370,80,313,60
929,583,-71.019364,370,76,312,60
937,584,-71.255850,369,77,28,60
944,585,-72.935061,362,82,27,60
956,588,-73.611248,355,77,25,60
961,588,-79.058079,348,79,25,60
963,587,-104.808729,370,302,49,60
963,586,-123.754774,234,364,312,60
963,584,-149.452354,370,186,323,60
962,583,-154.602120,370,199,337,60
965,577,-161.702226,345,218,358,60
967,572,-165.416220,329,221,369,60
970,565,-163.254796,333,207,358,60
973,559,-166.392906,321,211,368,60
977,551,-165.861049,321,198,362,60
982,541,-170.514123,305,370,370,60
986,533,-163.423185,331,171,343,60
989,526,-165.915450,321,164,344,60
995,516,-167.954352,334,144,329,60
999,508,-168.159141,326,140,331,60
1003,501,-167.258167,314,133,336,60
1007,494,-160.522966,370,109,309,60
1013,483,-162.570836,370,98,299,60
1017,476,-162.092665,370,88,293,60
1021,470,-159.975824,370,84,300,60
1024,463,-165.184085,370,75,55,60
1029,454,-161.460334,370,62,48,60
1033,447,-160.813004,370,57,42,60
1036,441,-162.054233,370,47,35,60
1036,439,-168.027005,370,49,32,60
1035,439,-179.303083,370,59,37,60
1034,439,177.638655,266,330,51,60
1032,439,165.602129,269,100,45,60
1032,440,160.428864,264,337,56,60
1031,441,149.287523,370,370,82,60
1026,437,144.839092,370,370,89,60
1022,434,139.750175,370,268,103,60
1016,432,127.994496,370,244,327,60
1012,431,116.359427,370,236,337,60
1008,430,110.132505,370,370,354,60
1004,430,98.334478,370,370,247,60
999,430,93.631461,365,370,237,60
989,429,93.284575,348,370,227,60
981,429,91.572090,351,370,217,60
970,428,90.023059,362,370,213,60
963,428,91.759978,364,370,204,60
956,428,90.400210,344,370,195,60
946,429,85.184407,323,370,370,60
937,430,79.402040,296,370,370,60
930,430,77.533864,279,370,370,60
924,432,74.117343,370,370,370,60
917,433,74.066039,370,370,370,60
910,434,73.885608,259,370,370,60
898,436,76.088642,265,370,370,60
890,437,76.601938,264,370,370,60
882,439,77.378165,264,357,370,60
875,440,75.514580,257,353,370,60
863,441,77.822322,261,342,370,60
855,442,80.867730,272,330,370,60
847,442,81.134761,274,317,370,60
839,443,81.996480,276,308,370,60
830,444,78.305580,265,304,360,60
823,446,66.350975,237,311,323,60
819,448,57.006893,217,329,303,60
816,449,49.840280,370,365,292,60
814,451,40.889681,370,370,290,60
810,454,36.499543,370,238,290,60
802,460,32.888538,370,225,289,60
797,464,31.627964,370,217,285,60
789,471,32.194888,370,207,276,60
783,476,33.200795,370,200,268,60
777,481,34.473227,370,198,259,60
771,486,35.002020,368,193,254,60
765,490,33.569034,365,185,248,60
757,497,32.295202,361,176,244,60
752,501,31.335189,358,170,240,60
752,502,32.441993,354,168,235,60
752,501,31.734941,357,168,238,60
752,501,32.334958,355,169,237,60
752,502,31.524078,355,166,238,60
752,501,31.739634,357,168,238,60
752,501,30.414837,358,165,240,60
752,501,32.118617,355,168,238,60
752,501,31.860275,355,168,238,60
752,501,31.442339,357,168,238,60
752,501,31.945324,355,168,237,60
752,502,32.581579,357,167,238,60
752,501,32.544704,357,168,238,60
752,501,31.403272,357,164,240,60
752,501,32.160946,355,168,238,60
752,501,30.356271,358,165,240,60
752,502,30.922433,357,165,240,60
752,501,31.681487,355,166,238,60
752,501,32.189932,355,168,237,60
752,501,32.484561,357,167,238,60
752,502,32.362390,355,169,237,60
752,502,31.736662,355,166,238,60
752,501,32.465845,355,169,237,60
752,501,31.128350,357,166,238,60
752,501,31.978764,355,168,237,60
752,501,32.162204,357,167,238,60
752,502,31.402428,355,166,238,60
752,501,31.918862,357,166,238,60
752,501,31.724348,355,168,238,60
752,501,30.461307,357,166,238,60
752,501,32.277539,357,167,238,60
752,501,32.296474,355,169,237,60
752,501,30.966719,357,167,238,60
752,501,31.903815,357,166,240,60
