641,795,-178.512392,207,69,41,60
641,795,-176.890625,200,72,41,60
641,794,-177.364216,204,69,39,60
641,793,-177.376669,204,68,38,60
641,791,136.063875,196,72,38,60
640,790,175.389151,178,85,42,60
639,791,165.896630,157,370,49,60
639,792,153.422341,134,321,63,60
639,793,139.878174,116,182,100,60
636,793,122.815784,111,135,370,60
628,790,120.096074,106,120,370,60
620,788,115.131118,97,105,309,60
613,786,111.204840,89,87,202,60
607,783,120.952901,82,87,243,60
604,781,130.760422,79,96,370,60
601,778,137.948159,76,114,370,60
597,774,152.059385,82,163,370,60
595,771,158.865086,87,218,370,60
593,766,169.255213,93,306,370,60
592,762,171.123424,102,370,76,60
591,758,175.157321,110,370,69,60
591,753,177.853511,117,370,65,60
592,746,-175.064058,148,370,56,60
595,732,-176.632890,135,370,49,60
597,724,-169.952303,168,370,37,60
604,706,-173.768810,176,370,370,60
607,696,-172.676776,175,370,370,60
611,684,-168.996978,200,370,370,60
614,671,-176.487162,176,370,370,60
616,667,-173.066381,173,370,370,60
619,663,-167.899052,202,370,370,60
622,659,-161.037830,286,370,370,60
627,655,-149.195745,370,370,370,60
633,651,-136.273098,370,370,370,60
637,650,-128.351614,370,370,333,60
641,648,-118.484629,370,370,370,60
644,648,-109.829312,370,370,75,60
650,648,-95.032989,370,370,45,60
654,649,-83.941746,370,331,23,60
662,650,-71.341030,370,31,11,60
678,654,-65.583848,370,6,3,60
686,656,-72.449031,370,12,4,60
695,657,-72.998115,370,12,4,60
698,657,-80.797733,370,308,8,60
700,656,-101.333585,370,370,370,60
700,655,-128.411625,370,370,370,60
699,654,-143.161961,370,370,255,60
704,649,-147.068702,370,370,370,60
707,648,-140.841101,370,370,370,60
710,646,-137.035080,370,370,370,60
713,645,-125.380776,344,370,271,60
719,643,-113.998612,370,370,299,60
723,643,-101.834256,370,370,370,60
726,643,-90.096176,370,231,330,60
732,644,-76.431532,370,261,278,60
735,645,-67.059383,370,370,244,60
738,647,-57.760301,370,370,217,60
742,650,-45.973703,228,319,206,60
744,652,-38.300513,252,270,202,60
747,654,-31.114972,370,238,199,60
750,658,-21.396405,370,208,202,60
751,661,-15.730737,370,194,209,60
752,664,-11.088835,324,184,217,60
740,704,35.445723,148,169,8,60
737,706,43.911514,0,0,0,60
734,707,52.264648,0,0,0,60
726,711,55.356219,0,0,0,60
722,712,49.051157,0,0,0,60
722,714,30.095554,0,0,0,60
723,714,15.581578,144,142,3,60
725,714,6.452829,158,133,17,60
726,713,1.378604,180,131,190,60
727,712,-0.066151,186,132,186,60
727,718,-0.212652,182,129,182,60
727,725,-0.658430,173,122,171,60
728,730,-0.320965,166,117,164,60
728,735,-0.064031,154,109,154,60
728,744,0.049453,145,103,145,60
727,750,0.358903,137,97,137,60
725,760,0.804589,121,87,124,60
724,767,1.318128,110,80,116,60
722,775,1.952868,100,73,107,60
720,782,2.567668,83,62,92,60
718,790,2.589017,73,54,80,60
716,801,2.246320,58,43,63,60
713,811,1.467128,45,33,48,60
712,818,0.878667,37,26,37,60
711,824,0.388684,28,20,28,60
713,826,-1.015492,25,18,25,60
714,827,-6.226174,27,17,23,60
715,827,-20.942278,35,19,21,60
716,826,-35.787235,69,24,23,60
717,825,-56.812521,370,40,28,60
719,824,-87.394084,305,164,48,60
719,823,-108.782923,370,370,131,60
719,822,-134.778370,370,295,370,60
719,821,-143.324393,89,370,370,60
723,817,-149.155739,72,370,370,60
728,813,-148.274715,75,370,299,60
735,808,-136.799489,99,370,370,60
746,802,-132.045408,370,370,370,60
755,798,-119.059990,370,253,370,60
760,798,-105.764720,370,255,200,60
764,797,-95.041572,370,370,125,60
770,798,-81.099510,247,370,99,60
774,799,-70.970704,245,204,73,60
780,802,-58.241141,370,122,61,60
786,804,-55.521956,370,97,55,60
795,808,-54.615209,370,84,49,60
806,812,-55.791992,370,79,47,60
817,816,-56.637786,370,75,42,60
822,817,-64.912690,370,83,44,60
824,817,-81.803209,370,153,54,60
825,816,-102.068372,221,370,113,60
825,815,-129.620348,370,200,268,60
825,814,-144.174322,370,370,370,60
830,808,-152.831182,370,370,370,60
834,804,-150.017238,370,370,197,60
838,801,-141.083279,370,195,370,60
843,799,-128.476070,370,181,370,60
847,798,-119.410217,370,173,370,60
852,797,-104.892246,370,370,209,60
855,797,-96.102430,180,370,135,60
860,798,-82.555215,169,370,106,60
864,799,-73.850237,370,246,76,60
867,800,-65.452798,370,151,66,60
875,803,-62.336671,370,128,62,60
882,805,-62.413724,370,122,59,60
890,807,-63.392298,370,119,56,60
901,810,-66.483398,370,127,56,60
908,812,-68.267560,370,127,55,60
919,814,-72.145720,370,155,56,60
926,815,-74.414493,370,173,58,60
933,816,-76.871232,370,212,59,60
941,817,-77.961516,370,234,61,60
949,818,-81.193415,370,319,63,60
962,819,-84.951869,370,308,66,60
970,819,-89.363850,370,298,75,60
987,818,-94.949399,370,284,87,60
996,817,-99.798279,370,272,107,60
1003,816,-103.225118,370,269,123,60
1010,814,-109.047153,370,270,157,60
1020,812,-112.545554,370,264,164,60
1028,810,-113.789752,370,264,203,60
1038,807,-112.825597,370,256,207,60
1045,805,-110.639326,370,242,203,60
1052,804,-104.065728,370,220,152,60
1062,803,-94.860697,334,207,121,60
1068,803,-88.968302,286,199,103,60
1074,803,-82.259981,248,194,87,60
1083,805,-77.769289,223,188,78,60
1091,805,-79.960696,216,180,78,60
1098,806,-82.064035,212,172,79,60
1106,806,-87.293554,210,161,86,60
1114,806,-92.566227,214,153,94,60
1124,806,-97.236885,223,144,110,60
1131,805,-99.325100,221,138,117,60
1137,804,-102.445485,231,133,134,60
1148,802,-105.394673,233,124,141,60
1155,801,-103.375237,227,117,130,60
1167,799,-105.413419,193,105,120,60
1174,798,-104.604131,179,97,111,60
1182,796,-102.405045,154,85,97,60
1190,795,-98.948242,125,75,92,60
1202,794,-97.416854,111,67,82,60
1214,793,-99.761647,86,54,69,60
1221,792,-101.681914,79,44,52,60
1231,790,-107.057782,68,38,44,60
1236,789,-110.391836,59,31,35,60
1238,787,-128.334644,134,37,32,60
1237,786,-149.385753,370,66,39,60
1237,785,-160.944886,370,115,49,60
1235,784,-172.803398,370,242,62,60
1235,783,174.860162,370,370,370,60
1233,782,167.242734,183,370,100,60
1232,782,163.468045,179,370,127,60
1229,778,162.163746,172,370,164,60
1226,773,165.087818,169,370,183,60
1222,765,163.455037,162,370,171,60
1219,759,168.748659,159,370,138,60
1216,752,163.260306,148,366,182,60
1213,746,162.520761,142,353,193,60
1209,737,166.104889,138,370,171,60
1205,727,168.905115,134,370,158,60
1203,720,174.317683,370,370,148,60
1201,712,170.332677,370,370,147,60
1199,704,176.725084,370,370,141,60
1199,697,174.408661,370,370,140,60
1198,690,178.543767,370,370,141,60
1196,679,171.588839,370,370,142,60
1196,671,175.412572,370,370,142,60
1195,664,174.720650,370,370,158,60
1194,652,172.422232,370,370,168,60
1194,644,177.342155,370,370,149,60
1194,633,179.045453,370,370,144,60
1194,626,-143.608930,370,370,144,60
1194,619,-173.796958,370,370,124,60
1195,608,-174.779839,370,370,123,60
1196,600,-177.831152,370,370,134,60
1197,588,-173.975689,370,370,133,60
1198,580,-171.889835,370,370,127,60
1199,572,-169.394353,188,370,116,60
1200,564,-178.421097,175,370,127,60
1202,556,-166.641148,192,370,100,60
1203,548,-168.474960,185,370,102,60
1205,535,-169.910533,169,370,113,60
1206,528,-169.421201,172,370,104,60
1207,517,-169.730553,165,370,106,60
1208,509,-169.792879,166,370,97,60
1208,502,-167.775725,162,370,96,60
1210,491,-168.717182,157,370,96,60
1211,483,-169.238288,152,370,94,60
1212,472,-168.456525,145,365,96,60
1212,465,-171.736841,141,354,96,60
1212,454,142.146114,137,348,96,60
1212,448,-176.732310,127,335,102,60
1212,437,167.862672,107,338,182,60
1211,430,170.784442,103,319,147,60
1211,423,174.866914,102,309,133,60
1210,412,166.542615,93,309,171,60
1210,405,172.394480,94,293,125,60
1210,395,157.494572,85,290,165,60
1210,387,-144.401357,80,284,172,60
1211,380,-169.893800,274,105,65,60
1211,368,-166.373803,313,262,94,60
1212,360,-178.661699,337,245,111,60
1213,352,-170.790425,290,241,93,60
1214,341,-177.056950,295,232,99,60
1215,334,-177.960932,279,226,93,60
1215,328,-179.093982,293,213,107,60
1215,317,-179.013676,283,206,107,60
1215,310,135.596958,245,201,92,60
1216,302,-144.608626,340,195,151,60
1216,291,165.868614,364,229,188,60
1216,283,144.378584,226,173,99,60
1215,272,162.189976,370,227,169,60
1215,265,165.703559,252,156,135,60
1215,259,140.865177,193,148,99,60
1216,248,166.654509,282,144,158,60
1217,240,-163.080498,151,134,83,60
1218,228,-178.459893,164,117,107,60
1218,220,-177.771741,137,110,90,60
1219,213,-177.698500,123,103,85,60
1220,205,-171.081876,113,91,87,60
1221,194,-179.155732,116,83,100,60
1221,187,-167.455368,100,75,94,60
1222,179,-178.735269,89,64,93,60
1222,169,-177.385871,69,58,80,60
1222,161,175.856926,89,51,61,60
1222,154,164.167977,80,42,47,60
1222,144,179.075885,48,32,42,60
1221,138,178.727487,37,26,37,60
1220,135,175.240289,31,20,27,60
1218,134,167.171505,32,20,24,60
1217,134,146.574684,45,22,23,60
1216,135,132.915442,104,28,24,60
1216,136,128.593789,370,52,32,60
1215,137,103.092438,370,104,44,60
1214,137,81.649905,209,370,90,60
1214,138,66.361334,168,370,176,60
1215,139,41.726587,370,224,370,60
1216,139,27.954289,370,170,370,60
1214,142,22.821955,302,158,370,60
1207,150,23.552090,233,370,370,60
1204,153,32.194072,370,150,370,60
1198,156,42.846202,370,177,344,60
1194,157,58.793845,137,370,370,60
1189,158,71.834452,148,370,216,60
1184,158,86.494289,178,322,130,60
1180,157,96.481221,192,370,114,60
1177,156,107.302289,370,289,78,60
1173,155,117.567294,348,123,59,60
1165,151,122.863980,307,97,54,60
1158,149,114.996380,331,116,54,60
1151,146,124.884568,334,77,45,60
1141,143,115.151821,316,109,48,60
1140,144,100.088241,370,283,65,60
1140,145,69.575978,370,308,103,60
1141,146,50.499060,149,370,309,60
1142,147,35.146519,370,166,295,60
1141,148,34.062352,370,161,303,60
1134,153,29.459268,370,150,323,60
1129,156,41.302576,128,370,276,60
1126,157,49.907858,128,370,370,60
1122,158,61.006922,138,370,329,60
1119,158,71.576100,154,303,186,60
1113,159,87.283165,370,238,127,60
1109,158,100.268794,370,370,83,60
1103,156,116.400934,299,170,66,60
1100,154,126.210801,237,107,56,60
1095,152,122.148040,370,81,51,60
1088,148,132.635967,370,64,42,60
1078,144,125.116533,370,63,41,60
1075,143,110.585694,207,93,47,60
1073,144,89.908942,370,232,62,60
1073,146,59.892322,370,237,166,60
1073,147,40.686696,137,370,296,60
1073,149,23.798912,138,370,278,60
1070,154,14.828249,144,132,370,60
1066,160,13.060037,138,121,370,60
1063,164,20.416436,130,122,370,60
1060,166,25.894718,120,370,268,60
1056,169,35.234246,116,370,226,60
1052,171,44.444171,113,370,204,60
1047,173,55.402721,113,370,179,60
1043,174,65.269348,370,370,370,60
1039,174,75.025848,370,193,196,60
1035,174,84.208650,370,158,147,60
1028,174,98.323702,370,370,106,60
1024,172,108.337268,209,253,87,60
1018,170,123.401929,157,151,75,60
1013,168,130.759804,370,97,63,60
1004,163,133.434583,370,85,58,60
998,160,132.237570,370,81,55,60
991,156,131.323425,370,77,51,60
985,153,128.309890,370,79,49,60
980,152,103.852255,165,116,56,60
978,153,90.280531,161,370,78,60
977,154,69.012556,370,114,188,60
976,156,39.903971,370,370,370,60
976,157,25.880502,370,370,142,60
972,163,19.018800,370,370,169,60
968,168,19.973299,370,370,182,60
965,171,23.963784,370,370,151,60
960,176,29.617029,370,370,133,60
955,181,30.043924,370,370,121,60
950,185,31.599112,370,370,117,60
941,191,33.418866,370,370,109,60
935,196,35.312167,370,370,102,60
929,201,36.197139,370,370,93,60
919,208,36.130289,370,370,87,60
913,213,36.339158,370,370,85,60
907,217,35.627021,370,370,82,60
902,222,33.635938,370,370,82,60
894,229,32.543225,370,370,79,60
889,233,31.675512,370,370,80,60
884,238,30.697788,370,370,78,60
877,245,28.664839,370,370,78,60
872,249,27.164007,370,370,370,60
866,256,23.572494,357,370,370,60
862,261,21.045373,360,370,370,60
857,268,17.677816,365,370,370,60
853,272,24.902700,353,370,370,60
849,275,33.574641,370,370,343,60
846,277,40.705074,370,370,323,60
840,279,54.359237,370,370,316,60
834,280,68.475754,370,366,316,60
829,281,79.775945,370,309,11,60
825,280,91.795232,0,0,0,60
821,279,100.024387,0,0,0,60
809,277,110.200782,0,0,0,60
802,276,103.928495,312,278,28,60
798,276,81.817086,361,265,259,60
797,278,63.150896,370,275,300,60
796,279,46.546696,370,368,269,60
791,283,37.054065,370,370,274,60
786,286,43.749852,370,370,264,60
782,287,54.638315,364,333,258,60
779,288,65.104311,370,275,262,60
775,288,73.468560,370,253,275,60
769,288,85.500291,370,239,300,60
764,287,101.816794,276,235,235,60
761,285,111.458097,250,245,206,60
756,282,128.150958,230,287,180,60
753,280,135.716035,227,244,59,60
749,276,148.571031,231,205,41,60
747,273,156.293606,245,177,28,60
739,262,161.732865,255,162,23,60
734,256,160.271563,247,156,25,60
729,249,155.709530,227,156,32,60
721,240,156.658600,221,143,140,60
716,234,154.113767,210,135,128,60
708,226,147.269952,197,137,121,60
702,221,140.531679,183,145,116,60
696,217,137.105010,173,155,113,60
690,213,137.859029,166,142,106,60
680,206,135.972548,158,143,102,60
673,202,134.272070,148,137,96,60
664,194,137.740160,144,117,89,60
657,190,138.744765,137,112,85,60
651,186,139.115322,127,104,79,60
645,182,138.019082,121,100,75,60
637,176,134.906399,116,99,72,60
628,171,131.184396,104,99,68,60
622,168,129.902175,99,102,66,60
616,165,124.041322,89,106,65,60
614,166,107.211109,87,91,72,60
614,167,87.720529,110,80,110,60
615,168,65.043564,185,87,92,60
616,168,48.280570,357,101,89,60
617,169,32.975651,370,173,99,60
612,173,26.626955,370,216,103,60
607,178,21.126070,370,235,99,60
601,186,18.245270,370,265,99,60
597,191,18.482430,370,262,93,60
591,200,19.587185,370,270,90,60
587,206,16.670083,370,256,85,60
580,215,18.397987,370,270,82,60
576,221,13.190076,370,280,76,60
573,227,14.860532,370,238,71,60
568,236,11.684651,370,370,76,60
565,242,9.305800,370,370,75,60
562,250,9.108168,370,342,68,60
557,263,7.160376,370,356,62,60
554,270,6.047824,370,370,61,60
549,287,5.165013,370,370,56,60
546,297,4.269871,370,370,58,60
543,308,2.271246,370,370,51,60
540,326,3.057812,370,370,48,60
537,339,2.969249,370,370,42,60
535,355,1.206249,370,370,44,60
534,368,1.089884,370,370,41,60
533,385,0.001644,370,370,41,60
533,398,0.197998,370,370,41,60
533,409,-0.158264,370,370,41,60
534,429,-0.041584,306,370,42,60
535,438,-0.358436,293,370,45,60
539,455,-1.120684,271,370,48,60
542,465,-1.988963,259,370,54,60
545,477,-1.958351,237,367,62,60
550,492,-5.194079,238,359,73,60
555,504,-4.368232,217,348,78,60
561,518,-8.217470,200,332,93,60
567,530,-7.443596,195,325,109,60
572,539,-11.381833,179,311,131,60
578,550,-10.506244,172,306,144,60
582,556,-11.770790,152,295,152,60
586,562,-13.288482,147,290,168,60
593,572,-13.691759,138,285,179,60
599,581,-13.803053,120,275,195,60
603,588,-12.391367,104,268,195,60
606,594,-10.021855,79,254,186,60
611,603,-7.651743,65,247,183,60
613,609,-5.316147,47,236,175,60
615,614,-4.161652,38,231,172,60
619,627,-3.929943,27,224,175,60
621,636,-3.004987,11,212,173,60
624,647,-2.323904,27,197,178,60
627,661,-1.443516,41,188,178,60
628,672,-1.209163,62,177,179,60
629,681,-0.336312,80,167,179,60
630,691,-0.267366,217,153,179,60
631,700,-0.092066,203,144,179,60
630,711,0.173690,192,136,179,60
630,718,0.121199,183,130,178,60
629,724,0.177385,169,120,169,60
628,734,0.791018,157,113,162,60
626,740,1.689693,147,107,155,60
623,749,4.368799,131,98,147,60
620,755,5.517727,120,92,142,60
616,765,7.833357,106,84,134,60
612,771,9.320558,94,77,130,60
608,778,9.596069,82,67,114,60
603,788,10.700898,72,62,111,60
596,798,11.770921,58,51,96,60
592,804,15.285107,51,44,79,60
590,807,20.026312,42,41,83,60
587,808,34.090684,42,49,68,60
585,808,54.700984,45,66,61,60
583,808,69.666151,55,60,56,60
582,807,79.301369,73,49,59,60
581,805,116.476849,55,51,104,60
581,804,135.301325,55,78,370,60
581,802,154.161630,66,140,370,60
581,801,167.215145,82,300,113,60
582,798,176.895743,100,370,99,60
583,797,-141.733220,109,370,96,60
584,787,-177.878954,117,370,87,60
586,781,-177.143474,123,370,83,60
587,774,-176.926431,127,370,76,60
590,763,-176.426044,133,370,69,60
591,757,-177.324630,133,370,65,60
593,745,-177.887138,128,370,62,60
594,732,-176.126391,133,370,51,60
596,721,-177.395855,140,370,370,60
598,702,-173.005889,161,370,370,60
598,693,-176.270121,145,370,370,60
599,684,-176.010116,145,370,370,60
600,680,-178.667600,137,370,370,60
601,670,-177.758721,145,370,370,60
605,661,-171.600277,162,370,370,60
610,656,-162.284248,199,370,370,60
613,653,-153.900091,302,370,370,60
616,651,-142.305732,370,370,370,60
620,649,-136.466538,370,370,370,60
625,647,-119.273555,370,370,370,60
631,647,-105.659715,370,370,62,60
637,647,-84.118881,370,324,31,60
647,649,-76.561628,370,76,18,60
659,651,-74.137102,370,42,13,60
668,652,-74.582914,370,36,11,60
676,653,-77.164646,370,39,11,60
683,653,-89.150765,370,304,17,60
684,652,-107.842785,370,370,39,60
684,651,-125.516235,369,370,313,60
684,649,-141.867832,370,370,370,60
696,640,-145.762068,370,370,370,60
701,635,-149.883296,370,370,370,60
706,632,-145.675242,370,370,370,60
711,629,-133.706608,370,370,370,60
714,628,-124.240835,344,370,251,60
718,628,-114.646019,370,370,370,60
721,627,-105.099161,370,370,370,60
727,628,-92.132858,370,370,370,60
732,629,-78.088078,370,234,321,60
735,630,-67.261380,370,370,266,60
738,631,-58.620119,370,370,234,60
743,635,-43.803074,224,329,221,60
747,639,-30.525861,271,257,214,60
750,642,-22.366123,370,221,220,60
753,646,-16.878268,370,209,224,60
756,652,-13.498636,368,198,226,60
762,661,-12.867663,348,191,220,60
766,668,-12.627182,336,184,212,60
771,678,-12.380269,313,174,202,60
775,684,-12.170864,303,168,193,60
779,691,-11.310577,285,160,188,60
785,702,-10.520829,257,149,178,60
788,709,-9.775309,241,141,168,60
792,717,-9.698957,228,133,161,60
796,724,-9.497377,206,122,148,60
801,735,-9.040910,193,115,140,60
804,741,-9.686103,178,105,127,60
808,748,-9.980530,168,98,117,60
813,757,-9.948053,158,92,110,60
818,766,-11.242720,147,83,97,60
822,772,-13.255592,137,75,86,60
825,777,-15.097748,135,70,79,60
830,784,-18.546007,135,66,72,60
836,790,-23.368766,145,62,63,60
840,794,-27.422701,164,61,58,60
843,796,-33.430280,248,63,54,60
846,797,-53.738092,370,80,56,60
846,796,-70.458305,370,144,68,60
846,795,-91.211457,178,370,92,60
846,794,-108.352762,370,370,192,60
848,792,-129.344221,370,169,370,60
852,789,-137.662817,370,169,370,60
857,785,-141.743227,370,168,370,60
864,779,-148.833681,370,370,370,60
869,773,-155.938024,370,370,149,60
872,769,-163.538900,370,370,144,60
873,765,-168.171018,370,370,141,60
875,761,-169.793134,370,370,140,60
878,757,-170.385980,370,370,134,60
882,748,-169.942017,370,370,130,60
885,739,-172.039562,370,370,123,60
888,733,-170.590410,370,370,113,60
890,726,-174.831693,370,370,111,60
892,720,-173.552964,370,370,106,60
894,710,-176.937605,370,370,370,60
896,701,-176.212725,370,370,370,60
897,695,-174.644056,370,370,370,60
898,689,-176.306989,370,370,370,60
900,682,-177.066541,370,370,370,60
902,678,-173.196188,370,370,370,60
905,673,-165.534136,370,370,370,60
908,670,-158.421993,370,342,370,60
911,668,-151.834048,370,312,58,60
914,666,-143.181065,370,370,52,60
917,664,-134.876761,370,370,51,60
928,659,-129.636254,370,36,44,60
934,655,-130.131894,370,26,34,60
945,650,-129.089100,370,11,14,60
955,644,-139.127813,1,1,1,60
956,642,-153.609619,370,237,340,60
955,641,-166.272763,370,290,370,60
954,641,-174.864123,370,370,370,60
953,641,-173.421871,370,370,370,60
954,636,-177.947533,370,370,370,60
956,631,-175.235810,370,370,370,60
958,628,-172.067768,370,370,370,60
960,625,-167.323818,370,280,370,60
962,622,-161.884977,367,250,362,60
967,618,-151.802609,370,221,336,60
970,616,-144.262150,370,370,317,60
975,614,-130.620127,370,370,299,60
979,613,-120.749563,250,358,296,60
982,612,-108.631160,370,300,35,60
986,612,-98.463734,370,282,18,60
992,612,-87.214195,370,275,7,60
1006,613,-85.100263,338,14,3,60
1014,613,-89.356471,350,254,6,60
1029,612,-98.811924,370,240,13,60
1033,611,-108.238595,370,236,20,60
1035,610,-123.876640,298,267,243,60
1045,605,-129.104872,193,291,231,60
1050,602,-135.777991,182,306,224,60
1054,599,-137.817371,196,328,220,60
1062,593,-143.775964,226,366,220,60
1070,587,-142.381361,195,347,210,60
1076,583,-141.030457,166,325,203,60
1083,578,-140.016083,158,298,192,60
1089,574,-138.968368,169,282,186,60
1096,570,-137.609190,183,264,178,60
1106,563,-137.731997,192,251,171,60
1113,559,-137.940922,196,243,164,60
1123,552,-138.505478,203,229,154,60
1130,548,-140.242009,200,226,148,60
1136,544,-140.298899,199,225,142,60
1142,539,-141.772206,199,215,134,60
1148,535,-142.367820,202,209,128,60
1154,531,-143.181822,202,203,123,60
1163,524,-139.602256,197,203,118,60
1171,517,-147.512265,370,197,111,60
1176,513,-149.692342,370,200,106,60
1181,508,-146.457996,370,173,99,60
1187,501,-151.142028,370,198,99,60
1191,497,-153.203759,370,213,97,60
1195,492,-157.879151,168,229,94,60
1200,485,-157.494083,161,253,94,60
1204,479,-164.102293,161,246,90,60
1207,474,-155.242012,370,180,80,60
1212,466,-160.262108,370,182,78,60
1214,461,-161.804204,370,222,79,60
1218,453,-165.845184,370,336,85,60
1220,448,-167.343832,370,241,76,60
1221,443,-174.635515,131,330,90,60
1222,438,-172.042488,370,326,85,60
1222,430,-177.068761,124,318,94,60
1222,423,141.630976,120,313,97,60
1221,417,167.325390,109,307,118,60
1220,412,166.839077,99,305,151,60
1219,407,171.270220,97,295,133,60
1216,400,163.712099,93,289,135,60
1214,393,165.827862,87,287,151,60
1211,384,170.218427,82,285,175,60
1208,378,172.437297,370,269,145,60
1205,372,169.419338,69,271,193,60
1202,365,171.220685,370,253,162,60
1198,355,169.430226,370,251,189,60
1190,340,160.713726,370,251,243,60
1185,331,162.911338,370,225,199,60
1181,323,168.747977,370,214,220,60
1175,312,161.616287,370,211,230,60
1171,303,149.510870,370,208,209,60
1165,294,167.924170,370,193,207,60
1162,287,157.680072,370,186,200,60
1159,280,157.309260,370,180,182,60
1154,269,171.711507,268,160,196,60
1151,263,170.516639,255,153,188,60
1149,259,167.861091,265,148,172,60
1143,252,164.016744,283,146,162,60
1139,246,162.900530,288,141,152,60
1135,240,161.493662,282,133,141,60
1130,234,161.667043,268,127,134,60
1125,228,161.261726,258,121,127,60
1118,219,160.467916,248,115,120,60
1113,213,159.689964,243,109,113,60
1108,208,157.358986,243,105,107,60
1101,201,154.957101,258,98,94,60
1094,194,150.014821,286,96,89,60
1087,188,144.716815,370,96,82,60
1082,185,141.199900,370,98,79,60
1077,182,136.455941,370,103,75,60
1069,178,122.360642,370,112,75,60
1064,176,124.255578,195,130,75,60
1056,173,117.321968,203,151,78,60
1050,172,111.862325,214,177,80,60
1045,171,107.121604,245,257,87,60
1037,170,101.955225,370,339,92,60
1031,170,98.092820,370,370,97,60
1026,169,94.440735,370,370,107,60
1018,170,85.961482,370,370,123,60
1012,170,81.421200,370,136,149,60
1007,171,78.834463,370,138,164,60
998,173,73.223379,370,142,186,60
989,175,68.889519,370,152,235,60
983,177,67.664134,370,157,272,60
976,179,66.337249,370,155,299,60
968,182,67.437492,370,134,285,60
961,184,68.251879,370,122,278,60
950,187,68.384935,370,111,272,60
943,188,69.847023,370,103,282,60
936,190,72.803162,370,88,255,60
926,191,76.798941,370,67,219,60
920,192,80.416723,370,49,195,60
914,192,85.908766,370,38,168,60
906,191,90.029383,94,26,149,60
895,191,93.891749,61,19,144,60
888,190,95.717421,27,360,134,60
880,190,97.412743,6,353,127,60
873,190,97.454513,4,346,127,60
861,189,97.390061,6,335,127,60
850,188,98.597161,8,320,123,60
841,187,105.707934,20,319,109,60
826,183,113.049836,35,252,97,60
818,180,121.790001,72,175,86,60
810,176,126.778804,285,122,73,60
797,168,139.883063,274,90,63,60
790,163,142.972414,272,71,56,60
786,158,150.875317,173,54,49,60
780,151,157.294835,120,46,45,60
776,147,155.056389,100,38,37,60
773,145,140.636704,175,43,37,60
772,146,125.903107,245,58,41,60
772,147,106.245896,269,178,61,60
772,148,83.758087,370,239,103,60
772,149,53.886463,28,269,240,60
772,150,41.344355,20,29,245,60
771,152,34.820090,16,18,252,60
762,160,27.263546,7,8,23,60
755,165,29.355938,0,0,0,60
752,167,43.864463,0,0,0,60
748,168,71.218484,370,250,227,60
745,167,89.577474,370,216,158,60
744,165,119.460141,233,199,78,60
744,164,134.503714,219,84,58,60
740,161,140.720490,217,68,54,60
734,157,141.379377,213,62,49,60
725,150,141.881974,207,55,44,60
721,147,136.793042,196,55,39,60
719,146,125.386185,193,73,44,60
718,148,102.957049,203,145,56,60
718,148,82.883244,292,185,104,60
718,149,63.433163,370,209,197,60
719,151,39.060206,370,270,193,60
716,153,32.133452,370,340,199,60
712,158,25.989728,370,370,204,60
705,165,22.440006,370,370,203,60
700,171,21.079801,370,370,206,60
695,177,21.532703,370,370,196,60
690,183,21.002235,370,370,192,60
685,189,22.620798,370,370,183,60
676,197,24.187863,370,370,178,60
671,204,25.545011,370,357,164,60
662,213,23.963379,370,357,157,60
657,218,23.068585,370,360,152,60
649,227,24.101527,370,324,144,60
644,233,25.266150,370,306,138,60
639,239,23.751534,370,324,134,60
634,244,21.053313,370,325,130,60
627,252,21.153105,370,329,125,60
623,257,17.024716,370,370,124,60
618,265,16.337762,370,370,125,60
615,270,15.092463,370,370,124,60
611,277,12.002455,370,370,123,60
607,284,12.352146,370,370,114,60
604,290,8.499589,370,370,118,60
600,299,6.676250,370,370,117,60
597,305,6.257198,370,370,117,60
594,314,6.131009,370,370,113,60
593,320,5.331996,370,370,114,60
591,326,4.418017,370,370,111,60
589,332,3.165134,370,370,111,60
588,340,1.919520,370,370,111,60
587,349,1.208246,370,370,113,60
586,356,0.399944,370,370,116,60
586,362,0.463409,370,370,114,60
586,372,0.054297,370,370,114,60
586,378,-0.006901,370,370,116,60
586,384,0.038886,370,370,116,60
586,390,-0.015337,370,370,116,60
588,399,-0.397960,370,370,118,60
589,405,-1.574367,370,370,124,60
591,411,-2.165987,370,370,130,60
594,420,-5.455342,370,370,141,60
596,426,-6.793087,370,370,148,60
599,431,-7.008387,370,370,161,60
603,439,-8.536467,370,205,173,60
607,445,-10.548766,370,200,180,60
610,451,-11.894190,370,195,196,60
614,457,-11.601402,370,186,210,60
617,463,-10.668935,370,180,210,60
623,473,-13.080304,370,174,230,60
627,480,-12.352664,370,163,240,60
634,490,-12.072509,370,157,244,60
638,497,-11.489698,370,146,252,60
644,508,-10.321515,370,138,255,60
647,515,-10.615369,370,127,261,60
653,525,-10.662026,370,119,266,60
656,531,-10.264706,370,110,275,60
660,541,-8.281191,370,102,268,60
663,547,-5.702554,370,96,261,60
666,557,-3.962782,370,85,255,60
667,564,-2.507911,370,79,245,60
668,570,-1.466239,104,72,240,60
670,580,-0.492668,89,62,237,60
670,587,-0.091239,79,56,235,60
670,598,-0.007971,63,45,235,60
670,605,-0.017229,54,38,54,60
671,613,0.032528,42,30,42,60
670,621,0.451532,28,20,28,60
668,623,3.445733,23,17,25,60
667,623,12.961650,20,15,25,60
666,623,21.139875,20,18,172,60
665,623,36.618899,23,27,145,60
663,622,65.740570,30,171,137,60
662,621,87.906604,192,128,171,60
661,619,119.569218,144,136,289,60
660,617,130.625136,134,174,370,60
653,613,135.938512,131,185,370,60
648,609,136.381971,123,178,370,60
642,605,137.314380,117,168,370,60
634,599,143.711327,116,186,370,60
630,595,145.825681,111,194,370,60
624,589,150.161195,113,229,370,60
620,585,152.186752,109,225,370,60
617,580,155.610992,107,242,370,60
612,573,158.694168,106,247,365,60
609,568,161.682848,104,272,351,60
606,563,166.918300,111,370,323,60
603,554,168.667008,113,370,313,60
601,549,168.747566,110,370,312,60
600,543,174.051647,109,370,310,60
599,536,172.218619,114,370,298,60
598,530,177.026203,124,370,283,60
597,519,177.917371,123,370,281,60
597,512,-167.226195,370,370,370,60
597,501,143.322805,164,370,370,60
597,494,-173.589676,168,370,370,60
598,483,-173.842102,148,370,370,60
599,474,-178.288896,155,364,370,60
601,469,-177.313424,148,357,240,60
603,464,-174.141307,151,352,235,60
605,459,-171.026557,178,348,370,60
609,451,-166.199680,214,347,370,60
616,442,-164.327171,240,344,370,60
620,436,-163.737806,257,335,370,60
626,428,-159.550618,293,335,370,60
631,423,-154.785952,323,201,370,60
635,419,-152.580611,321,200,370,60
642,413,-148.835049,310,182,370,60
649,407,-144.908915,305,171,364,60
654,404,-140.337694,296,154,369,60
659,401,-134.627661,295,142,370,60
665,398,-128.732658,295,370,370,60
673,396,-119.094394,179,370,370,60
679,394,-111.942444,154,370,370,60
686,393,-105.185667,127,370,370,60
695,393,-96.904480,370,319,370,60
700,392,-92.053889,370,332,334,60
709,393,-81.289356,370,370,370,60
715,394,-74.835513,370,370,370,60
723,396,-67.016549,370,370,370,60
729,398,-62.236684,286,370,370,60
734,400,-58.264744,290,370,370,60
742,404,-51.930742,298,340,370,60
747,407,-44.907849,312,292,370,60
750,410,-37.126693,370,370,237,60
754,415,-24.775709,370,370,238,60
756,418,-18.102828,370,370,245,60
758,421,-11.094094,302,370,370,60
761,430,-7.889685,274,370,370,60
766,440,-6.910653,268,370,370,60
769,447,-5.138552,290,370,370,60
770,453,-4.132151,323,370,370,60
772,459,-2.655038,370,370,370,60
774,468,-1.653201,370,370,370,60
775,474,-0.953754,370,370,370,60
775,479,-0.564920,370,365,370,60
776,487,-0.180265,370,359,370,60
775,493,-0.001448,370,351,370,60
775,498,0.416133,370,346,200,60
773,506,2.432113,370,341,368,60
771,510,5.968261,370,131,340,60
768,515,12.049108,370,128,316,60
765,520,14.188398,370,125,302,60
761,525,16.746236,362,120,282,60
757,530,20.758567,345,118,265,60
750,538,24.613202,333,117,252,60
746,542,25.851628,326,113,245,60
738,549,28.159946,314,105,234,60
732,555,27.824003,94,99,230,60
726,561,26.625488,89,94,223,60
721,565,28.856757,80,89,210,60
715,571,28.430333,75,81,204,60
705,578,31.285710,69,79,193,60
699,583,33.062079,65,74,186,60
693,588,32.686710,56,66,176,60
684,595,32.161663,52,60,171,60
678,600,32.029778,48,56,164,60
673,605,29.399987,39,43,159,60
665,612,28.450288,35,39,154,60
660,617,27.623330,27,29,148,60
652,624,25.031201,20,20,144,60
647,629,23.277261,14,237,141,60
643,634,20.197327,7,7,141,60
637,641,19.398579,1,218,140,60
633,646,16.476653,226,208,137,60
629,651,18.905251,221,204,134,60
626,653,26.450305,206,216,117,60
623,656,26.138173,202,213,111,60
617,662,27.434661,196,211,106,60
613,666,23.150614,196,198,107,60
607,671,23.637108,189,192,100,60
603,677,20.032594,188,185,97,60
600,681,19.075306,185,176,97,60
596,686,15.396541,182,165,96,60
594,690,13.708182,180,159,97,60
590,697,7.884939,182,152,99,60
589,702,6.764533,180,143,103,60
587,706,3.804410,182,138,107,60
585,714,2.991120,178,133,107,60
585,719,1.185329,175,128,109,60
584,725,0.775445,165,119,110,60
583,733,0.133600,159,114,111,60
583,739,0.166055,148,105,111,60
583,747,-0.007231,137,97,111,60
584,753,-0.024774,128,91,113,60
585,761,-0.359395,123,86,114,60
586,766,-1.032568,114,80,111,60
588,774,-3.048263,106,72,99,60
590,780,-4.874854,99,64,83,60
592,785,-5.947030,93,59,76,60
594,790,-9.479026,93,55,66,60
599,796,-14.989368,94,52,59,60
602,800,-19.455373,102,50,54,60
606,804,-28.503067,127,48,47,60
608,804,-41.566701,268,56,47,60
609,804,-61.283376,370,81,51,60
610,803,-82.399752,370,204,69,60
610,801,-106.193182,65,370,162,60
610,799,-136.083838,87,56,370,60
611,797,-148.978988,370,64,59,60
622,786,-155.938644,370,57,49,60
628,779,-159.971963,344,48,39,60
630,775,-165.655553,262,46,34,60
630,772,-175.199868,200,58,35,60
628,770,140.789077,186,65,38,60
627,769,172.303242,159,370,42,60
625,768,158.732970,130,370,54,60
624,768,142.484015,109,201,370,60
623,769,126.262952,96,119,370,60
615,766,122.705679,87,102,370,60
602,761,117.230217,79,86,264,60
596,759,117.557242,72,77,223,60
590,757,119.650790,62,69,223,60
582,753,124.048579,54,64,274,60
578,751,128.833840,51,64,370,60
576,749,142.568165,54,86,370,60
575,746,160.290802,65,159,370,60
575,744,170.246843,76,285,370,60
576,742,177.058662,94,370,370,60
577,739,-175.284408,370,59,59,60
578,734,-178.358272,106,370,370,60
579,730,-176.870329,114,370,370,60
581,724,-175.104795,123,370,370,60
583,716,-175.693636,121,370,370,60
586,708,-174.540015,128,370,370,60
587,705,-173.874733,137,370,370,60
590,697,-171.111580,147,370,370,60
593,692,-169.909655,164,370,370,60
596,686,-168.801110,175,370,370,60
599,682,-167.625184,188,370,370,60
604,674,-164.731995,209,370,370,60
610,668,-159.599221,252,370,370,60
613,664,-154.847070,309,370,370,60
617,661,-141.478333,370,370,370,60
622,658,-139.768230,370,370,370,60
626,656,-132.482435,370,370,344,60
634,653,-121.362666,370,370,368,60
642,652,-106.592532,370,370,71,60
648,651,-95.503755,370,370,37,60
653,651,-89.178433,370,312,25,60
664,652,-85.815728,370,316,20,60
679,652,-91.594929,370,300,21,60
690,651,-93.760027,370,269,28,60
704,650,-101.458170,370,370,370,60
715,648,-106.967303,370,370,370,60
722,645,-109.269200,370,370,370,60
730,642,-118.442800,370,370,272,60
738,640,-116.716277,370,370,266,60
744,638,-111.308331,370,370,370,60
749,638,-100.553800,370,370,370,60
756,637,-99.756845,370,370,370,60
766,636,-93.388817,370,182,364,60
776,637,-81.267982,362,188,317,60
782,637,-77.502165,370,203,283,60
787,639,-72.129716,370,221,262,60
792,640,-68.225583,370,370,243,60
801,643,-63.068863,370,370,233,60
811,646,-58.975501,147,370,221,60
818,649,-57.805778,147,370,214,60
825,652,-55.887978,142,370,210,60
833,655,-55.102990,135,353,204,60
844,660,-55.290258,131,351,202,60
852,663,-57.775508,125,351,200,60
862,667,-55.847651,118,340,195,60
869,669,-56.800715,109,343,192,60
877,672,-56.935405,103,340,189,60
887,676,-59.519487,97,353,189,60
898,679,-62.114751,87,370,189,60
905,681,-64.454811,80,370,189,60
911,683,-66.017922,73,370,190,60
918,685,-66.754243,66,370,190,60
929,688,-66.471611,62,370,186,60
942,692,-63.568432,54,363,183,60
946,693,-58.194563,52,313,169,60
966,702,-45.343198,51,239,155,60
973,707,-35.399145,306,176,144,60
982,714,-32.140055,303,159,138,60
990,723,-23.851299,312,140,134,60
994,728,-26.136567,307,134,130,60
999,732,-28.079176,293,131,121,60
1006,738,-32.872987,283,131,116,60
1011,741,-36.432550,268,138,111,60
1015,745,-39.094881,261,136,106,60
1023,749,-42.377329,254,137,103,60
1027,752,-45.124039,245,142,100,60
1035,756,-48.889235,238,145,99,60
1040,758,-52.731395,231,160,99,60
1046,760,-56.849106,227,178,100,60
1051,762,-60.225021,224,195,100,60
1059,764,-68.055367,223,231,103,60
1067,765,-75.665726,227,215,111,60
1073,766,-82.912320,241,193,131,60
1081,766,-89.077635,254,186,145,60
1089,765,-94.562911,268,181,162,60
1094,764,-99.199359,293,175,192,60
1100,763,-103.443175,302,171,200,60
1107,762,-105.352453,317,164,182,60
1113,761,-104.817755,303,157,175,60
1123,758,-106.966226,307,152,165,60
1134,756,-107.861662,292,142,152,60
1141,754,-108.587657,306,137,141,60
1147,753,-112.073105,303,128,130,60
1157,749,-117.922386,319,124,120,60
1167,746,-122.076550,368,118,109,60
1173,743,-123.461422,370,115,97,60
1181,739,-127.198192,370,116,92,60
1187,736,-129.427835,370,112,87,60
1192,733,-134.981651,370,114,80,60
1197,730,-137.427913,370,112,76,60
1203,725,-140.466040,370,118,75,60
1207,722,-146.803589,370,122,72,60
1210,719,-153.417784,355,154,73,60
1213,715,-156.390053,336,171,73,60
1217,709,-162.045550,316,208,76,60
1220,704,-164.299787,307,231,75,60
1224,697,-162.014899,312,195,68,60
1229,688,-164.644222,303,211,66,60
1232,682,-169.531725,370,299,71,60
1235,675,-167.541231,290,240,62,60
1238,668,-172.095744,370,370,65,60
1241,659,-171.459969,276,324,61,60
1246,644,-171.640964,370,370,61,60
1248,633,-174.829171,268,335,55,60
1251,617,-174.062007,251,370,58,60
1253,605,-174.826399,259,248,47,60
1254,595,-173.267381,247,313,47,60
1255,576,-178.421684,233,370,54,60
1255,567,178.274526,219,370,66,60
1253,551,177.933984,370,370,79,60
1252,541,169.340748,206,370,62,60
1248,523,172.987972,185,370,94,60
1246,515,169.292133,183,370,79,60
1242,502,171.390006,168,370,94,60
1236,488,170.256220,159,370,97,60
1233,482,169.620077,148,370,116,60
1230,477,165.629888,141,370,142,60
1225,470,160.272058,135,370,164,60
1222,466,157.353612,128,370,217,60
1216,460,152.278415,123,139,296,60
1211,456,149.910498,114,125,357,60
1206,452,147.364513,109,115,350,60
1200,448,146.288032,102,105,344,60
1193,441,148.106437,94,98,340,60
1186,434,153.351961,83,92,338,60
1181,429,150.837496,76,91,341,60
1177,424,160.255933,68,85,299,60
1171,416,162.871518,61,70,324,60
1168,411,164.528394,54,73,276,60
1164,404,160.973177,48,66,272,60
1164,402,161.315742,45,58,313,60
1164,400,166.158853,45,64,265,60
1166,399,-133.481649,47,291,248,60
1167,398,-170.727209,63,290,145,60
1168,398,-165.356488,320,298,131,60
1171,396,-152.611091,306,287,121,60
1178,390,-150.058798,288,202,104,60
1185,384,-149.878094,282,183,97,60
1193,376,-144.317145,269,142,85,60
1200,369,-148.362941,272,185,87,60
1204,364,-149.406956,262,144,78,60
1208,359,-151.108258,257,146,75,60
1211,355,-154.243244,257,160,75,60
1216,347,-156.007051,255,171,73,60
1218,342,-167.181409,266,234,80,60
1221,334,-170.709808,257,231,76,60
1224,327,-169.987113,257,216,78,60
1226,319,-174.293326,261,205,83,60
1228,311,-166.119548,235,205,71,60
1229,306,-168.989688,231,195,72,60
1229,297,-175.878065,240,183,83,60
1230,288,-168.759063,209,177,71,60
1230,277,136.950932,228,166,87,60
1229,271,178.912616,230,159,93,60
1228,259,178.994258,212,148,94,60
1227,252,177.078277,203,137,102,60
1225,246,176.350596,197,131,107,60
1223,239,173.220144,195,127,111,60
1221,234,171.853259,197,120,128,60
1216,227,168.117538,202,116,138,60
1213,223,165.386364,213,114,130,60
1210,218,163.040818,220,109,118,60
1204,210,159.689928,357,116,106,60
1200,205,158.650364,227,99,100,60
1193,198,156.773854,220,94,94,60
1189,193,152.999998,258,91,86,60
1182,188,147.324415,347,93,82,60
1177,184,132.402881,370,110,79,60
1172,181,127.436919,306,126,78,60
1165,178,121.905302,370,110,73,60
1160,176,123.641693,300,127,76,60
1155,174,118.256325,330,156,78,60
1146,172,106.512717,343,174,79,60
1140,171,111.231240,370,217,83,60
1132,169,105.221622,370,260,86,60
1126,169,96.613479,370,370,94,60
1121,169,94.425244,370,298,128,60
1116,169,88.517338,370,370,121,60
1108,170,81.644123,370,236,138,60
1103,171,76.770238,370,250,161,60
1097,172,71.039659,370,274,199,60
1092,174,66.257623,370,370,276,60
1083,177,59.477980,121,370,344,60
1078,179,55.820634,113,370,370,60
1071,182,54.401127,109,370,370,60
1065,185,54.574096,104,370,370,60
1055,189,59.801494,370,370,370,60
1049,191,66.922166,370,370,370,60
1043,192,69.408395,370,238,282,60
1034,193,81.154121,370,179,193,60
1026,194,88.391812,370,159,169,60
1022,193,97.433987,370,370,142,60
1015,192,101.157981,370,370,121,60
1005,190,105.102413,219,360,111,60
998,189,103.897468,213,370,113,60
992,188,103.178224,203,370,113,60
982,187,98.910954,370,370,118,60
976,187,95.117542,370,370,124,60
970,187,90.780706,370,370,134,60
965,188,83.410053,370,93,169,60
956,189,77.341460,370,94,204,60
950,190,72.690197,370,99,243,60
941,193,68.246042,370,100,272,60
935,195,66.780718,370,100,314,60
928,197,66.481115,370,100,353,60
916,200,66.876775,370,84,48,60
909,202,64.570710,370,72,41,60
899,204,69.985321,370,53,32,60
893,205,77.443517,370,40,27,60
889,205,88.332037,79,19,17,60
883,203,102.966644,30,11,11,60
879,202,114.031787,7,4,120,60
875,200,123.528904,24,180,100,60
872,198,132.720498,345,137,93,60
869,196,143.298502,350,108,87,60
868,192,158.159619,228,89,86,60
864,188,160.887235,186,83,86,60
861,184,159.877906,171,77,80,60
856,178,157.287277,168,72,73,60
852,174,154.811067,186,70,68,60
848,170,151.271456,186,67,63,60
844,167,147.873940,248,67,58,60
842,165,136.679701,317,80,58,60
839,166,116.540858,316,112,65,60
838,167,98.388767,68,241,82,60
838,168,78.156001,18,78,158,60
837,169,50.233031,6,11,317,60
838,169,36.081400,0,0,0,60
833,174,31.190540,0,0,0,60
829,176,39.805028,0,0,0,60
826,177,54.322619,0,0,0,60
823,177,81.013875,3,8,220,60
822,175,102.446215,32,294,104,60
822,175,121.712800,300,146,78,60
823,173,146.000538,299,86,65,60
823,172,156.569137,173,66,63,60
819,167,157.979986,154,62,62,60
815,162,157.182944,128,53,54,60
811,157,154.274132,133,50,48,60
808,156,136.858788,286,57,48,60
808,157,120.281460,282,85,54,60
808,158,99.748469,331,279,82,60
808,160,65.769715,18,44,230,60
808,161,44.797386,7,10,282,60
809,162,30.161312,1,1,3,60
805,166,22.448469,0,0,0,60
802,169,30.911973,0,0,0,60
800,170,39.411143,0,0,0,60
799,169,52.905747,0,0,0,60
799,168,71.196741,13,31,217,60
799,167,94.232067,37,266,106,60
798,166,113.000526,286,178,75,60
798,164,139.872066,272,91,61,60
798,162,154.754290,151,56,54,60
794,157,156.235064,131,52,51,60
789,152,156.767195,106,43,42,60
785,147,153.508641,109,39,37,60
782,147,138.067109,233,45,37,60
782,148,121.281088,255,65,42,60
782,149,94.075770,292,247,66,60
782,150,74.915620,37,257,141,60
784,151,59.066474,24,293,262,60
785,151,42.533729,17,22,259,60
781,155,40.424738,13,16,262,60
775,157,44.278812,10,13,254,60
772,159,47.185144,10,14,248,60
765,162,54.160931,8,13,241,60
762,163,68.134128,16,249,233,60
758,162,95.471643,348,226,123,60
757,160,116.346658,255,232,76,60
754,158,137.783248,230,74,52,60
749,153,141.479438,230,61,48,60
744,150,141.338605,221,53,42,60
739,146,139.599043,216,50,38,60
731,141,132.412436,207,51,37,60
729,141,120.970825,204,77,41,60
727,142,94.345786,228,200,59,60
726,144,66.970635,370,209,175,60
726,145,44.158966,370,245,200,60
726,146,29.145689,370,341,206,60
724,148,20.902005,370,370,228,60
720,153,20.311443,370,370,226,60
715,161,18.072703,370,370,231,60
711,167,14.027553,370,370,231,60
707,174,13.636113,370,370,228,60
701,184,12.053757,370,370,228,60
695,195,10.498051,370,370,224,60
691,201,11.439421,370,370,219,60
687,209,11.561675,370,370,212,60
683,215,12.059714,370,370,206,60
679,222,12.682346,370,370,199,60
673,232,12.769268,370,370,189,60
668,238,12.719762,370,370,188,60
665,245,13.156173,370,370,183,60
659,254,13.349107,370,370,179,60
655,260,16.214274,370,370,165,60
651,266,12.894157,370,370,165,60
647,273,14.645811,370,370,157,60
644,279,12.921541,370,370,157,60
639,288,8.957095,370,370,161,60
635,298,6.514284,370,370,158,60
633,304,6.571896,370,370,165,60
631,310,5.253179,370,370,161,60
629,316,4.089649,370,370,162,60
627,326,3.159427,370,370,162,60
625,335,2.507911,370,370,164,60
623,342,2.362503,370,370,161,60
622,348,2.051556,370,370,159,60
621,358,1.637318,370,370,161,60
620,364,1.325312,370,370,158,60
619,374,0.759110,370,370,159,60
619,380,0.216267,370,370,161,60
619,387,0.159530,370,370,162,60
619,394,0.196047,370,370,162,60
619,404,-0.043402,370,370,162,60
619,414,-0.006391,370,370,162,60
620,421,-0.256382,370,370,164,60
621,427,-0.757896,370,370,165,60
622,434,-1.378156,370,370,172,60
624,443,-1.996633,370,199,175,60
625,449,-2.319924,370,190,179,60
627,458,-2.672492,370,184,183,60
629,465,-3.041848,370,177,185,60
631,471,-3.260395,370,168,193,60
633,478,-4.149570,370,161,200,60
636,488,-4.137917,370,155,199,60
638,494,-4.322086,370,146,209,60
642,504,-4.897904,370,139,219,60
645,511,-6.211826,370,129,230,60
648,518,-6.484255,370,122,235,60
652,529,-6.255020,370,115,240,60
655,536,-6.621309,370,108,244,60
658,543,-6.503384,370,97,252,60
663,554,-7.149666,370,90,257,60
666,561,-6.805613,370,82,264,60
669,569,-6.664645,370,71,271,60
673,580,-5.994991,100,64,271,60
676,587,-5.881235,82,52,68,60
680,599,-5.099444,69,44,56,60
683,607,-5.234945,56,36,47,60
685,613,-6.353116,41,26,34,60
686,613,-12.481337,49,27,32,60
687,613,-25.154552,370,32,31,60
687,611,-47.792785,292,45,34,60
688,610,-67.018642,370,370,51,60
688,609,-87.321160,370,262,348,60
688,608,-118.966013,370,370,314,60
687,607,-134.764414,370,370,370,60
693,602,-142.710161,370,370,370,60
701,597,-142.357411,370,370,370,60
707,594,-141.313808,370,370,370,60
713,590,-136.537418,370,370,370,60
722,585,-132.887640,358,370,370,60
728,581,-131.888619,306,367,370,60
734,578,-129.139902,274,357,370,60
744,574,-122.974702,321,349,370,60
753,571,-115.780277,370,338,204,60
760,569,-112.617475,370,370,213,60
770,567,-110.520584,370,370,210,60
777,565,-110.211317,370,370,206,60
784,564,-111.371797,370,370,197,60
791,562,-114.209679,370,370,189,60
797,560,-116.221286,370,370,219,60
804,558,-118.063355,370,370,252,60
813,555,-118.831868,370,370,258,60
820,553,-118.456533,370,370,223,60
826,550,-118.939140,370,370,370,60
837,547,-118.841839,370,370,370,60
848,543,-119.770820,370,370,370,60
855,540,-120.589446,370,236,370,60
865,537,-116.486717,370,370,370,60
872,535,-110.889445,370,370,370,60
882,533,-104.961240,241,370,196,60
892,531,-103.173760,223,370,176,60
899,531,-101.084876,213,370,169,60
906,530,-100.168528,204,368,162,60
912,529,-101.343075,197,361,162,60
918,528,-103.995950,195,357,370,60
924,527,-105.851646,190,355,370,60
934,525,-109.492590,186,351,370,60
940,524,-108.000906,178,343,364,60
946,523,-108.058719,171,336,357,60
956,521,-103.938575,159,325,358,60
962,520,-100.515679,147,312,367,60
969,520,-95.994812,370,297,370,60
976,519,-93.288603,370,289,370,60
986,519,-86.004179,370,281,370,60
994,520,-83.969492,347,272,370,60
1004,521,-79.898614,320,268,113,60
1011,521,-77.355890,303,263,107,60
1018,522,-79.107144,296,251,370,60
1024,523,-83.887253,306,242,370,60
1031,523,-92.401392,340,233,319,60
1039,522,-102.491771,370,231,278,60
1043,521,-110.471107,370,235,254,60
1047,519,-117.715658,183,248,231,60
1051,517,-124.146191,109,273,221,60
1054,515,-137.129244,100,320,219,60
1061,510,-139.519703,97,331,217,60
1067,507,-140.558597,85,328,212,60
1072,503,-140.938369,75,322,204,60
1078,499,-141.967613,78,320,199,60
1084,494,-136.519861,97,278,189,60
1093,487,-139.502090,93,284,185,60
1098,483,-139.841634,80,320,183,60
1104,479,-148.924787,80,336,179,60
1111,471,-148.540949,106,254,165,60
1117,466,-143.749334,97,269,161,60
1122,462,-146.494426,94,282,158,60
1129,454,-149.034532,82,342,162,60
1133,449,-148.682228,93,280,149,60
1139,442,-152.634490,85,317,151,60
1143,437,-153.879799,92,276,142,60
1146,432,-156.033265,80,330,145,60
1151,425,-159.257136,76,337,145,60
1154,419,-162.087843,72,324,148,60
1157,413,-162.923109,69,316,147,60
1160,404,-164.653631,68,306,145,60
1165,394,-172.766477,56,282,155,60
1169,386,-160.371852,303,288,128,60
1174,378,-166.401705,309,271,133,60
1181,369,-157.085137,285,274,116,60
1186,364,-152.880028,268,220,103,60
1190,360,-150.992239,259,183,94,60
1196,353,-147.118501,252,169,87,60
1199,349,-158.040529,248,160,83,60
1202,344,-155.507587,247,192,85,60
1205,340,-167.086822,264,232,96,60
1208,333,-162.083600,244,221,85,60
1210,328,-171.811843,265,216,99,60
1212,321,-169.532883,247,214,90,60
1212,317,-170.877968,250,205,96,60
1212,313,168.187951,370,282,206,60
1211,307,177.907406,283,194,121,60
1210,303,177.038117,279,188,127,60
1209,299,176.035983,281,185,133,60
1206,291,172.802288,314,182,161,60
1204,286,164.717228,338,178,192,60
1201,280,163.421875,348,173,189,60
1197,273,168.324626,288,164,183,60
1194,267,167.058971,286,157,180,60
1189,259,166.636971,275,151,175,60
1185,253,166.202564,269,146,166,60
1182,247,164.668599,266,138,152,60
1176,239,162.392434,272,134,145,60
1172,234,160.229955,281,128,134,60
1165,227,157.053309,300,124,123,60
1161,222,154.829792,320,121,117,60
1156,218,152.980991,353,120,111,60
1149,211,148.881169,370,117,106,60
1144,207,145.867096,370,117,102,60
1136,202,139.887529,370,121,96,60
1131,200,128.462516,370,127,94,60
1126,197,132.130242,254,136,92,60
1121,195,126.437026,266,157,93,60
1114,193,117.155596,314,221,102,60
1109,192,111.676401,310,221,100,60
1104,191,104.473616,370,370,113,60
1097,191,94.836624,370,370,124,60
1092,191,86.842363,370,220,161,60
1085,192,75.877156,370,239,192,60
1080,193,67.946542,370,370,264,60
1075,195,61.349122,100,370,370,60
1070,198,56.690794,93,370,370,60
1062,202,52.025293,86,370,193,60
1052,206,51.647192,83,370,190,60
1045,209,55.646360,370,370,182,60
1039,211,59.129785,370,370,173,60
1032,213,61.266839,370,370,370,60
1023,217,59.664273,370,370,370,60
1017,219,57.764504,370,370,152,60
1011,222,56.109515,370,370,151,60
1001,226,58.963053,370,370,142,60
994,229,61.960938,370,370,135,60
985,232,59.512617,370,370,128,60
979,235,55.604119,370,370,130,60
973,238,51.380146,370,370,133,60
966,242,44.764770,370,370,135,60
961,245,40.181792,370,370,142,60
956,249,35.350743,348,370,370,60
950,254,30.483325,348,370,370,60
946,258,27.769671,350,370,370,60
942,262,26.473532,347,370,370,60
935,268,28.981791,340,370,370,60
930,273,31.376581,333,370,370,60
922,279,35.188354,370,370,370,60
917,283,37.863387,370,370,370,60
909,288,42.133547,370,370,370,60
903,292,45.269984,370,370,370,60
893,297,51.663409,370,370,369,60
887,300,54.252943,370,370,365,60
880,302,57.130662,370,370,358,60
870,306,58.699154,370,370,354,60
861,309,61.047352,357,370,344,60
854,311,63.599678,362,361,340,60
848,313,67.574871,370,343,341,60
841,314,72.244238,370,324,345,60
830,315,78.565432,370,309,353,60
823,316,81.925905,370,292,360,60
812,316,87.304984,370,282,337,60
805,316,92.977675,365,271,310,60
794,315,97.485317,334,266,286,60
787,314,101.112070,313,260,272,60
779,313,102.866777,289,252,261,60
768,311,104.099782,278,246,255,60
760,309,102.860387,272,237,257,60
752,308,101.854383,265,228,259,60
744,307,102.510090,250,216,255,60
732,304,101.072411,238,208,251,60
723,303,103.992122,228,200,248,60
715,301,104.054010,212,188,243,60
703,299,104.121935,200,180,238,60
695,297,104.052736,188,167,238,60
684,295,105.664829,178,161,231,60
676,293,106.223388,166,154,227,60
668,291,108.019143,158,145,226,60
657,288,106.991006,144,135,219,60
646,286,104.427659,133,121,221,60
638,284,101.539428,125,107,190,60
627,282,99.660246,117,98,168,60
619,281,98.076636,110,90,151,60
612,280,96.459112,103,83,137,60
605,279,96.716272,90,72,114,60
594,278,94.603349,85,64,97,60
588,278,92.370784,73,54,80,60
579,278,85.848132,71,48,65,60
573,278,85.330825,61,39,51,60
568,279,77.990862,63,35,41,60
562,280,69.694973,66,33,35,60
561,281,58.593007,124,36,32,60
562,282,36.745683,370,52,37,60
563,282,21.895483,370,100,48,60
565,282,8.667694,370,246,63,60
567,281,2.890483,370,370,78,60
568,280,-0.301246,370,370,90,60
568,279,-3.060248,370,370,94,60
569,280,-4.009422,370,370,100,60
572,287,-7.548061,370,370,113,60
574,291,-7.366967,370,370,121,60
576,294,-15.148554,370,358,158,60
580,298,-22.712303,370,366,200,60
584,301,-29.648247,370,370,305,60
589,306,-34.182792,370,370,370,60
594,309,-39.732675,370,370,370,60
599,313,-39.961108,370,370,370,60
605,317,-38.606645,370,370,370,60
614,323,-35.928606,370,370,370,60
619,327,-31.925615,370,370,370,60
624,332,-31.114325,370,370,370,60
629,336,-28.669203,370,370,370,60
637,344,-24.365038,370,370,370,60
642,350,-20.944549,370,370,364,60
648,358,-19.852617,370,370,367,60
653,363,-18.264411,370,292,351,60
659,372,-17.250969,370,285,355,60
662,377,-16.629978,370,276,341,60
667,386,-13.829706,370,270,343,60
671,392,-11.682708,358,253,314,60
674,398,-9.199138,370,245,299,60
678,408,-6.945594,370,237,293,60
680,414,-5.093818,370,226,278,60
684,425,-4.166920,370,219,278,60
686,432,-3.495596,370,207,276,60
689,444,-3.148200,370,199,276,60
693,456,-3.053751,370,183,285,60
695,464,-3.195382,370,175,288,60
697,471,-3.825350,370,168,295,60
701,483,-4.254434,370,157,305,60
704,491,-5.006580,370,149,314,60
707,503,-4.463608,370,141,314,60
710,511,-3.933361,370,128,316,60
713,522,-2.768345,370,121,313,60
714,530,-2.191316,370,113,312,60
716,537,-1.810882,370,102,310,60
718,548,-1.147399,370,94,306,60
719,554,-1.733378,370,85,117,60
720,561,-1.551401,370,78,107,60
722,572,-1.715061,370,71,97,60
724,579,-1.701898,370,60,82,60
727,589,-3.326121,370,53,72,60
728,593,-5.764942,370,46,59,60
732,600,-10.544752,370,42,52,60
734,603,-15.137367,370,39,45,60
737,605,-29.193634,293,276,39,60
739,605,-53.689867,220,346,247,60
740,604,-74.397552,370,370,274,60
741,603,-95.840393,370,370,370,60
748,601,-109.106197,370,370,370,60
754,599,-114.778470,370,370,255,60
760,597,-117.920616,370,370,213,60
767,595,-119.208876,370,370,197,60
777,591,-120.244696,370,370,185,60
784,588,-120.879721,370,370,183,60
791,586,-122.854581,370,310,224,60
800,582,-127.419200,370,304,370,60
807,579,-129.526451,370,296,370,60
815,574,-132.418220,370,292,370,60
821,571,-134.254573,358,286,370,60
827,567,-133.728551,370,276,370,60
836,563,-130.841617,370,267,370,60
843,560,-127.295994,370,253,370,60
850,557,-123.739658,370,245,370,60
860,553,-119.696803,370,370,370,60
867,550,-118.647682,370,370,370,60
878,547,-117.550902,370,370,370,60
885,545,-117.919005,370,370,370,60
895,542,-114.822746,370,370,370,60
903,540,-112.571613,370,370,370,60
910,538,-108.089694,216,370,370,60
922,536,-105.290949,203,362,370,60
929,535,-102.490164,195,352,370,60
936,534,-100.916183,178,335,159,60
947,533,-95.899316,161,319,140,60
959,533,-91.236851,370,309,125,60
966,533,-86.081740,370,301,117,60
976,533,-89.572927,370,291,118,60
982,533,-94.745166,370,285,370,60
987,532,-99.250834,370,281,343,60
992,531,-102.866168,370,280,321,60
1000,529,-111.602064,125,284,298,60
1004,528,-119.275538,133,300,278,60
1007,526,-126.234501,144,324,265,60
1011,524,-131.220082,155,346,261,60
1017,519,-137.406811,165,368,258,60
1023,515,-143.765973,370,370,255,60
1031,509,-146.073834,370,370,252,60
1037,504,-147.011609,165,370,244,60
1043,499,-147.605222,155,370,240,60
1051,492,-147.691787,127,370,233,60
1060,485,-147.899399,106,370,226,60
1065,481,-148.404448,87,370,221,60
1070,476,-148.508023,49,355,210,60
1075,471,-144.484336,47,346,204,60
1081,466,-145.006541,49,339,199,60
1093,455,-148.116685,47,361,195,60
1100,450,-142.148775,66,288,176,60
1114,441,-133.847285,102,222,158,60
1125,435,-127.159492,334,191,151,60
1136,431,-125.733255,333,173,141,60
1145,427,-126.444405,327,155,125,60
1152,424,-128.592527,321,151,118,60
1160,419,-131.218687,314,156,114,60
1165,416,-131.544983,313,149,110,60
1169,413,-137.201561,306,153,104,60
1175,408,-148.699051,302,153,102,60
1178,404,-144.577838,306,214,107,60
1182,399,-150.759830,298,196,100,60
1187,392,-157.365063,296,207,100,60
1190,388,-156.240923,295,225,99,60
1193,383,-154.796324,286,205,93,60
1196,376,-164.197358,296,278,100,60
1198,370,-162.592537,300,267,103,60
1200,365,-168.423644,312,257,111,60
1201,360,-170.426131,300,249,107,60
1202,352,-176.306563,299,243,110,60
1202,347,164.533018,49,347,241,60
1201,341,178.201746,330,226,137,60
1199,335,169.159255,361,224,159,60
1197,326,164.626056,370,224,202,60
1195,316,175.617531,309,202,155,60
1191,305,173.479903,305,194,165,60
1188,298,171.663794,305,185,183,60
1185,292,171.037251,300,180,192,60
1181,283,168.744184,303,175,207,60
1177,278,167.442007,302,169,197,60
1174,273,165.457327,370,174,176,60
1169,265,163.286814,316,159,175,60
1165,260,160.682458,336,155,162,60
1158,252,157.732936,350,152,155,60
1153,248,156.599784,365,147,145,60
1146,240,153.982872,370,145,138,60
1141,236,150.863564,370,158,130,60
1136,232,148.566467,370,141,127,60
1131,228,144.257107,370,146,120,60
1124,223,138.092158,370,152,117,60
1118,221,134.300188,254,162,116,60
1113,218,129.168022,261,179,114,60
1105,215,121.112401,275,202,116,60
1100,214,115.419323,295,240,120,60
1095,213,105.843049,370,315,127,60
1089,212,102.513821,370,370,142,60
1082,212,94.860239,370,370,154,60
1076,212,89.804513,370,209,179,60
1068,213,83.691312,370,218,200,60
1063,213,79.060403,370,232,237,60
1057,214,74.946960,370,243,271,60
1048,216,70.042437,370,370,309,60
1042,218,68.162910,370,370,364,60
1031,221,64.929367,370,370,370,60
1024,224,62.662187,370,370,370,60
1017,226,61.702875,370,370,152,60
1006,230,61.097353,370,370,145,60
998,232,66.294870,370,370,133,60
987,235,66.881895,370,370,127,60
981,237,64.430993,370,370,121,60
975,240,60.307295,370,370,123,60
967,243,53.131366,370,370,125,60
963,246,46.592733,370,370,135,60
958,249,42.553781,370,370,140,60
952,253,34.745166,344,370,370,60
949,257,29.235590,347,370,370,60
945,261,24.273986,351,370,370,60
940,267,18.679358,357,370,370,60
936,272,18.462977,357,370,370,60
932,278,19.057834,345,370,370,60
925,286,20.652479,337,370,370,60
920,292,22.582688,321,370,370,60
915,298,24.931836,312,370,370,60
907,305,27.375516,303,370,370,60
902,310,29.961698,370,370,370,60
893,318,35.496322,370,370,370,60
887,322,38.014279,370,370,367,60
881,326,39.423418,370,370,358,60
872,332,40.425726,370,370,353,60
866,336,42.106310,370,370,341,60
859,340,42.477580,370,370,334,60
850,346,44.656649,370,370,329,60
843,349,46.561550,370,370,317,60
836,353,48.309264,370,370,309,60
825,358,51.444419,370,370,303,60
817,361,51.089134,370,370,290,60
806,367,51.881828,288,356,283,60
799,370,55.328841,285,348,276,60
791,373,55.802817,283,317,266,60
783,376,57.582955,283,300,259,60
772,380,57.831139,279,293,252,60
765,383,57.014797,276,285,245,60
758,386,56.268585,272,281,237,60
748,390,53.747018,264,280,224,60
741,393,52.571240,259,268,214,60
734,396,52.029091,257,261,207,60
724,400,51.417843,252,253,200,60
718,404,50.811652,248,250,195,60
711,407,47.817429,241,248,185,60
702,412,44.062036,235,253,176,60
697,415,45.604654,233,240,171,60
691,418,43.345900,228,242,166,60
683,424,38.244495,224,242,162,60
678,428,38.303700,219,250,157,60
670,433,36.611917,216,250,152,60
665,437,33.799439,210,257,147,60
661,441,31.349482,207,269,145,60
654,447,28.984474,204,272,141,60
650,451,25.695362,202,287,140,60
647,455,21.962093,202,348,142,60
642,462,16.085285,204,370,147,60
639,466,13.333234,204,370,151,60
637,471,8.128796,370,370,159,60
635,476,6.747879,370,370,162,60
633,481,6.001300,370,365,162,60
630,489,3.895008,370,358,164,60
629,495,2.809125,370,352,168,60
628,503,1.567497,370,344,171,60
627,509,0.755601,370,338,171,60
627,515,0.615514,176,331,172,60
626,523,0.064066,168,324,172,60
626,529,0.096423,155,315,172,60
626,537,-0.001546,147,309,172,60
627,543,-0.579866,141,304,175,60
628,548,-1.199548,134,299,175,60
629,553,-2.400209,127,86,186,60
632,561,-3.789159,120,80,193,60
634,567,-4.594304,113,75,197,60
637,573,-6.309255,107,69,207,60
639,578,-7.631847,100,62,227,60
643,586,-8.750448,94,57,240,60
646,592,-9.544230,86,51,248,60
649,597,-12.528020,83,47,274,60
653,602,-13.195071,71,39,45,60
659,610,-17.012551,63,32,34,60
665,618,-18.877611,54,26,28,60
668,622,-21.181625,44,21,23,60
670,623,-35.252191,59,21,20,60
672,623,-51.569170,370,42,27,60
672,621,-77.034535,370,370,39,60
672,620,-95.617570,370,283,62,60
672,619,-114.457847,370,370,370,60
673,617,-133.412729,370,370,279,60
680,613,-138.551423,370,370,370,60
686,608,-145.581328,370,370,370,60
691,603,-149.186089,370,370,370,60
697,598,-151.537065,370,370,370,60
705,591,-152.271764,370,370,370,60
710,586,-151.433652,370,370,370,60
719,577,-149.871468,370,370,370,60
726,572,-148.338672,370,370,370,60
732,567,-147.580341,370,370,370,60
738,562,-146.825826,370,370,370,60
748,554,-145.649710,370,370,370,60
754,549,-144.937920,370,370,370,60
760,544,-143.467477,326,370,370,60
770,537,-142.368325,295,370,370,60
777,532,-142.388327,272,370,370,60
783,528,-142.398087,244,370,370,60
793,521,-142.863963,224,370,370,60
799,517,-141.967671,206,370,370,60
806,512,-139.896513,227,370,370,60
816,506,-138.170643,238,370,370,60
823,502,-136.568207,258,370,370,60
830,498,-135.111327,285,238,370,60
837,494,-134.515460,370,229,370,60
844,490,-133.980700,370,220,370,60
854,484,-131.591624,370,210,370,60
862,480,-130.108544,370,201,370,60
873,475,-128.463205,370,193,370,60
880,472,-127.859301,370,179,370,60
887,468,-128.269383,367,167,370,60
898,463,-127.983689,362,159,370,60
905,460,-126.665748,361,151,370,60
913,457,-124.177510,361,138,361,60
920,455,-121.398859,364,132,358,60
931,451,-118.438077,367,123,353,60
939,448,-115.453408,369,113,347,60
947,446,-116.863379,365,104,336,60
955,444,-116.985908,125,97,327,60
963,441,-115.684442,113,88,321,60
975,437,-113.865084,99,80,316,60
983,435,-113.800954,90,74,309,60
995,432,-114.796320,76,60,293,60
1002,429,-115.474156,62,49,281,60
1010,427,-117.212779,52,41,269,60
1017,425,-118.410266,45,34,261,60
1027,421,-118.094824,34,27,258,60
1034,419,-117.924114,24,19,247,60
1041,417,-117.531887,11,8,13,60
1051,414,-114.435384,3,1,3,60
1058,411,-118.797005,0,0,0,60
1064,409,-122.182959,0,0,0,60
1066,407,-140.998100,0,0,0,60
1065,406,-155.646765,0,0,0,60
1064,406,-161.776207,0,0,0,60
1062,407,-170.523418,0,0,0,60
1061,407,-173.003913,0,0,0,60
1060,407,173.580435,272,14,7,60
1059,408,161.637908,274,14,7,60
1058,409,150.431261,268,59,16,60
1057,409,130.210720,370,370,41,60
1055,411,98.900930,370,370,340,60
1055,412,81.944386,370,370,271,60
1054,413,60.764283,370,370,370,60
1048,416,53.554439,189,370,370,60
1042,419,48.861646,183,370,370,60
1036,422,46.414576,175,370,370,60
1026,428,45.617855,171,370,370,60
1016,434,43.972137,164,370,370,60
1009,438,44.141529,161,370,370,60
999,444,43.993573,154,370,370,60
993,447,45.098090,149,370,370,60
986,451,45.421281,370,313,370,60
975,457,48.770521,370,294,370,60
968,460,51.440197,370,304,370,60
961,463,51.700319,370,302,370,60
959,464,57.256580,370,349,370,60
959,464,56.726716,370,344,370,60
959,464,56.520821,370,342,370,60
959,464,56.586114,370,344,370,60
959,464,57.171723,370,348,370,60
959,464,57.608195,370,352,370,60
959,464,57.388645,370,348,370,60
959,464,56.721587,370,344,370,60
959,464,56.824532,370,344,370,60
959,464,57.423949,370,351,370,60
959,464,56.965998,370,345,370,60
959,464,57.473156,370,341,370,60
959,464,56.942570,370,347,370,60
959,464,57.369010,370,349,370,60
959,464,57.355286,370,349,370,60
959,464,57.266188,370,348,370,60
959,464,57.446521,370,350,370,60
959,464,57.536339,370,351,370,60
959,464,57.628938,370,352,370,60
959,464,57.402407,370,350,370,60
959,464,56.196453,370,346,370,60
959,464,57.334516,370,349,370,60
959,464,57.471387,370,352,370,60
959,464,56.895458,370,346,370,60
959,464,57.224221,370,348,370,60
959,464,56.764700,370,349,370,60
959,464,57.041669,370,346,370,60
959,464,56.942837,370,351,370,60
959,464,57.609250,370,345,370,60
959,464,57.003575,370,346,370,60
959,464,57.435236,370,350,370,60
959,464,56.672373,370,343,370,60
959,464,56.726228,370,338,370,60
959,464,56.988066,370,344,370,60
959,464,57.638928,370,352,370,60
959,464,56.389876,370,349,370,60
959,464,56.593030,370,349,370,60
959,464,55.685729,370,335,370,60
959,464,57.188978,370,348,370,60
959,464,57.417990,370,350,370,60
959,464,57.358820,370,350,370,60
959,464,56.521029,370,348,370,60
959,464,57.339610,370,350,370,60
959,464,57.146044,370,337,370,60
959,464,56.270446,370,352,370,60
959,464,57.329653,370,347,370,60
959,464,56.528448,370,349,370,60
959,464,57.214556,370,349,370,60
959,464,57.505691,370,351,370,60
959,464,57.240539,370,349,370,60
959,464,55.850761,370,348,370,60
959,464,57.285620,370,348,370,60
959,464,57.351825,370,341,370,60
959,464,57.702396,370,353,370,60
959,464,57.419440,370,350,370,60
959,464,57.288174,370,349,370,60
959,464,57.374010,370,352,370,60
959,464,56.132987,370,349,370,60
959,464,56.517379,370,330,370,60
959,464,57.337067,370,342,370,60
959,464,57.436549,370,349,370,60
959,464,56.617421,370,343,370,60
959,464,57.368707,370,350,370,60
959,464,56.848055,370,350,370,60
959,464,57.127152,370,346,370,60
959,464,57.594893,370,352,370,60
959,464,56.877534,370,351,370,60
959,464,57.040247,370,352,370,60
959,464,57.089361,370,346,370,60
959,464,57.331009,370,348,370,60
959,464,57.438477,370,350,370,60
959,464,57.022638,370,353,370,60
959,464,56.563724,370,342,370,60
959,464,57.350956,370,348,370,60
959,464,57.423818,370,352,370,60
959,464,57.322106,370,349,370,60
959,464,57.405784,370,348,370,60
959,464,57.380324,370,354,370,60
959,464,56.887502,370,345,370,60
959,464,57.382599,370,350,370,60
959,464,57.821148,370,352,370,60
959,464,57.280967,370,343,370,60
959,464,57.473000,370,350,370,60
959,464,56.168796,370,340,370,60
959,464,56.831919,370,347,370,60
959,464,57.370682,370,350,370,60
959,464,56.717659,370,344,370,60
959,464,57.740151,370,351,370,60
959,464,56.860586,370,346,370,60
959,464,56.964299,370,347,370,60
959,464,57.355964,370,349,370,60
959,464,57.415282,370,351,370,60
959,464,57.198352,370,348,370,60
959,464,56.671974,370,343,370,60
959,464,56.971896,370,346,370,60
