601,796,136.407057,76,106,370,60
598,794,134.119388,75,106,370,60
594,791,136.508871,69,100,370,60
589,788,141.206053,66,98,370,60
588,786,156.186191,72,138,370,60
589,785,167.691552,93,355,96,60
590,784,176.429504,111,370,83,60
591,783,-142.941132,123,370,79,60
592,783,-175.497792,140,370,75,60
595,780,-166.634166,169,370,69,60
599,774,-164.610456,207,370,59,60
603,768,-165.077877,213,73,54,60
613,754,-163.059847,248,55,42,60
620,742,-164.908228,244,38,28,60
624,735,-165.361966,252,24,18,60
627,731,-168.424267,235,20,14,60
626,730,-176.059204,190,29,18,60
625,730,-178.373030,173,370,20,60
624,731,176.191390,149,370,24,60
623,733,167.143594,142,370,28,60
622,733,160.075102,125,370,37,60
617,726,158.518522,111,261,370,60
612,720,153.200760,100,210,370,60
603,711,149.255905,86,165,370,60
594,701,149.996471,80,154,370,60
591,697,158.960916,82,196,370,60
590,694,163.790225,89,274,370,60
588,690,171.706228,93,370,370,60
587,686,175.181694,99,370,370,60
587,682,177.896271,106,370,370,60
587,679,176.428939,109,370,370,60
588,675,-179.358807,131,370,370,60
590,670,-177.322722,124,370,370,60
591,667,-173.956728,142,370,370,60
594,662,-167.093859,165,370,370,60
597,659,-160.051750,210,370,370,60
601,657,-151.621342,370,370,370,60
606,654,-138.063137,370,370,370,60
608,653,-132.422833,370,370,361,60
614,651,-115.145161,370,370,102,60
620,651,-97.450066,370,370,49,60
624,651,-86.777218,370,351,23,60
628,652,-76.794870,370,69,14,60
637,655,-71.417740,370,13,6,60
646,656,-72.369290,370,12,4,60
657,658,-72.967715,370,8,3,60
663,658,-87.669809,370,31,7,60
664,657,-103.952638,370,370,37,60
665,656,-125.241521,370,370,340,60
665,654,-147.678640,370,370,370,60
665,653,-159.274887,370,370,370,60
669,648,-163.504689,365,358,370,60
670,646,-159.382931,370,347,370,60
673,644,-153.792532,370,370,370,60
676,642,-147.161605,370,370,370,60
680,640,-132.817335,370,370,370,60
685,638,-121.766071,370,370,298,60
689,637,-111.832204,370,370,370,60
693,637,-101.030329,370,370,370,60
697,638,-89.161135,370,259,331,60
703,639,-74.121665,370,298,30,60
709,642,-57.628917,370,370,20,60
712,644,-47.912463,252,11,7,60
721,649,-44.057668,0,0,0,60
730,654,-47.068661,0,0,0,60
735,657,-53.221752,231,330,200,60
741,658,-64.978198,370,370,209,60
743,658,-78.257144,370,370,233,60
744,657,-92.094379,370,220,316,60
751,657,-90.951234,370,208,337,60
758,657,-87.314231,370,213,303,60
762,658,-78.997424,370,241,254,60
766,659,-69.966334,370,370,226,60
769,661,-59.157463,190,370,204,60
776,665,-42.701252,206,300,192,60
779,668,-34.128892,370,233,185,60
781,671,-26.865824,370,207,185,60
784,674,-20.350927,370,184,189,60
786,678,-16.031729,345,174,190,60
790,685,-10.204700,292,165,193,60
792,691,-7.748270,252,155,192,60
796,700,-5.098792,231,148,189,60
797,705,-4.059903,217,142,185,60
799,714,-2.663750,197,133,179,60
800,720,-2.136594,188,127,172,60
801,726,-1.531940,171,118,162,60
802,735,-0.669064,161,112,155,60
803,741,-0.280783,151,106,148,60
803,747,-0.003932,137,97,137,60
802,758,0.182164,127,90,127,60
800,768,0.404020,110,79,113,60
799,776,0.735600,100,72,103,60
798,783,1.266147,85,61,87,60
796,791,1.748463,72,53,78,60
795,798,1.926833,63,46,68,60
792,809,1.662616,54,39,56,60
791,816,1.169777,38,28,41,60
790,823,0.137483,32,23,32,60
791,824,-0.945521,28,20,28,60
792,825,-5.412091,28,19,25,60
793,825,-13.254108,37,20,24,60
794,824,-30.026991,59,24,24,60
796,823,-53.778355,370,40,28,60
796,823,-71.430103,370,82,39,60
796,821,-91.377941,238,370,76,60
795,821,-112.455589,370,370,158,60
794,820,-139.359572,370,232,370,60
793,819,-152.809030,370,370,370,60
799,812,-157.536638,370,370,228,60
804,807,-152.746927,370,370,224,60
808,805,-141.253379,370,370,370,60
813,802,-127.710352,370,208,370,60
817,801,-116.834678,370,200,364,60
821,801,-107.323739,370,370,178,60
826,801,-91.330972,206,370,116,60
829,801,-81.324105,197,370,93,60
833,802,-73.531661,196,248,75,60
837,804,-62.115112,370,167,66,60
842,806,-60.516186,370,104,55,60
848,808,-60.524121,370,104,54,60
860,812,-60.810102,370,97,49,60
866,813,-72.238803,370,116,52,60
867,813,-87.251176,370,272,66,60
867,812,-103.300704,182,370,127,60
866,811,-127.893084,370,162,290,60
867,809,-140.579173,370,170,370,60
872,805,-146.831373,370,175,370,60
877,801,-147.265830,370,167,370,60
880,799,-140.528910,370,154,370,60
885,797,-126.330057,370,141,370,60
889,796,-116.894765,370,370,302,60
895,796,-99.145227,148,370,165,60
899,796,-89.510671,137,367,118,60
905,798,-71.241570,370,300,82,60
909,799,-60.251753,370,147,68,60
916,803,-49.255974,360,87,55,60
922,806,-48.977142,350,73,48,60
933,812,-50.072382,343,68,45,60
938,813,-59.586030,337,71,44,60
940,812,-84.684546,361,157,56,60
941,812,-105.741303,114,335,138,60
942,810,-124.987294,144,370,333,60
943,808,-144.146218,370,103,333,60
947,805,-147.756611,370,106,338,60
953,800,-141.968082,370,95,331,60
957,798,-134.023078,370,86,319,60
960,797,-126.405560,117,370,313,60
964,796,-114.730312,92,335,269,60
967,796,-107.357282,80,313,188,60
973,795,-93.023229,370,297,140,60
978,796,-84.035457,368,288,97,60
983,798,-68.131021,320,235,78,60
988,799,-58.337161,288,114,61,60
991,801,-50.232506,281,85,54,60
999,806,-47.095180,275,73,49,60
1005,809,-45.795099,269,67,47,60
1010,811,-51.096635,264,62,42,60
1013,811,-75.632762,272,123,54,60
1014,810,-92.912858,320,253,76,60
1014,809,-112.509839,370,261,148,60
1013,808,-131.705308,76,341,258,60
1012,807,-152.849859,157,370,279,60
1017,802,-156.536381,370,145,288,60
1022,796,-157.404555,370,121,286,60
1026,793,-150.933025,100,370,269,60
1031,789,-137.641263,54,370,248,60
1035,788,-124.112289,96,312,238,60
1041,786,-112.896523,370,255,241,60
1051,784,-109.241553,370,227,228,60
1058,783,-100.751809,368,210,172,60
1066,783,-89.786055,295,201,135,60
1070,784,-77.746026,244,198,107,60
1075,785,-70.120239,212,203,87,60
1080,788,-57.253811,196,137,73,60
1086,790,-56.088123,186,120,69,60
1096,794,-54.907285,179,113,65,60
1103,797,-55.840776,172,106,62,60
1114,802,-57.348559,162,105,59,60
1121,804,-57.782089,152,105,56,60
1126,806,-64.155607,148,123,58,60
1130,805,-87.514698,165,138,76,60
1130,805,-107.543764,221,136,121,60
1130,804,-126.983653,370,173,141,60
1130,802,-145.933282,370,222,145,60
1134,798,-149.405313,370,279,148,60
1142,790,-151.537369,370,293,145,60
1148,785,-150.272856,370,290,141,60
1156,777,-146.394674,370,225,127,60
1162,772,-149.044454,367,225,123,60
1168,767,-145.565196,370,192,111,60
1173,761,-149.054444,368,203,109,60
1182,754,-150.936118,358,205,104,60
1188,748,-149.181359,355,200,99,60
1194,743,-148.256470,370,159,86,60
1202,736,-149.656572,370,159,83,60
1207,731,-149.795600,370,142,75,60
1213,726,-147.912698,370,123,66,60
1218,721,-147.713487,370,111,62,60
1225,714,-146.933585,370,104,56,60
1233,706,-150.240187,370,101,51,60
1238,701,-148.771999,370,85,45,60
1243,696,-147.075188,370,63,35,60
1248,692,-156.415523,362,81,37,60
1248,689,-168.075482,321,138,44,60
1248,688,-171.204165,370,305,52,60
1247,687,-172.651642,370,370,62,60
1246,686,170.585895,370,370,86,60
1244,677,177.197100,370,370,83,60
1242,670,175.770437,370,370,82,60
1239,660,175.374915,370,370,89,60
1237,654,169.721134,370,370,99,60
1233,645,168.818831,370,370,104,60
1231,639,172.023678,370,370,113,60
1228,632,170.963681,370,370,121,60
1223,623,167.288315,370,281,172,60
1220,617,167.996123,370,370,149,60
1216,610,160.300632,370,256,199,60
1210,600,167.219090,370,248,206,60
1207,593,164.524867,370,251,189,60
1204,587,168.711489,370,370,172,60
1200,577,173.748362,370,370,161,60
1199,571,171.124383,370,370,166,60
1197,563,168.977722,370,370,159,60
1197,557,169.732900,370,370,161,60
1196,550,169.948306,370,370,179,60
1196,543,175.973898,370,370,151,60
1196,533,170.542563,370,370,164,60
1197,523,-175.422356,370,126,79,60
1197,516,-168.748647,147,370,134,60
1198,510,-168.763961,157,370,109,60
1199,503,-171.329576,149,370,113,60
1201,492,-168.720537,154,370,102,60
1202,485,-171.274961,151,370,100,60
1204,474,-170.141916,148,370,99,60
1205,467,-172.244374,141,363,99,60
1207,459,-169.104668,134,351,97,60
1208,448,-169.109860,134,344,96,60
1210,437,-171.113434,369,247,85,60
1210,430,-175.430350,370,324,96,60
1211,422,-168.565815,370,313,94,60
1211,412,-177.025969,370,304,97,60
1212,405,166.512100,94,83,298,60
1211,396,134.030341,355,287,97,60
1211,389,177.790266,370,274,124,60
1211,382,167.807381,78,273,159,60
1212,375,-166.917510,305,272,87,60
1213,370,-170.255628,326,260,99,60
1214,360,-170.727591,290,256,85,60
1216,352,-167.313025,281,244,85,60
1217,345,-169.344000,278,235,86,60
1218,338,-173.961359,286,224,93,60
1220,328,-167.922927,250,225,78,60
1220,321,-172.763114,247,215,79,60
1221,310,-177.546946,237,204,79,60
1222,303,-171.437610,264,192,99,60
1222,297,-175.125175,190,101,56,60
1222,287,168.610073,370,187,186,60
1221,277,177.762067,309,170,147,60
1221,270,167.194048,303,163,152,60
1220,263,166.501447,281,153,152,60
1219,257,179.034975,209,142,113,60
1219,246,170.062411,193,135,109,60
1219,234,-142.597341,219,126,142,60
1219,227,134.076408,159,116,102,60
1219,219,169.704369,185,106,125,60
1220,211,166.457345,370,137,103,60
1220,201,121.259866,114,89,92,60
1220,191,-177.433822,107,80,96,60
1221,179,-174.910227,94,68,97,60
1221,172,134.158928,82,60,89,60
1222,164,165.236991,370,78,58,60
1221,154,179.065894,61,42,58,60
1220,144,179.026868,51,36,51,60
1220,138,178.123296,38,26,35,60
1218,136,175.256725,32,22,30,60
1217,135,166.746514,38,21,24,60
1216,136,138.453959,66,26,25,60
1215,137,134.336857,370,48,31,60
1214,138,112.584214,370,98,42,60
1214,139,94.416703,370,194,54,60
1214,140,68.330773,172,370,154,60
1214,141,44.564409,370,370,360,60
1215,142,31.923930,370,165,370,60
1212,145,21.866016,285,150,370,60
1206,152,24.496101,281,142,370,60
1202,155,32.477238,370,148,370,60
1196,158,44.646981,370,160,347,60
1193,160,54.315592,370,180,370,60
1189,161,64.792781,134,370,367,60
1186,161,75.276321,158,365,168,60
1180,161,88.937640,182,307,125,60
1177,160,92.106460,370,370,100,60
1174,159,110.365914,370,189,71,60
1169,157,123.210361,334,119,61,60
1164,154,128.230430,370,82,51,60
1152,149,129.594013,370,73,47,60
1145,145,127.964818,370,68,44,60
1138,142,118.686334,282,88,45,60
1130,139,120.347807,274,82,41,60
1128,139,107.783743,347,143,51,60
1128,140,91.396474,370,370,73,60
1129,141,65.358300,370,271,121,60
1130,141,49.296374,148,370,370,60
1126,144,43.844651,140,370,370,60
1115,152,40.075393,134,370,248,60
1108,157,36.433503,130,370,254,60
1103,160,45.995976,125,370,370,60
1099,161,58.880326,133,370,370,60
1093,162,73.578852,370,285,210,60
1090,162,84.315501,370,232,151,60
1086,162,94.721385,370,370,99,60
1081,160,107.822908,370,358,85,60
1078,159,111.858838,269,188,71,60
1072,156,128.554797,247,99,56,60
1068,153,130.527993,370,74,49,60
1060,149,132.052265,370,65,44,60
1051,145,127.046945,370,63,41,60
1049,145,112.013735,196,124,52,60
1049,147,88.203628,370,370,72,60
1049,148,68.575887,370,209,176,60
1050,148,48.026635,370,370,370,60
1051,148,33.634571,135,370,182,60
1050,150,28.950515,135,370,221,60
1044,155,31.305975,131,370,219,60
1041,157,39.496021,127,370,186,60
1036,159,51.039556,370,370,370,60
1030,161,64.481134,370,370,360,60
1026,161,71.585153,370,180,192,60
1022,161,84.589925,370,256,124,60
1015,160,99.934093,370,370,94,60
1008,158,117.255288,155,166,68,60
1005,156,127.468186,224,103,58,60
1000,154,133.198650,370,77,51,60
990,148,133.365165,370,64,44,60
983,144,129.281423,370,62,39,60
979,144,106.861562,172,107,49,60
977,145,87.524366,151,364,68,60
977,148,20.049189,142,370,159,60
978,149,6.062620,154,370,370,60
979,148,1.344721,171,370,370,60
980,151,0.469924,175,370,370,60
979,158,0.561755,165,370,370,60
977,165,2.635063,155,370,370,60
975,170,7.986218,138,370,370,60
972,174,10.352640,127,370,370,60
970,177,16.894523,117,370,370,60
968,179,22.599403,370,370,169,60
963,183,30.973184,370,370,145,60
959,185,43.240025,370,370,110,60
956,187,52.827168,370,370,92,60
951,188,58.142859,370,370,79,60
946,190,64.331557,370,121,360,60
937,192,67.062960,370,110,345,60
930,194,65.085108,370,96,351,60
924,196,64.620829,370,89,51,60
917,197,73.668213,370,81,45,60
912,198,82.908193,370,50,210,60
908,197,93.042318,370,35,161,60
904,197,102.652161,47,370,125,60
899,196,102.725703,37,370,120,60
896,196,94.189644,48,17,142,60
890,197,79.886279,107,18,14,60
877,199,77.138972,370,15,10,60
871,199,88.467456,16,2,3,60
869,198,102.548010,0,0,0,60
863,196,116.249936,10,272,109,60
860,194,126.005321,39,181,97,60
858,192,140.033769,334,111,85,60
856,189,155.181301,278,89,80,60
849,179,160.645590,172,75,76,60
844,173,159.155304,149,67,69,60
839,166,158.043952,134,57,58,60
833,158,158.777337,121,52,52,60
828,153,156.075641,109,44,44,60
826,152,142.226834,182,49,42,60
825,152,128.246413,299,65,47,60
824,153,110.892167,317,152,62,60
826,154,76.287566,41,292,113,60
828,155,55.651518,18,31,305,60
829,155,40.310002,11,15,306,60
824,159,32.618436,7,8,30,60
819,162,42.227860,4,5,32,60
817,163,55.344214,8,14,292,60
813,162,84.255634,30,281,131,60
810,161,110.893605,62,283,83,60
809,160,129.587667,288,115,61,60
809,158,143.590691,289,61,49,60
803,151,152.546464,135,48,45,60
800,147,159.120417,83,36,37,60
798,141,163.016842,73,32,32,60
796,137,166.080036,58,27,28,60
794,136,160.009489,49,24,27,60
793,136,151.090885,85,28,25,60
793,137,133.424280,271,37,30,60
792,138,115.003759,268,63,37,60
791,139,89.119120,360,257,75,60
791,140,61.110641,41,279,166,60
791,142,39.930284,24,32,268,60
791,143,22.454399,21,21,49,60
787,149,18.251269,17,16,34,60
782,156,18.748636,8,8,16,60
780,157,31.293011,7,7,23,60
778,158,43.599844,10,12,254,60
777,157,58.591262,17,30,254,60
776,156,86.854127,31,250,147,60
775,154,116.803193,275,202,68,60
775,152,134.352165,250,85,51,60
774,150,153.960888,135,45,41,60
768,143,155.152401,180,44,38,60
763,137,155.982957,69,27,27,60
761,137,138.281630,140,32,27,60
761,137,120.049887,234,51,32,60
761,139,87.369543,279,231,59,60
762,141,66.416375,370,235,123,60
763,141,42.826332,28,325,237,60
764,141,29.821482,24,28,247,60
761,144,25.403697,20,20,258,60
756,149,24.759658,14,14,254,60
747,158,32.416267,7,8,240,60
743,160,47.781289,7,342,221,60
740,160,63.520060,370,236,219,60
737,159,91.456544,351,207,135,60
735,158,111.015375,240,208,79,60
731,156,120.154741,207,112,58,60
725,153,128.575327,199,79,49,60
717,148,131.964343,193,71,47,60
707,143,133.927361,185,57,39,60
703,140,126.531033,176,58,37,60
700,140,113.440567,180,104,47,60
699,141,83.187485,216,166,71,60
698,142,59.970182,370,191,175,60
698,144,35.237793,370,251,173,60
698,145,22.798270,370,370,193,60
696,148,17.452105,370,370,199,60
690,156,18.700333,370,370,203,60
686,161,22.083178,370,370,185,60
679,168,25.001033,370,370,182,60
675,172,27.979390,370,338,165,60
669,177,29.683728,370,331,161,60
664,181,36.425414,370,257,148,60
656,186,41.661453,370,234,140,60
650,189,44.474127,370,179,125,60
641,194,47.232935,370,153,117,60
635,197,50.133649,370,149,111,60
628,200,52.594763,370,136,104,60
617,205,51.413317,370,119,93,60
609,208,53.776327,370,100,82,60
599,212,51.250136,370,94,75,60
592,215,50.438311,370,86,68,60
582,220,48.931136,370,73,58,60
577,223,46.430520,370,72,54,60
572,226,42.173890,370,71,48,60
569,228,27.336407,370,93,51,60
569,230,13.924429,370,132,56,60
570,231,6.832683,370,370,76,60
570,231,1.732326,370,370,89,60
571,231,0.011367,370,370,94,60
572,236,-0.815907,370,370,97,60
574,244,-1.113894,370,370,102,60
575,250,-3.096366,370,370,107,60
577,256,-3.739105,370,370,113,60
580,263,-5.646527,370,370,124,60
584,272,-7.022427,370,370,133,60
587,279,-7.212042,370,367,142,60
589,285,-8.140829,370,358,148,60
592,292,-7.231205,370,350,149,60
596,304,-5.836825,370,341,148,60
600,311,-5.154876,370,329,154,60
602,318,-4.829677,370,322,155,60
605,329,-4.350530,370,315,158,60
608,336,-3.476553,370,370,158,60
610,347,-2.135021,370,370,158,60
612,355,-1.708590,370,370,155,60
614,362,-1.602254,370,370,161,60
615,373,-0.825303,370,370,162,60
616,379,-1.066302,370,370,161,60
618,390,-0.893806,370,370,164,60
619,397,-0.473129,370,370,164,60
619,404,-0.224296,370,370,164,60
618,411,0.019940,370,370,161,60
618,420,0.376236,370,370,162,60
617,431,0.821663,370,370,158,60
616,437,1.349325,370,370,155,60
615,444,2.356273,370,370,149,60
612,455,3.064450,370,370,145,60
610,462,3.972479,370,370,138,60
608,469,3.950386,224,370,135,60
605,480,4.530670,213,370,130,60
602,487,4.744767,204,362,127,60
600,494,5.046334,189,351,121,60
596,505,3.915644,183,343,121,60
594,513,4.053905,171,336,117,60
589,524,5.282318,155,325,110,60
587,531,5.845234,140,315,103,60
582,542,7.105550,128,308,97,60
579,549,5.926336,116,297,93,60
577,556,7.034548,106,290,87,60
572,566,6.539527,99,284,86,60
569,573,6.582839,169,278,79,60
567,579,5.703320,179,266,78,60
563,589,3.937227,333,259,73,60
562,595,3.778195,329,253,73,60
559,605,3.015056,324,243,73,60
556,616,2.671949,316,234,71,60
554,630,1.698909,305,220,69,60
552,640,1.423910,290,209,68,60
550,648,1.383217,269,196,62,60
548,662,1.127078,257,186,61,60
547,670,1.061419,247,178,61,60
546,680,0.273529,234,169,59,60
546,688,0.615356,217,156,58,60
545,701,0.483040,206,147,58,60
544,709,0.024450,196,139,56,60
544,721,0.070333,179,127,56,60
544,728,0.009162,169,120,56,60
545,736,-0.153708,158,112,56,60
545,746,-0.860678,144,101,58,60
547,757,-0.981188,130,90,61,60
548,763,-0.749548,120,84,62,60
549,770,-1.260560,107,74,66,60
550,777,-3.833715,100,68,69,60
551,777,-8.459271,104,67,78,60
552,777,-18.415237,133,70,79,60
553,776,-31.219266,230,80,75,60
553,775,-49.612915,370,119,79,60
552,774,-64.762102,107,197,92,60
552,772,-89.893941,97,370,124,60
552,771,-109.981823,102,98,197,60
553,769,-128.964277,370,89,370,60
559,766,-131.850845,370,87,106,60
566,762,-133.785654,370,75,87,60
574,758,-130.708385,370,68,80,60
578,757,-124.307460,370,62,80,60
587,754,-120.832764,370,53,76,60
593,751,-121.333837,62,48,73,60
599,749,-122.526990,54,38,54,60
608,745,-123.828916,47,32,44,60
613,742,-133.483241,35,24,32,60
613,741,-147.003712,370,27,25,60
612,740,-157.848682,313,34,28,60
611,740,-170.833203,210,370,32,60
610,741,-177.062942,169,370,37,60
608,742,140.704709,152,370,41,60
608,741,174.804872,131,370,45,60
606,733,173.528436,125,370,44,60
603,719,172.273994,124,370,370,60
599,702,171.616908,111,370,370,60
596,694,171.299670,109,370,370,60
593,687,172.747715,103,370,370,60
593,683,174.028997,107,370,370,60
592,679,172.741394,116,370,370,60
593,674,-142.545045,125,370,370,60
594,670,-177.544009,135,370,370,60
595,666,-174.679027,145,370,370,60
598,661,-169.069270,165,370,370,60
600,658,-163.592560,216,370,370,60
606,654,-149.377869,370,370,370,60
616,647,-141.941404,370,370,370,60
627,640,-135.069424,370,370,370,60
634,636,-128.017108,370,370,343,60
639,635,-116.656714,365,370,370,60
646,634,-100.391109,370,370,86,60
651,634,-88.349601,370,306,48,60
658,636,-71.442896,370,370,32,60
662,638,-61.657775,370,46,21,60
671,641,-59.133489,370,24,13,60
683,644,-63.272467,370,25,13,60
689,646,-66.962600,370,27,13,60
695,647,-80.702682,370,370,16,60
698,645,-105.761452,370,370,370,60
698,644,-127.410488,370,370,370,60
700,641,-148.356148,370,370,370,60
703,638,-152.587459,370,370,370,60
706,636,-147.964655,370,370,370,60
710,634,-134.224121,370,370,370,60
714,632,-127.705749,370,370,243,60
719,631,-113.035783,370,370,290,60
723,631,-102.183524,370,370,370,60
727,631,-91.530077,370,220,354,60
733,632,-76.219306,370,252,292,60
736,634,-64.898101,370,370,243,60
741,637,-49.445504,212,370,223,60
744,639,-39.603314,235,299,214,60
747,642,-30.164853,370,239,213,60
751,648,-17.865441,370,214,219,60
753,651,-11.160402,350,198,231,60
754,656,-5.082049,305,190,80,60
755,660,-2.275292,279,186,61,60
755,665,-0.203643,257,180,58,60
754,669,0.113843,247,175,63,60
754,675,0.319283,237,169,76,60
753,687,0.189226,226,161,228,60
752,696,0.178758,213,152,216,60
751,703,0.171958,199,141,199,60
752,712,-0.003254,190,135,190,60
752,717,-0.455368,180,127,178,60
753,726,-0.477322,172,121,169,60
753,732,-0.374726,162,114,159,60
754,739,-0.070039,148,105,148,60
754,747,-0.144625,137,97,137,60
755,756,-0.466544,128,91,128,60
756,763,-0.610489,121,85,118,60
757,773,-0.899542,111,78,109,60
758,781,-1.150516,96,67,93,60
759,787,-1.649822,83,57,78,60
761,797,-2.324968,73,50,68,60
763,803,-2.283706,65,44,59,60
765,812,-3.526383,56,38,51,60
767,815,-6.406031,47,30,39,60
768,816,-14.742776,56,30,34,60
768,815,-26.344553,96,35,34,60
769,814,-41.587740,370,49,38,60
769,812,-65.455741,370,82,47,60
768,811,-84.485558,254,370,76,60
769,810,-113.451262,370,370,135,60
769,809,-130.481442,370,244,370,60
769,808,-143.745956,370,370,370,60
773,804,-147.231874,370,370,370,60
779,798,-150.803009,370,370,243,60
783,795,-143.424220,370,370,370,60
786,794,-134.675733,370,370,370,60
792,792,-121.328353,370,218,370,60
795,791,-112.692996,370,215,299,60
801,791,-98.231880,370,370,159,60
805,791,-86.901099,216,370,118,60
810,793,-71.634386,210,323,87,60
814,794,-63.259532,370,176,75,60
819,796,-55.543341,370,108,62,60
824,798,-54.952093,370,102,59,60
830,801,-57.708671,370,104,58,60
839,804,-58.965520,370,104,56,60
844,805,-70.591708,370,134,61,60
845,804,-89.968803,186,370,96,60
844,803,-115.094499,370,370,165,60
845,801,-130.779349,370,177,370,60
850,798,-138.211821,370,179,370,60
854,795,-141.894064,370,179,370,60
859,792,-142.216781,370,171,370,60
862,790,-131.567131,370,159,370,60
869,788,-116.552850,370,150,370,60
874,787,-101.093202,166,370,196,60
878,787,-94.959970,154,370,142,60
881,787,-96.225551,151,370,142,60
885,786,-100.660920,147,370,165,60
891,786,-102.988699,144,370,176,60
901,784,-105.097522,140,370,193,60
907,783,-106.310137,133,370,203,60
918,781,-103.554568,120,363,199,60
926,780,-101.592639,106,346,182,60
937,779,-97.651429,97,334,158,60
944,778,-95.077478,89,325,155,60
952,778,-92.491266,79,312,144,60
963,778,-93.049588,370,306,147,60
971,778,-90.289223,370,293,137,60
979,778,-90.159080,370,285,135,60
991,777,-92.220759,370,277,137,60
1003,777,-92.784191,370,265,147,60
1010,776,-92.882579,370,257,144,60
1022,776,-96.948870,370,247,158,60
1032,775,-96.250243,370,241,161,60
1040,775,-93.525237,338,225,152,60
1051,774,-94.782836,344,218,164,60
1063,774,-94.722234,313,206,157,60
1071,773,-92.160790,283,193,151,60
1079,773,-94.231719,282,186,157,60
1091,772,-93.021660,271,178,158,60
1099,772,-91.800565,244,169,148,60
1111,772,-91.364521,226,157,148,60
1120,772,-92.223690,213,149,145,60
1128,771,-93.814154,206,136,158,60
1140,771,-93.745417,195,128,159,60
1151,770,-95.923969,183,118,152,60
1159,770,-93.443317,169,109,142,60
1166,770,-91.888700,142,98,134,60
1178,770,-90.783322,130,90,124,60
1186,770,-91.934348,118,82,113,60
1198,769,-92.554515,103,70,94,60
1206,769,-93.498108,92,62,85,60
1213,769,-94.400916,78,51,68,60
1223,767,-98.745598,72,45,56,60
1230,767,-98.616846,58,35,42,60
1237,766,-105.760335,54,29,34,60
1238,764,-123.793615,87,32,31,60
1239,763,-139.752790,370,54,35,60
1238,762,-160.223718,370,110,47,60
1236,761,-172.372214,370,231,59,60
1235,762,-174.622273,370,370,68,60
1235,762,173.190830,172,370,110,60
1233,761,166.667308,169,370,127,60
1228,754,164.570340,164,370,159,60
1220,743,155.399840,151,340,212,60
1216,738,158.582090,142,370,274,60
1211,732,156.758965,133,370,257,60
1206,727,153.588921,127,370,312,60
1200,718,154.389993,120,305,252,60
1196,713,160.239294,110,298,257,60
1192,706,167.834006,104,301,244,60
1190,701,170.412702,103,324,207,60
1189,697,174.137377,370,370,173,60
1187,689,175.786832,370,370,169,60
1186,683,172.052803,370,370,176,60
1184,674,174.204298,370,327,189,60
1184,667,176.654162,370,370,162,60
1183,659,172.398368,370,370,162,60
1182,651,179.183393,370,370,162,60
1182,643,177.418240,370,370,166,60
1181,632,173.887362,370,370,173,60
1181,619,173.709535,370,370,164,60
1181,611,173.911495,370,370,186,60
1181,603,-177.344981,370,370,141,60
1181,595,-176.569519,370,370,148,60
1181,583,169.880626,370,237,207,60
1181,571,172.022510,370,228,212,60
1181,564,174.313163,370,221,210,60
1181,556,175.544651,370,215,209,60
1181,545,-175.740522,165,370,127,60
1182,538,-178.981754,145,370,155,60
1183,531,-171.301685,152,370,134,60
1184,524,-178.463555,138,370,148,60
1186,514,-168.588408,148,370,125,60
1188,504,-160.772869,149,370,117,60
1190,495,-168.134407,145,370,116,60
1192,483,-166.213941,135,370,123,60
1194,476,-168.541478,134,370,116,60
1195,469,-168.157836,131,362,110,60
1195,462,-173.695647,120,349,123,60
1196,452,-170.674040,111,341,135,60
1196,446,-179.065690,106,331,135,60
1196,439,166.982842,92,338,219,60
1196,429,169.026718,92,321,175,60
1196,422,169.391180,87,317,183,60
1195,415,179.582864,87,300,141,60
1195,404,169.364132,78,300,192,60
1196,396,-169.377825,289,118,79,60
1196,385,-175.470111,327,281,109,60
1196,377,-167.420896,326,270,113,60
1197,369,-172.556719,317,257,116,60
1197,358,-177.535212,300,250,113,60
1197,351,165.512630,370,250,220,60
1197,341,168.057342,370,232,169,60
1196,334,168.673284,370,228,193,60
1195,327,172.545882,350,214,169,60
1194,317,171.401724,361,210,182,60
1194,310,166.972781,368,201,200,60
1193,298,177.228169,370,195,216,60
1193,290,165.262958,336,181,206,60
1193,283,-178.874503,221,169,130,60
1193,271,-178.184347,223,160,141,60
1194,260,-168.815394,183,152,116,60
1195,252,-178.778244,186,137,134,60
1196,245,-179.076592,179,130,134,60
1198,233,-167.677425,154,123,117,60
1198,226,-177.867283,140,116,110,60
1199,214,-171.289760,140,103,128,60
1200,207,133.318753,130,96,125,60
1200,200,-142.525089,128,87,118,60
1200,190,165.003101,147,81,93,60
1199,183,177.522977,124,73,87,60
1199,176,179.332478,96,64,86,60
1199,169,179.654983,76,54,76,60
1198,162,178.469527,68,47,65,60
1197,153,178.263202,59,41,56,60
1196,147,177.390878,47,32,44,60
1195,141,177.342148,38,26,35,60
1193,139,170.365839,39,24,31,60
1193,139,156.871208,55,27,28,60
1192,141,138.859122,370,45,34,60
1193,143,126.383559,370,68,41,60
1193,144,107.810730,370,160,56,60
1194,145,74.913935,193,322,109,60
1195,146,55.713511,166,370,162,60
1196,147,40.690842,370,181,326,60
1193,151,28.091104,370,152,370,60
1189,156,23.216252,317,133,370,60
1184,161,22.954477,321,127,370,60
1178,167,27.156191,370,127,370,60
1175,170,25.992538,370,124,370,60
1172,174,23.217705,360,114,370,60
1169,178,16.521327,303,106,370,60
1168,181,11.343026,255,101,370,60
1167,184,7.066387,213,370,151,60
1167,187,4.236726,197,370,137,60
1166,192,1.404860,189,370,125,60
1166,195,0.345452,183,370,118,60
1166,203,0.034631,180,370,107,60
1165,210,0.053564,182,370,99,60
1165,216,0.030662,182,370,85,60
1165,226,-0.000259,182,370,75,60
1165,233,-0.085160,182,370,61,60
1166,242,-0.363953,179,370,52,60
1167,248,-0.653451,179,370,44,60
1168,257,-0.656391,175,370,49,60
1170,268,-1.118772,171,370,87,60
1173,286,-1.412884,168,370,125,60
1176,297,-3.783224,158,370,370,60
1178,303,-6.759057,148,370,370,60
1180,308,-9.523798,138,370,353,60
1183,313,-10.953394,127,370,331,60
1185,317,-9.026724,128,370,334,60
1186,322,-4.000843,137,370,370,60
1187,326,-1.412775,147,370,370,60
1186,331,-0.016426,151,370,370,60
1186,335,0.472871,152,370,370,60
1184,339,2.489806,164,370,370,60
1182,344,7.685130,179,370,370,60
1178,349,16.755123,230,370,370,60
1175,352,25.066998,313,256,370,60
1171,355,29.955451,370,273,75,60
1168,357,37.112979,370,296,59,60
1165,358,46.370542,370,370,44,60
1160,359,58.245295,244,370,34,60
1153,361,65.645593,257,46,24,60
1141,364,61.463724,255,27,14,60
1128,368,64.291871,250,17,8,60
1120,370,57.342656,238,1,1,60
1117,373,37.720039,224,370,7,60
1118,375,19.390196,370,250,23,60
1119,375,8.609801,343,220,370,60
1120,375,2.885764,262,370,370,60
1119,380,1.968248,258,370,370,60
1117,390,1.052039,254,370,370,60
1116,394,2.320683,257,370,370,60
1114,397,5.165704,283,192,370,60
1111,402,10.504085,313,190,370,60
1109,405,15.564260,370,191,370,60
1106,408,20.751397,370,194,370,60
1101,412,32.109560,370,204,370,60
1098,414,38.347426,370,370,370,60
1093,417,54.114447,182,370,370,60
1087,418,61.366269,186,370,370,60
1084,419,72.606804,206,370,370,60
1080,419,81.680329,370,370,293,60
1075,418,91.034198,370,370,296,60
1071,417,103.087358,370,370,370,60
1068,416,105.908248,370,370,370,60
1065,415,113.267023,370,370,343,60
1060,412,124.588525,370,267,320,60
1057,409,135.523343,370,269,52,60
1053,405,149.522775,370,370,42,60
1051,402,149.088248,370,325,24,60
1047,397,152.916138,370,321,28,60
1038,387,151.179059,245,307,28,60
1031,379,157.977866,230,287,27,60
1024,371,154.741638,221,286,32,60
1013,361,149.304867,212,284,265,60
1006,356,145.535163,206,288,254,60
994,346,142.425293,370,298,243,60
987,342,137.184708,370,315,237,60
982,339,134.524575,370,169,234,60
977,335,136.531964,370,160,228,60
970,329,142.215986,370,288,224,60
966,325,153.262806,151,247,224,60
961,320,157.537531,140,226,223,60
955,312,161.045063,133,216,221,60
951,306,162.728577,127,206,219,60
948,301,164.457980,118,194,214,60
943,292,164.457481,111,194,199,60
938,283,165.199036,109,179,207,60
936,276,166.263898,99,172,192,60
933,270,169.123346,93,159,186,60
929,260,166.154972,265,152,180,60
927,254,166.962577,279,147,166,60
924,243,166.192975,259,140,159,60
922,235,166.267019,245,129,145,60
920,228,177.257666,168,113,152,60
918,218,175.640484,161,106,140,60
915,212,170.011159,157,101,130,60
913,205,169.340008,159,92,110,60
909,194,167.733999,131,84,107,60
906,187,168.989704,128,74,87,60
902,178,172.691843,107,66,82,60
899,169,168.628440,97,59,72,60
896,162,157.113657,92,52,62,60
892,154,166.564472,80,44,51,60
889,149,163.441385,73,37,39,60
886,148,151.607481,123,41,38,60
885,147,139.612395,204,45,38,60
883,148,111.149136,361,87,48,60
882,149,93.033617,90,243,66,60
883,150,68.766160,37,120,145,60
884,150,50.656499,25,46,320,60
886,150,36.544787,370,57,110,60
885,151,33.599762,370,370,65,60
879,156,40.985970,370,46,62,60
876,157,54.446333,14,24,351,60
872,158,63.504267,18,38,276,60
866,159,68.219132,18,42,243,60
861,161,64.423374,16,34,264,60
855,163,60.497873,13,23,337,60
851,165,51.949352,6,9,326,60
846,168,43.265727,1,1,321,60
837,179,13.696959,0,0,0,60
836,182,7.951208,0,0,0,60
835,186,4.319564,0,0,0,60
835,191,0.439439,370,370,3,60
836,194,-0.618675,370,370,23,60
838,195,-6.734634,370,370,52,60
840,196,-15.606230,221,370,370,60
848,207,-19.003801,195,370,370,60
853,212,-23.897481,182,370,370,60
858,216,-29.674467,237,370,370,60
861,220,-26.831907,224,370,370,60
864,224,-18.457100,162,370,370,60
865,227,-13.200502,217,370,370,60
867,232,-6.509036,370,370,370,60
867,236,-3.399339,370,370,370,60
868,240,-1.099236,370,370,370,60
868,246,0.021582,370,370,370,60
866,250,2.074337,370,370,370,60
864,255,4.949831,370,370,370,60
862,258,9.667059,370,370,370,60
858,263,18.457895,370,370,370,60
855,266,27.714971,350,370,365,60
851,269,37.028048,370,370,331,60
846,271,48.750961,370,370,321,60
843,272,59.184995,370,370,30,60
837,273,72.977504,370,335,17,60
834,273,83.025360,370,12,10,60
825,272,88.970258,3,2,1,60
812,272,88.588784,0,0,0,60
807,273,86.850443,0,0,0,60
802,273,79.940300,370,272,329,60
800,274,63.268632,370,284,296,60
801,275,48.251339,370,330,275,60
801,276,34.242175,370,370,283,60
797,278,38.426493,370,370,276,60
792,281,49.453422,370,370,268,60
788,282,56.923255,370,310,264,60
785,282,67.108407,370,276,272,60
779,283,79.668643,370,261,278,60
775,282,90.972117,370,244,306,60
769,281,105.806153,298,240,241,60
765,279,115.473900,258,250,203,60
762,278,121.947988,238,273,182,60
758,275,134.149829,233,245,48,60
755,272,141.834608,233,210,35,60
752,269,142.803834,231,201,34,60
743,261,146.245833,231,185,31,60
736,255,143.375506,216,181,147,60
726,246,143.529839,212,169,141,60
718,240,137.157337,199,170,134,60
713,238,130.672433,189,195,134,60
707,235,124.757573,180,218,134,60
698,230,121.188169,175,209,133,60
691,227,123.353721,165,194,128,60
681,223,123.170413,162,186,128,60
674,220,123.736466,152,171,125,60
667,217,122.346127,141,163,118,60
657,212,120.661968,134,158,114,60
650,209,117.577460,128,141,116,60
640,206,112.095562,120,122,117,60
633,204,108.760327,113,112,118,60
626,203,107.100435,106,98,123,60
616,201,102.156884,100,88,127,60
610,200,96.033468,96,81,133,60
603,199,97.135384,87,70,113,60
593,198,95.532924,80,62,97,60
582,198,94.037277,68,52,80,60
575,197,92.234570,62,45,65,60
568,197,92.828280,47,34,51,60
559,197,88.979250,41,28,38,60
553,197,82.680768,35,22,28,60
552,198,69.784018,45,21,23,60
553,199,42.538174,257,32,25,60
554,199,26.826266,370,65,35,60
557,198,12.271291,370,146,49,60
558,198,4.589136,370,316,61,60
559,198,0.758175,370,370,76,60
560,198,-1.980550,370,370,80,60
562,205,-1.871593,370,370,86,60
566,218,-4.528079,370,370,94,60
568,225,-5.110103,370,370,97,60
571,230,-6.653158,370,370,111,60
575,239,-8.846434,370,370,123,60
578,244,-10.073240,370,370,138,60
582,252,-11.954593,370,370,152,60
586,257,-14.551516,370,370,175,60
590,263,-15.633176,370,370,190,60
596,272,-17.000079,370,370,199,60
601,279,-15.959055,370,370,217,60
608,288,-16.219583,370,370,227,60
613,295,-16.669510,370,360,247,60
617,301,-15.616289,370,352,245,60
621,308,-15.137303,370,344,250,60
626,316,-12.159810,370,337,245,60
628,321,-9.251059,370,326,228,60
630,327,-6.231710,370,314,207,60
631,332,-3.732659,370,308,195,60
633,340,-0.465863,370,299,185,60
633,349,-0.144123,370,293,183,60
633,356,-0.042295,370,287,182,60
634,366,0.142722,370,277,182,60
633,374,0.096147,370,265,182,60
633,382,0.382392,370,257,180,60
633,394,0.052433,370,249,182,60
632,402,0.323453,370,241,180,60
632,409,0.021126,370,230,180,60
631,421,0.002959,370,222,180,60
631,429,0.019906,370,214,179,60
630,436,0.535742,370,370,176,60
629,448,0.816378,370,370,175,60
628,455,1.077651,370,370,172,60
626,467,1.491935,370,370,166,60
624,474,2.014155,370,370,162,60
622,486,3.039114,370,362,159,60
619,498,2.780866,193,351,152,60
616,506,3.815704,176,339,147,60
613,517,2.561417,169,330,147,60
611,525,2.793784,159,323,144,60
609,537,1.905219,144,311,142,60
608,544,1.080489,131,300,144,60
606,552,1.412643,120,292,140,60
605,560,1.372664,109,284,138,60
602,571,2.083959,99,277,135,60
601,578,1.642237,83,266,133,60
598,589,2.308476,73,259,128,60
597,595,1.675801,63,252,127,60
596,603,1.576454,51,241,125,60
594,613,2.059816,86,231,121,60
590,623,4.399276,141,226,113,60
587,633,3.890114,286,217,110,60
584,641,4.543145,268,208,103,60
582,651,1.704553,266,196,104,60
581,657,1.515864,261,190,104,60
580,663,0.291274,254,181,106,60
580,672,0.214088,245,175,107,60
580,678,0.009253,238,169,106,60
580,684,-0.130047,230,163,107,60
580,692,-0.198323,220,155,109,60
581,698,-0.618447,213,149,109,60
582,704,-1.027652,202,140,113,60
583,709,-1.220703,195,135,114,60
585,718,-2.712716,189,129,120,60
588,726,-3.468860,183,124,124,60
590,731,-5.887759,178,114,140,60
592,736,-7.211913,176,109,137,60
595,742,-9.717571,176,104,125,60
600,750,-9.616517,172,99,118,60
603,756,-11.537693,161,93,110,60
608,765,-12.675293,158,88,102,60
612,770,-13.593813,152,80,90,60
615,775,-17.204761,149,74,79,60
621,782,-19.473475,157,70,72,60
625,786,-25.331866,151,66,68,60
631,791,-31.880040,245,67,59,60
634,793,-38.416026,370,72,58,60
636,794,-47.577817,370,87,59,60
637,793,-72.148108,369,157,72,60
638,792,-94.165336,32,370,125,60
638,791,-120.958969,32,28,240,60
638,789,-131.649973,41,26,370,60
649,783,-130.742645,32,18,21,60
653,782,-118.996119,17,10,14,60
657,783,-97.549642,10,342,196,60
657,784,-81.294945,370,370,125,60
658,785,-64.789867,345,185,82,60
659,786,-50.611534,370,109,69,60
665,789,-46.110958,370,94,65,60
675,794,-44.654082,370,91,62,60
681,797,-48.206578,370,85,58,60
686,800,-50.098532,370,85,55,60
688,799,-73.868395,326,153,66,60
688,798,-96.722986,370,370,124,60
687,796,-127.459531,107,307,288,60
687,796,-140.210144,25,370,370,60
691,792,-147.999747,14,370,321,60
699,785,-151.599070,14,370,310,60
708,777,-151.549166,21,370,292,60
719,768,-144.730175,34,370,288,60
729,760,-142.251912,45,370,278,60
738,754,-139.458604,58,370,272,60
748,748,-137.805268,370,370,262,60
763,738,-136.648112,370,370,251,60
774,732,-134.507243,370,370,238,60
788,725,-130.401305,370,370,230,60
795,721,-123.428671,370,370,370,60
803,719,-119.975493,370,168,370,60
814,715,-114.029248,370,160,370,60
825,712,-109.019227,370,154,370,60
831,711,-105.722076,370,149,337,60
836,710,-109.925084,370,139,370,60
840,708,-115.835459,370,132,370,60
846,706,-126.627650,370,127,370,60
850,703,-137.701516,370,370,142,60
852,700,-147.123873,370,353,127,60
854,698,-155.241817,370,370,120,60
857,693,-163.831306,370,370,370,60
859,689,-168.872026,370,370,370,60
862,683,-170.911904,370,370,370,60
865,675,-172.873253,370,370,370,60
867,671,-170.392410,370,370,370,60
869,668,-167.171127,370,370,370,60
873,663,-159.504060,370,370,370,60
876,661,-152.404968,370,346,370,60
879,659,-144.864143,370,311,370,60
883,658,-136.236346,370,370,79,60
888,656,-122.981233,370,370,83,60
891,655,-110.632823,317,60,104,60
895,655,-101.738895,295,61,123,60
901,655,-99.294079,370,60,370,60
906,654,-101.364910,370,51,114,60
914,652,-106.082388,278,44,86,60
920,651,-108.210753,274,38,72,60
925,649,-110.737270,276,29,49,60
931,648,-114.080387,279,22,35,60
937,645,-123.934161,288,17,24,60
938,644,-136.084171,370,370,18,60
938,642,-152.248891,370,370,340,60
937,642,-165.714812,370,276,370,60
936,642,-171.087402,370,370,370,60
938,636,-176.469192,370,370,370,60
939,632,-175.756029,370,370,370,60
941,628,-173.354459,370,370,370,60
944,623,-167.301546,370,370,370,60
946,620,-161.771441,370,281,370,60
949,618,-154.475540,370,236,353,60
954,615,-143.957943,370,370,333,60
957,614,-136.094213,370,370,320,60
960,613,-127.590442,288,370,312,60
965,612,-114.156343,223,332,52,60
970,611,-100.437531,370,309,31,60
974,612,-90.392913,370,293,13,60
982,612,-85.692445,370,45,6,60
996,612,-88.821498,369,268,7,60
1007,612,-93.205193,370,257,11,60
1015,610,-105.608330,370,254,21,60
1017,609,-118.948260,370,272,52,60
1024,606,-119.901171,214,291,255,60
1031,603,-128.431395,183,303,241,60
1039,599,-129.810438,175,302,233,60
1049,593,-135.270194,178,311,226,60
1055,589,-135.516598,169,311,217,60
1065,584,-134.939991,159,299,210,60
1071,580,-134.379311,169,287,204,60
1078,577,-134.398030,180,272,195,60
1088,572,-130.748748,223,243,188,60
1095,569,-127.498998,235,232,179,60
1102,566,-126.642789,370,209,169,60
1109,562,-124.770049,370,195,162,60
1121,558,-124.727678,370,185,155,60
1131,553,-125.491968,370,170,140,60
1138,550,-125.747292,370,162,133,60
1149,546,-125.635600,370,154,125,60
1155,542,-127.459291,370,145,116,60
1165,538,-127.233052,370,139,109,60
1171,534,-132.128213,370,137,103,60
1177,531,-135.398804,370,136,96,60
1182,528,-135.357506,370,130,90,60
1189,523,-139.933824,370,127,86,60
1194,519,-142.118856,370,132,82,60
1200,514,-149.332117,370,153,82,60
1204,510,-147.664715,370,137,76,60
1210,504,-152.532074,370,136,72,60
1213,500,-148.682380,370,126,68,60
1217,495,-153.676566,370,144,68,60
1223,486,-157.744386,370,157,65,60
1229,478,-158.314512,370,168,63,60
1233,471,-157.125968,370,136,56,60
1239,462,-158.763198,370,159,56,60
1242,454,-159.052168,370,238,55,60
1245,448,-161.396860,370,123,44,60
1249,441,-159.685158,360,99,38,60
1253,431,-160.591355,362,118,39,60
1255,424,-173.172045,370,283,45,60
1257,418,-174.839069,370,174,39,60
1256,415,133.325918,365,175,39,60
1255,413,169.401890,131,304,79,60
1253,407,167.264907,125,301,92,60
1250,397,165.577943,118,296,102,60
1248,392,171.069554,370,281,87,60
1245,386,164.972641,370,280,100,60
1242,383,163.114362,104,283,124,60
1238,378,158.130929,96,285,168,60
1233,373,150.603774,93,320,269,60
1228,369,147.016693,83,308,264,60
1221,364,143.985891,78,314,259,60
1216,360,143.622858,68,311,254,60
1209,353,147.526426,59,298,248,60
1203,348,145.995442,52,280,245,60
1197,342,143.265300,39,288,235,60
1184,330,146.447657,350,255,231,60
1176,322,150.759930,331,241,219,60
1168,315,141.642726,338,263,207,60
1158,304,147.171910,370,217,207,60
1152,299,154.254025,313,236,195,60
1145,290,148.756973,296,218,186,60
1139,284,145.749637,370,192,186,60
1134,277,157.613524,370,183,180,60
1126,268,159.969713,370,170,172,60
1121,261,160.752003,347,161,168,60
1116,255,158.228999,355,153,155,60
1109,245,161.082347,299,142,149,60
1104,239,160.608701,293,137,144,60
1099,234,160.800070,276,128,134,60
1092,224,160.381934,261,120,125,60
1087,219,159.161765,370,128,114,60
1080,210,157.983875,248,110,113,60
1076,205,156.891017,245,103,103,60
1071,200,154.361057,262,97,93,60
1066,196,149.512375,360,100,87,60
1059,190,144.946667,370,99,83,60
1055,187,141.462103,370,100,80,60
1050,184,138.941258,370,101,78,60
1043,180,135.274206,370,102,75,60
1038,177,131.611303,370,108,72,60
1031,174,125.409501,197,122,72,60
1023,171,118.270454,155,137,73,60
1018,170,112.707160,164,163,76,60
1016,170,99.766623,370,370,96,60
1015,171,80.360884,370,148,140,60
1011,172,74.659165,370,156,190,60
1004,174,66.845174,370,174,245,60
999,175,62.229612,370,197,319,60
994,178,59.728937,370,370,370,60
985,182,56.796408,370,370,370,60
978,184,58.180167,370,370,370,60
972,186,63.281536,370,370,370,60
967,187,71.287106,370,142,309,60
960,187,85.872233,370,95,188,60
956,186,102.494629,138,370,113,60
950,184,118.247183,90,220,94,60
947,182,128.506224,370,127,79,60
940,178,132.919652,370,109,75,60
935,175,132.218305,370,103,71,60
930,173,130.544828,370,105,69,60
925,170,128.593343,370,106,66,60
918,168,121.186546,370,118,68,60
916,168,108.174242,94,169,75,60
915,169,89.544891,75,370,117,60
916,170,65.083933,370,40,192,60
917,170,46.978719,370,133,370,60
915,172,40.976303,370,370,49,60
910,177,29.749079,370,370,61,60
906,181,25.115680,370,370,72,60
894,193,23.567111,370,370,71,60
888,200,20.695765,370,370,76,60
881,208,19.907477,370,370,75,60
873,219,17.447334,370,370,82,60
867,228,13.251022,370,370,370,60
864,236,7.846189,370,370,370,60
862,240,5.078696,370,370,370,60
861,245,3.235893,370,370,370,60
859,252,3.373246,370,370,370,60
858,256,7.019693,370,370,370,60
856,260,10.823534,370,370,370,60
852,264,18.286003,370,370,370,60
850,266,21.834443,355,370,368,60
848,268,30.308312,370,370,340,60
844,270,40.326931,370,370,327,60
841,271,45.651068,370,370,317,60
838,273,54.283926,370,370,27,60
832,274,65.280192,370,343,16,60
828,274,74.670653,370,11,8,60
820,275,81.301122,0,0,0,60
810,276,78.803117,370,282,331,60
801,278,72.944833,370,282,309,60
796,279,62.538294,370,287,286,60
792,281,52.540348,370,333,268,60
788,283,54.453542,370,328,264,60
783,284,60.168043,370,306,262,60
778,285,66.560901,370,269,264,60
769,287,75.004726,370,256,264,60
762,288,79.706824,370,236,278,60
755,288,82.900615,370,228,279,60
745,289,85.175895,340,215,275,60
738,288,87.841474,306,208,282,60
728,288,89.491175,293,201,275,60
722,288,94.366915,254,191,268,60
715,287,98.759869,226,183,245,60
705,284,104.765552,206,180,227,60
698,282,109.603880,188,180,209,60
690,281,104.574614,176,171,204,60
686,280,100.262147,183,158,226,60
682,280,91.297326,199,150,227,60
679,281,80.020287,247,147,179,60
674,282,65.795840,310,150,161,60
671,284,56.204697,370,169,145,60
668,285,48.369646,370,188,141,60
665,287,42.830417,360,206,141,60
658,292,36.843951,357,223,138,60
653,296,35.890547,353,224,133,60
645,302,34.560655,348,220,128,60
640,306,34.162603,344,212,121,60
635,311,32.820052,340,211,117,60
627,318,32.242725,338,214,113,60
622,322,27.307272,336,224,110,60
617,327,28.525477,329,206,103,60
610,334,22.874247,334,246,104,60
605,340,19.290478,329,247,100,60
601,345,14.654565,370,348,103,60
598,350,15.158873,370,326,99,60
594,357,10.353131,370,370,102,60
591,362,10.212708,370,370,103,60
589,367,10.163851,370,370,102,60
585,375,6.364807,370,370,100,60
583,380,5.637517,370,370,99,60
581,386,4.321111,370,370,99,60
579,394,4.154361,370,370,97,60
578,400,3.089120,370,370,97,60
577,405,2.163433,370,370,97,60
576,412,0.645953,370,370,100,60
575,419,0.173969,370,370,100,60
575,425,0.121729,370,370,100,60
576,431,-0.108993,370,370,102,60
576,439,-0.154880,370,370,102,60
577,445,-0.160995,370,370,103,60
578,451,-0.432336,370,370,103,60
579,457,-0.870674,370,370,109,60
580,463,-1.028311,370,370,110,60
581,471,-1.804847,370,370,114,60
583,477,-2.162891,370,370,116,60
586,485,-4.910627,370,363,124,60
588,490,-6.780588,370,359,135,60
590,495,-7.334420,370,355,142,60
595,502,-11.773121,370,350,165,60
598,507,-13.506533,370,137,192,60
602,513,-16.317531,370,133,220,60
607,521,-17.556647,370,128,235,60
611,526,-18.210124,370,122,238,60
616,532,-18.170534,370,114,268,60
623,541,-16.891515,370,108,275,60
627,548,-15.539586,370,96,266,60
633,557,-13.900427,370,89,261,60
637,564,-12.665937,370,78,261,60
643,574,-11.236207,124,70,261,60
647,581,-11.228587,104,60,266,60
651,588,-11.633863,93,53,276,60
656,598,-11.554857,82,46,54,60
662,608,-12.104792,71,40,47,60
666,615,-11.642352,52,29,34,60
670,621,-9.957997,32,19,23,60
671,627,-3.324353,20,13,17,60
670,630,0.129616,14,10,14,60
669,632,2.417244,11,8,11,60
667,633,9.148543,8,6,11,60
666,634,19.628589,7,7,14,60
663,634,44.014524,11,13,144,60
661,634,64.000539,237,146,137,60
658,633,91.571312,206,126,157,60
658,632,112.790377,137,136,317,60
658,631,131.342732,131,174,370,60
652,627,133.653676,130,178,370,60
644,623,133.625159,121,166,370,60
639,620,133.931448,116,161,370,60
634,616,137.287387,110,160,370,60
629,612,141.585141,107,170,370,60
623,606,147.167182,106,187,370,60
618,600,154.233940,109,233,370,60
616,596,165.132338,117,337,350,60
614,592,168.757332,121,370,333,60
613,587,173.281249,134,370,370,60
613,583,176.596662,142,370,370,60
613,576,-175.192608,203,370,370,60
614,572,-178.497680,161,370,370,60
615,567,-175.312457,171,370,370,60
617,563,-172.617256,178,370,370,60
619,560,-168.150461,219,370,370,60
624,555,-160.379583,266,346,370,60
627,553,-154.240953,357,309,370,60
632,549,-140.947671,370,370,370,60
636,547,-132.700558,370,370,370,60
642,546,-117.610202,303,370,323,60
646,545,-107.378758,370,370,370,60
653,545,-91.823878,370,370,370,60
657,546,-80.308041,370,370,370,60
661,547,-70.791743,370,328,125,60
665,548,-61.229484,370,370,111,60
670,551,-49.218515,370,370,102,60
672,553,-43.177384,370,370,96,60
676,555,-43.255306,370,370,92,60
682,558,-48.639524,370,370,92,60
687,560,-53.714931,370,370,92,60
692,562,-59.883806,370,370,94,60
700,564,-68.646232,370,336,319,60
705,565,-74.705849,370,281,338,60
710,565,-79.895655,370,264,368,60
718,566,-82.189320,370,370,370,60
724,566,-82.564420,364,370,370,60
733,567,-76.240100,360,222,360,60
739,569,-71.394302,357,234,337,60
747,571,-62.986547,370,255,319,60
752,573,-56.502813,370,370,296,60
758,576,-50.559158,370,370,279,60
766,580,-44.782261,370,370,274,60
771,584,-43.315769,370,370,269,60
777,588,-42.018906,176,355,264,60
787,594,-41.531627,173,347,259,60
793,598,-41.231934,169,337,254,60
802,604,-41.366227,165,331,250,60
809,608,-40.798759,161,325,245,60
818,615,-38.101790,158,317,241,60
825,620,-36.327902,162,292,235,60
831,624,-34.606364,165,274,228,60
840,632,-33.448576,164,264,223,60
846,637,-31.395322,165,255,220,60
855,645,-29.472407,168,242,214,60
861,650,-28.290935,370,229,207,60
870,658,-28.184598,370,218,199,60
876,664,-30.580024,370,215,193,60
882,669,-32.652499,370,213,183,60
891,676,-34.901328,370,213,179,60
897,680,-36.341735,370,213,173,60
903,685,-38.051096,370,210,166,60
909,689,-38.938257,368,208,162,60
917,695,-38.377850,364,199,158,60
926,700,-40.006275,357,198,154,60
931,704,-41.252128,345,196,149,60
937,708,-43.549602,336,198,144,60
942,711,-45.167211,330,201,141,60
951,715,-47.511850,323,207,141,60
959,719,-50.221903,317,208,138,60
965,722,-51.167910,310,210,135,60
971,725,-52.243692,300,213,131,60
978,727,-55.975187,296,231,133,60
987,730,-61.032345,293,246,133,60
993,732,-64.494674,290,286,135,60
999,734,-68.597477,290,287,140,60
1007,735,-74.238802,295,273,147,60
1013,736,-79.029195,298,262,152,60
1019,736,-84.186301,313,247,172,60
1028,736,-88.577289,329,239,189,60
1034,736,-88.035522,326,233,193,60
1040,736,-92.853314,331,224,206,60
1050,736,-93.355556,324,217,209,60
1057,736,-94.144663,314,210,209,60
1064,735,-92.819137,298,200,209,60
1072,735,-93.882260,290,193,214,60
1083,734,-97.771166,299,187,231,60
1090,733,-97.056065,295,180,223,60
1097,732,-97.487183,272,171,217,60
1105,732,-97.971747,264,161,199,60
1117,731,-96.336060,241,152,193,60
1125,730,-95.369540,228,144,183,60
1133,729,-98.940214,223,133,162,60
1144,728,-100.285449,212,125,151,60
1151,727,-99.723277,207,120,142,60
1161,726,-101.778817,189,108,128,60
1168,725,-102.741032,182,102,118,60
1175,724,-102.338834,172,96,111,60
1181,723,-104.748065,166,87,97,60
1187,722,-107.033942,166,82,89,60
1196,719,-114.130968,188,79,79,60
1201,717,-117.367712,214,74,69,60
1208,714,-125.632200,266,73,65,60
1213,712,-128.622530,370,73,58,60
1216,709,-138.200803,370,85,58,60
1217,708,-153.239095,370,106,61,60
1215,707,-167.015477,321,188,73,60
1215,707,-176.376185,370,357,87,60
1213,707,140.499634,370,370,110,60
1212,708,172.717322,370,370,140,60
1211,703,169.825450,370,368,154,60
1207,698,168.022718,370,350,168,60
1203,691,161.607117,370,301,220,60
1200,687,163.500408,370,302,213,60
1195,679,158.012718,92,265,290,60
1191,674,156.034478,370,306,319,60
1184,666,153.635855,370,370,370,60
1179,661,155.791242,370,248,298,60
1175,655,160.581861,370,345,362,60
1171,649,159.932776,370,229,316,60
1166,641,164.982237,370,242,266,60
1163,635,162.666825,370,226,292,60
1160,630,167.498992,370,234,259,60
1156,623,165.832168,370,222,274,60
1152,615,161.656271,370,196,326,60
1149,611,162.850166,370,192,326,60
1146,608,157.789074,370,254,370,60
1142,604,148.178477,370,370,370,60
1139,601,150.105479,370,370,370,60
1137,600,138.253345,370,370,254,60
1132,596,136.187671,370,370,230,60
1128,593,137.943782,370,370,237,60
1125,589,152.281809,370,370,370,60
1118,582,150.367505,370,370,370,60
1113,577,150.845096,370,370,370,60
1108,571,155.784149,370,370,370,60
1104,566,155.682119,370,370,370,60
1098,558,159.920296,370,370,370,60
1095,553,168.525184,370,222,370,60
1093,548,165.401010,370,176,370,60
1091,541,175.609716,370,108,321,60
1090,536,169.926078,370,102,309,60
1089,530,171.653764,362,114,350,60
1088,525,173.684012,361,98,334,60
1088,519,170.416278,355,108,362,60
1088,510,-144.179133,362,80,302,60
1089,503,-174.458563,364,84,286,60
1090,497,-168.755361,370,119,241,60
1092,488,-177.115071,370,79,266,60
1094,482,-164.455900,142,146,221,60
1096,476,-167.126096,370,121,226,60
1100,465,-165.384512,44,123,220,60
1103,458,-162.655012,42,359,207,60
1106,450,-162.706125,42,352,202,60
1110,438,-172.813833,37,340,204,60
1113,433,-164.516148,37,330,200,60
1120,420,-167.354069,32,79,207,60
1125,414,-160.655681,39,318,176,60
1131,407,-157.710871,47,318,164,60
1141,399,-140.991370,65,266,142,60
1145,397,-128.540209,295,162,127,60
1153,394,-121.155013,300,135,118,60
1166,390,-108.495698,258,112,113,60
1173,389,-108.189714,204,97,103,60
1179,388,-111.012571,210,93,96,60
1188,385,-113.286659,224,89,87,60
1193,383,-123.158745,288,90,78,60
1198,381,-120.461148,279,81,72,60
1204,377,-127.826980,283,79,68,60
1208,375,-132.902311,268,100,68,60
1212,372,-138.721160,265,94,62,60
1212,369,-153.290429,266,123,66,60
1212,369,-164.374255,290,265,85,60
1211,369,-177.536564,296,263,89,60
1209,369,171.135548,370,262,173,60
1208,368,166.592608,370,255,131,60
1206,365,170.985315,370,254,159,60
1202,358,157.997575,54,264,258,60
1199,353,162.461297,370,251,224,60
1192,346,157.880197,370,253,255,60
1186,338,156.583894,370,249,247,60
1179,331,149.064859,341,255,227,60
1171,320,149.198458,337,254,219,60
1166,314,159.149877,370,219,221,60
1160,307,152.435105,370,219,204,60
1152,297,154.551355,303,219,195,60
1148,291,154.940439,370,196,190,60
1140,281,146.785749,282,203,175,60
1135,275,153.031560,370,182,172,60
1128,266,161.294483,365,166,172,60
1124,260,160.264168,348,159,165,60
1119,254,160.195219,329,150,155,60
1113,247,158.246973,336,146,148,60
1108,242,146.380307,347,143,141,60
1104,237,148.383735,370,141,135,60
1097,231,150.059111,370,139,127,60
1092,226,147.924177,370,136,118,60
1086,222,145.694767,370,136,114,60
1079,216,142.178155,370,134,110,60
1074,213,139.905640,370,135,106,60
1068,209,137.272817,370,138,102,60
1061,205,133.520270,370,143,102,60
1056,203,129.902524,189,153,99,60
1048,199,124.151086,192,164,99,60
1044,198,118.915836,199,187,102,60
1039,197,113.660071,221,246,107,60
1031,195,106.825073,240,303,111,60
1026,195,103.191012,370,370,121,60
1018,195,99.331839,370,370,127,60
1012,194,95.416273,370,370,138,60
1003,194,90.765674,370,126,148,60
997,195,87.796950,370,121,152,60
991,195,83.513363,370,125,180,60
982,197,76.747695,370,132,224,60
972,198,72.612267,370,133,243,60
966,200,68.998113,370,142,303,60
960,202,65.099891,370,148,370,60
950,204,63.447079,370,153,82,60
945,206,61.533564,370,147,78,60
941,208,54.612377,370,370,79,60
937,210,47.967155,370,370,86,60
934,212,45.109932,370,370,89,60
929,216,36.480806,370,370,96,60
926,219,32.712596,370,370,109,60
922,223,25.901085,370,370,120,60
919,226,22.359417,370,370,370,60
916,230,18.687222,370,370,370,60
913,235,16.451197,370,370,370,60
910,239,14.309217,370,370,370,60
906,246,15.625141,370,370,370,60
902,250,18.665878,370,370,370,60
899,254,23.110805,362,370,370,60
893,259,33.529844,347,370,370,60
890,261,41.926463,370,370,370,60
886,262,49.679675,370,370,71,60
883,263,55.379175,370,370,58,60
880,264,65.729323,370,370,48,60
868,267,68.559738,370,361,41,60
859,269,65.826584,370,353,34,60
848,272,66.788183,370,352,28,60
838,275,61.603165,370,346,21,60
821,280,58.698437,370,346,306,60
813,285,51.984012,368,360,288,60
797,292,47.061512,360,363,276,60
791,297,43.428400,370,370,268,60
785,301,42.113278,370,370,261,60
775,306,45.732952,370,362,254,60
769,310,44.733310,340,345,245,60
762,314,46.939842,336,330,238,60
755,317,46.424904,330,316,228,60
748,320,47.326247,329,301,221,60
738,325,49.840337,324,297,214,60
731,329,50.263700,321,276,207,60
724,332,53.954757,321,243,197,60
713,336,54.417897,319,234,190,60
706,339,53.380356,314,221,179,60
696,344,54.560030,370,212,172,60
689,346,53.053323,370,202,165,60
682,350,50.458007,370,200,155,60
673,354,50.895345,370,196,149,60
666,358,47.861209,370,188,140,60
660,361,49.350795,370,176,134,60
651,366,44.073490,283,181,128,60
645,369,41.856988,278,181,121,60
638,374,38.219506,274,193,118,60
633,378,33.201268,271,204,114,60
627,383,29.288495,269,218,114,60
623,387,24.888878,271,251,113,60
619,391,23.279181,269,260,111,60
614,397,20.307191,268,278,110,60
610,402,19.777607,264,283,106,60
607,406,15.029922,269,360,110,60
602,414,12.917437,264,349,106,60
599,419,10.108479,269,370,110,60
596,426,7.803006,268,370,110,60
594,431,6.193831,370,370,111,60
592,436,4.492455,370,370,113,60
591,442,4.263514,370,370,111,60
589,449,2.388540,370,370,114,60
588,454,1.404101,370,370,116,60
588,459,0.172720,370,370,118,60
588,467,0.076755,370,370,118,60
588,472,0.001508,370,370,118,60
589,481,-0.028725,227,366,118,60
590,489,-0.179735,212,355,121,60
591,495,-0.394412,204,349,124,60
592,501,-1.154582,199,343,127,60
593,506,-1.792105,193,338,131,60
596,515,-3.577497,186,332,135,60
597,520,-4.895300,183,325,147,60
600,525,-6.641138,183,321,159,60
603,532,-8.867157,179,317,166,60
606,537,-12.021620,370,314,182,60
611,544,-16.012620,370,101,219,60
614,549,-19.052583,370,99,261,60
618,553,-20.798873,370,95,286,60
622,558,-21.323928,370,89,314,60
629,565,-22.012232,370,85,306,60
634,571,-20.547482,370,78,305,60
639,577,-21.343013,370,69,293,60
644,583,-20.957480,370,62,288,60
649,590,-18.611573,370,53,56,60
656,599,-18.826228,370,47,49,60
664,608,-16.983431,83,40,44,60
668,614,-15.123884,59,29,32,60
669,618,-10.481927,38,22,25,60
671,622,-6.673117,28,17,23,60
672,626,-2.819810,21,14,18,60
671,628,-0.345786,16,11,16,60
670,629,0.701356,16,11,16,60
669,629,5.869434,13,10,16,60
667,630,11.914379,11,10,17,60
666,630,23.564983,13,12,161,60
663,630,44.490460,14,17,144,60
662,630,60.335502,20,177,135,60
660,629,90.375336,219,128,155,60
659,628,111.518772,149,128,227,60
658,627,127.025516,133,151,370,60
654,624,127.999167,130,158,370,60
648,621,127.015043,121,151,370,60
639,617,128.803431,116,143,370,60
632,614,129.369805,109,140,370,60
623,609,131.058036,99,129,370,60
617,605,131.658479,93,125,370,60
611,602,133.720845,85,117,370,60
603,596,138.325604,82,118,370,60
597,592,139.397648,73,113,370,60
592,587,143.612813,71,117,370,60
584,580,146.883849,68,116,370,60
579,574,147.183871,61,108,370,60
572,566,151.282246,58,112,370,60
567,560,154.827780,54,110,370,60
562,555,158.712471,51,127,370,60
561,551,165.822088,58,196,362,60
561,548,174.051481,68,370,336,60
562,547,-140.241564,76,370,326,60
563,540,-176.103409,93,370,370,60
564,528,-176.848974,96,370,370,60
566,521,-177.507896,94,370,298,60
569,510,-176.203586,97,370,292,60
571,503,-175.189295,107,370,370,60
573,497,-174.885171,111,370,276,60
577,486,-172.909641,118,370,269,60
580,479,-173.369271,127,367,259,60
585,468,-171.247292,147,363,370,60
589,461,-170.438355,155,351,370,60
593,453,-169.072554,169,345,370,60
598,442,-169.960740,196,343,370,60
602,435,-169.836147,179,326,214,60
607,426,-168.490870,189,320,207,60
612,418,-165.709467,216,315,199,60
617,413,-163.750630,240,312,370,60
621,407,-163.162535,265,306,370,60
625,401,-162.961881,275,300,175,60
631,393,-163.313059,278,293,168,60
635,387,-161.773027,306,288,158,60
642,379,-159.860048,296,285,152,60
646,374,-159.970039,288,278,141,60
650,368,-160.440298,281,270,135,60
656,360,-162.277938,279,263,130,60
660,355,-161.223508,265,150,123,60
663,350,-166.184645,275,243,116,60
668,342,-166.407106,274,235,110,60
670,336,-166.389488,255,235,104,60
672,331,-162.792460,259,225,102,60
675,323,-170.780342,254,216,94,60
676,318,-171.975271,259,208,93,60
677,313,-173.631013,251,200,89,60
677,305,-169.098090,234,197,83,60
677,300,-166.969451,219,191,78,60
678,292,136.129980,221,183,78,60
677,287,171.879345,199,179,210,60
676,280,166.992883,195,172,197,60
675,275,167.034961,195,166,193,60
673,271,175.498069,216,157,203,60
671,266,163.458625,179,159,172,60
668,257,164.639841,173,154,164,60
665,251,164.476007,175,142,157,60
661,242,166.738476,185,133,158,60
658,236,168.738656,178,124,145,60
653,227,159.550693,157,123,130,60
650,222,162.310682,157,116,124,60
647,216,159.699632,145,110,113,60
644,211,162.388658,147,102,110,60
639,204,154.983826,138,100,102,60
635,199,157.921559,134,94,96,60
632,194,155.666522,127,92,90,60
627,188,146.125361,117,88,82,60
623,185,144.295504,103,93,76,60
618,182,134.494742,94,112,78,60
614,180,128.425112,87,111,76,60
611,178,119.387004,83,93,80,60
605,177,109.942772,82,81,87,60
601,176,105.035681,79,74,92,60
598,176,95.553553,79,67,103,60
592,177,81.645626,89,59,78,60
589,177,68.405789,137,61,62,60
584,179,58.411506,197,63,58,60
580,181,53.463532,312,65,55,60
577,183,45.221656,370,72,52,60
575,185,30.665460,370,92,55,60
575,186,23.416446,370,121,59,60
576,186,12.122491,370,207,71,60
577,187,1.832743,370,370,93,60
578,187,-0.180882,370,370,104,60
579,187,-2.129056,370,370,111,60
581,192,-5.554807,370,370,120,60
583,195,-7.939620,370,370,128,60
585,199,-10.218504,370,370,151,60
590,205,-17.384101,370,370,193,60
594,209,-22.161707,370,370,259,60
601,215,-29.819641,370,370,355,60
605,219,-33.914037,161,370,370,60
613,224,-39.370873,144,370,370,60
619,228,-40.521308,131,370,370,60
628,235,-38.376029,130,370,370,60
636,242,-34.578416,133,370,370,60
642,246,-32.707058,370,370,370,60
647,251,-29.074177,370,370,370,60
654,259,-24.229419,370,370,370,60
658,264,-22.386768,370,370,370,60
663,269,-18.552848,370,370,370,60
667,275,-16.340237,370,370,370,60
671,281,-14.836401,370,370,347,60
676,290,-13.291165,370,370,340,60
679,296,-10.891258,370,350,321,60
682,302,-9.845073,370,343,317,60
687,311,-9.614102,370,336,323,60
690,317,-8.202133,370,329,320,60
693,327,-5.686826,370,317,309,60
695,334,-4.379754,370,306,296,60
697,341,-3.769897,370,299,295,60
700,348,-3.684084,362,292,299,60
702,360,-2.278163,370,283,293,60
704,367,-2.536739,370,272,298,60
707,379,-2.170706,370,264,299,60
709,387,-1.597699,370,256,298,60
711,399,-1.524879,370,244,299,60
712,405,-2.829739,370,234,310,60
714,409,-5.262440,370,231,330,60
717,415,-10.226601,344,228,354,60
719,417,-15.780303,312,370,370,60
722,420,-22.731425,370,370,370,60
726,424,-25.281193,370,370,233,60
732,431,-26.881347,370,370,224,60
736,435,-24.124110,370,370,220,60
743,443,-21.750331,370,370,217,60
748,448,-21.431119,361,370,213,60
754,457,-21.422092,338,370,203,60
759,462,-21.888176,323,370,199,60
766,470,-22.704414,321,370,190,60
771,475,-24.273699,316,370,180,60
776,480,-26.513630,331,370,173,60
780,484,-28.555016,370,370,165,60
788,491,-30.402842,370,370,370,60
793,495,-33.243778,370,370,361,60
800,500,-37.327499,370,370,354,60
806,504,-39.203365,370,370,350,60
811,508,-40.106786,370,370,344,60
820,514,-38.493883,370,370,341,60
826,518,-38.277967,370,370,336,60
832,522,-37.802874,370,370,330,60
841,529,-36.194302,370,370,327,60
847,534,-34.359022,370,370,323,60
853,539,-33.728759,370,370,319,60
859,544,-32.312217,220,361,312,60
869,552,-31.217686,179,350,307,60
875,557,-30.515297,140,338,300,60
884,565,-29.552099,100,325,293,60
890,571,-28.418852,72,315,288,60
899,579,-28.625810,69,308,282,60
905,585,-28.294969,63,303,276,60
917,596,-26.290783,61,286,266,60
924,606,-17.638341,78,259,269,60
930,615,-13.086791,87,245,268,60
934,625,-6.266869,121,229,275,60
936,632,-5.027594,337,217,281,60
939,642,-4.908851,320,207,268,60
942,649,-5.064377,303,196,254,60
945,656,-4.836897,290,189,245,60
949,667,-4.980003,279,182,237,60
951,675,-5.319978,264,170,219,60
954,682,-5.785701,255,163,209,60
958,692,-6.940663,250,157,199,60
961,698,-7.952228,244,151,188,60
965,707,-8.638421,234,141,173,60
968,713,-9.076950,223,133,162,60
971,719,-9.764097,217,127,154,60
973,724,-10.575463,213,123,145,60
978,732,-12.216796,206,117,137,60
981,737,-13.247872,206,113,130,60
984,742,-15.508299,207,107,118,60
990,748,-20.302849,224,105,111,60
993,752,-22.710469,247,102,102,60
999,758,-28.971243,293,102,96,60
1003,761,-32.942811,285,103,90,60
1009,765,-39.267048,275,106,87,60
1014,768,-44.301505,262,114,86,60
1018,770,-49.049395,254,128,85,60
1025,773,-56.650293,250,144,86,60
1030,774,-61.492952,248,171,89,60
1037,776,-67.677254,247,193,90,60
1042,777,-69.878308,248,240,97,60
1047,777,-75.083189,251,226,103,60
1051,778,-79.521029,258,217,110,60
1058,778,-83.801436,269,209,121,60
1063,778,-93.924829,281,203,133,60
1068,777,-100.404364,343,200,178,60
1076,775,-108.231496,370,198,206,60
1081,774,-114.497017,370,201,206,60
1086,772,-119.213261,370,208,189,60
1091,770,-123.833523,370,214,182,60
1099,766,-125.129141,370,221,175,60
1104,763,-132.090978,370,210,169,60
1110,760,-136.150509,370,234,162,60
1118,755,-138.456424,370,236,159,60
1123,752,-139.836266,370,233,152,60
1127,749,-140.281283,368,231,148,60
1132,745,-141.532977,362,229,144,60
1139,739,-146.415241,355,228,140,60
1145,734,-149.219074,313,267,140,60
1149,730,-154.823119,336,279,138,60
1152,726,-154.222534,370,337,141,60
1156,721,-159.692644,370,365,140,60
1160,714,-164.896114,370,370,142,60
1162,709,-165.327278,370,370,144,60
1166,702,-170.372865,370,370,138,60
1168,696,-172.508431,370,370,154,60
1170,691,-173.562066,370,370,154,60
1172,686,-174.469476,370,370,154,60
1174,677,-171.170976,370,370,142,60
1175,669,-171.718675,370,370,148,60
1176,664,-178.282647,370,370,149,60
1177,659,-178.866526,370,370,154,60
1177,650,143.122942,370,370,144,60
1176,645,173.011665,370,370,178,60
1175,637,175.808213,370,275,214,60
1174,631,171.860049,370,370,188,60
1173,626,170.731159,370,267,213,60
1170,617,168.837394,370,250,226,60
1168,611,167.873987,370,233,240,60
1164,603,172.892196,370,246,220,60
1160,593,171.277317,370,219,245,60
1158,588,167.087676,370,198,266,60
1153,578,164.793096,370,180,296,60
1150,573,166.949625,370,177,286,60
1147,567,162.936959,370,157,331,60
1142,557,170.195366,370,171,271,60
1137,547,166.424308,370,151,302,60
1133,540,169.057726,370,129,343,60
1128,532,157.708402,370,104,370,60
1123,523,162.522371,370,103,370,60
1116,515,160.692905,370,85,370,60
1113,511,157.257556,370,111,370,60
1107,507,142.225528,370,370,151,60
1104,505,140.500689,370,370,96,60
1101,503,132.617762,370,355,82,60
1095,500,122.582857,370,345,118,60
1090,498,120.843489,370,370,149,60
1085,496,116.207416,370,370,370,60
1077,494,108.776954,370,370,370,60
1072,493,106.310042,370,370,370,60
1064,492,105.458307,370,370,370,60
1057,490,101.736767,338,370,336,60
1050,489,103.646104,361,370,334,60
1040,487,107.146604,370,370,370,60
1033,485,107.285958,370,370,370,60
1025,483,110.231263,370,370,370,60
1014,479,109.219151,370,370,310,60
1006,477,112.900987,370,370,370,60
996,474,112.448424,370,370,370,60
989,471,120.008193,370,370,370,60
978,467,115.761496,370,370,370,60
971,465,118.445879,370,370,370,60
965,462,120.456768,370,370,370,60
955,456,128.826387,370,370,355,60
948,453,131.499231,370,370,348,60
941,449,133.299724,370,370,343,60
931,443,132.141693,370,370,338,60
925,440,133.540082,370,176,334,60
918,435,133.667521,370,370,329,60
911,431,137.480124,370,370,323,60
902,424,140.629753,370,150,319,60
896,421,137.041634,370,370,313,60
888,415,134.599759,365,370,310,60
881,412,132.886214,357,370,309,60
876,409,129.885921,350,370,180,60
868,405,127.367252,348,370,145,60
861,402,122.957210,340,370,140,60
855,399,123.741125,333,370,138,60
845,394,125.531262,323,370,116,60
836,391,119.707177,319,370,102,60
831,390,113.402049,320,338,130,60
826,389,108.696391,326,310,327,60
821,388,100.120224,350,292,361,60
814,387,91.271547,370,282,370,60
810,388,84.624662,370,277,360,60
804,388,79.631226,370,275,329,60
794,389,79.954126,370,269,314,60
786,390,79.467232,370,261,310,60
778,391,80.268540,370,248,299,60
766,391,86.917520,347,232,310,60
758,392,84.266116,354,225,288,60
747,392,82.497357,347,218,275,60
739,392,82.559945,312,207,275,60
731,393,77.503593,362,202,235,60
724,394,79.611701,334,194,231,60
712,395,79.320234,316,185,223,60
705,395,78.154289,306,177,212,60
697,396,75.926777,317,169,190,60
687,398,73.886106,327,164,179,60
681,398,71.790807,327,156,166,60
671,401,66.373985,360,153,154,60
662,403,62.130941,370,151,145,60
656,405,60.828515,370,146,134,60
651,407,59.341390,370,140,125,60
642,410,54.154029,370,141,118,60
637,412,53.032793,370,137,113,60
632,415,47.563837,370,142,106,60
625,419,41.748448,370,145,103,60
621,422,37.816705,224,161,99,60
617,425,31.116883,224,186,100,60
612,430,24.522303,224,218,102,60
609,434,18.621656,230,291,106,60
606,439,12.986491,233,367,109,60
604,443,9.154153,241,370,117,60
603,448,4.796987,370,370,123,60
602,451,1.661173,370,370,131,60
602,455,0.389563,370,370,137,60
602,460,-0.016135,370,370,138,60
603,463,-0.877927,370,370,140,60
605,468,-2.928359,370,370,147,60
606,471,-4.910271,370,370,162,60
610,477,-10.133121,370,165,193,60
612,480,-17.039135,370,168,247,60
617,486,-22.865388,370,168,292,60
621,489,-25.723545,370,170,370,60
628,495,-35.253672,370,181,362,60
633,498,-36.592336,370,370,355,60
639,502,-40.273428,370,370,144,60
648,509,-38.503053,370,370,140,60
654,513,-37.374881,370,370,135,60
663,520,-35.663060,370,370,128,60
669,524,-38.452458,370,370,123,60
673,527,-41.589598,370,370,120,60
681,531,-47.659897,370,370,118,60
689,534,-54.763027,370,370,118,60
694,536,-57.250290,370,370,120,60
699,537,-62.404561,370,344,337,60
704,538,-67.611586,370,290,350,60
713,540,-75.424227,364,247,368,60
718,540,-79.413396,358,337,370,60
728,541,-82.161768,353,370,370,60
740,542,-84.332333,343,370,370,60
751,543,-83.213583,333,370,370,60
759,543,-81.676151,321,370,370,60
771,545,-78.687567,316,370,370,60
779,546,-77.766222,310,370,370,60
787,547,-75.792054,302,260,370,60
798,550,-74.761259,370,233,365,60
806,551,-74.196265,370,221,361,60
814,552,-72.116656,370,185,351,60
826,554,-70.704208,370,162,343,60
834,556,-71.008423,370,159,341,60
842,558,-70.369539,370,148,338,60
854,560,-71.341445,370,152,340,60
862,562,-72.827806,370,148,338,60
869,563,-72.523313,370,152,340,60
881,566,-70.512803,370,134,333,60
889,568,-69.016798,370,116,326,60
896,570,-67.435945,370,95,316,60
904,572,-67.200654,370,88,313,60
916,575,-65.928282,370,81,310,60
924,577,-66.867208,370,79,310,60
931,579,-67.048271,361,69,305,60
942,581,-65.837591,350,60,27,60
954,584,-67.777025,341,61,25,60
961,586,-68.889014,334,58,24,60
968,587,-73.280164,336,74,25,60
971,587,-89.707400,370,293,42,60
973,585,-115.707604,370,305,86,60
973,584,-132.951005,237,367,300,60
973,583,-150.214396,370,370,305,60
977,578,-155.111891,370,177,316,60
979,574,-160.010326,370,185,327,60
982,569,-161.178263,351,197,344,60
986,563,-162.517416,353,184,336,60
991,553,-169.572722,340,185,344,60
994,546,-165.257107,340,176,340,60
997,539,-164.693901,334,172,343,60
1002,528,-167.670032,317,177,360,60
1008,517,-167.489168,327,146,334,60
1011,510,-167.798924,326,131,327,60
1016,500,-165.350286,370,111,305,60
1018,495,-166.060119,370,107,312,60
1021,489,-168.066380,370,105,316,60
1024,479,-166.983409,370,91,303,60
1027,472,-169.229175,370,88,317,60
1031,461,-162.744129,370,63,288,60
1034,454,-165.321648,370,59,42,60
1037,446,-166.396909,370,50,35,60
1041,436,-167.699488,370,46,31,60
1043,429,-169.449487,370,33,24,60
1042,426,135.633519,370,36,24,60
1040,425,172.646514,268,71,32,60
1039,425,155.754906,262,321,41,60
1037,424,150.542998,370,360,59,60
1036,425,121.053858,370,256,320,60
1035,426,109.696199,370,370,362,60
1023,425,97.075155,370,370,268,60
1015,424,95.286620,370,370,248,60
1007,424,92.894526,367,370,238,60
995,424,90.667915,350,370,230,60
988,424,87.303937,330,370,219,60
980,424,85.023221,316,370,212,60
970,425,80.782411,370,370,370,60
964,426,77.677642,370,370,370,60
954,428,74.651072,370,370,370,60
948,429,72.315125,370,370,370,60
941,430,74.846216,370,370,370,60
930,432,77.622521,293,370,370,60
922,432,79.477837,279,370,370,60
911,434,81.150001,283,370,370,60
904,434,81.742473,279,370,370,60
903,434,86.681191,312,370,370,60
903,434,86.723309,312,370,370,60
903,434,83.632189,298,370,370,60
903,434,86.897250,312,370,370,60
903,434,86.642385,309,370,370,60
903,434,86.660062,312,370,370,60
903,434,86.773825,312,370,370,60
903,434,86.412019,295,370,370,60
903,434,83.502685,313,370,370,60
903,434,86.347845,310,370,370,60
903,434,83.929478,299,370,370,60
903,434,85.660472,295,370,370,60
903,434,86.682789,310,370,370,60
903,434,82.966480,310,370,370,60
903,434,86.093504,307,370,370,60
903,434,83.976168,307,370,370,60
903,434,86.827090,310,370,370,60
903,434,85.972269,306,370,370,60
903,434,86.427460,309,370,370,60
903,434,86.458884,310,370,370,60
903,434,83.101789,296,370,370,60
903,434,83.009076,295,370,370,60
903,434,83.991213,295,370,370,60
903,434,86.780623,312,370,370,60
903,434,86.455631,309,370,370,60
903,434,83.367854,309,370,370,60
903,434,86.611929,309,370,370,60
903,434,83.886390,310,370,370,60
903,434,86.217816,299,370,370,60
903,434,83.418023,295,370,370,60
903,434,85.901516,306,370,370,60
903,434,86.375794,295,370,370,60
903,434,83.708995,298,370,370,60
903,434,83.471745,310,370,370,60
903,434,83.713833,296,370,370,60
903,434,86.309091,307,370,370,60
