627,798,-175.355821,370,45,45,60
627,796,-178.298254,179,96,54,60
628,793,-179.039033,179,92,52,60
628,788,-178.948672,176,370,49,60
627,785,142.754077,188,79,47,60
626,785,173.626005,151,370,55,60
624,783,165.017149,131,370,63,60
620,775,163.300093,127,370,63,60
615,770,157.808129,116,313,69,60
608,760,156.074590,99,227,370,60
598,748,156.906381,92,213,370,60
587,734,158.201957,79,176,370,60
582,729,157.644548,73,172,370,60
580,725,161.848645,73,195,370,60
578,721,165.753035,78,265,370,60
574,713,169.283284,76,280,370,60
574,709,174.059020,82,370,370,60
573,704,176.365461,90,370,370,60
574,698,-141.841319,89,370,370,60
574,695,-178.648124,103,370,370,60
576,691,-176.528391,110,370,370,60
578,685,-171.746124,121,370,370,60
581,682,-166.247970,144,370,370,60
583,679,-159.141230,214,370,370,60
588,675,-147.933200,344,370,370,60
591,674,-139.127554,370,370,365,60
594,672,-130.809168,370,370,370,60
598,671,-121.269208,370,370,56,60
603,670,-108.167855,370,370,23,60
610,670,-96.709723,370,350,3,60
621,669,-94.400164,370,341,3,60
631,669,-96.035602,370,323,4,60
643,667,-96.040591,370,311,8,60
653,666,-103.363523,370,370,18,60
668,662,-109.980728,370,370,30,60
676,660,-116.369642,370,370,55,60
693,653,-122.148967,370,370,370,60
701,649,-127.504203,355,370,296,60
713,643,-129.743089,361,370,269,60
721,638,-130.369321,355,370,241,60
726,636,-125.175262,331,370,244,60
729,636,-114.113695,370,370,370,60
734,635,-103.587874,370,370,370,60
738,636,-92.325692,370,370,370,60
742,636,-81.357593,370,219,324,60
746,637,-72.003144,370,370,257,60
751,639,-56.063073,370,370,230,60
754,642,-45.981938,210,340,216,60
757,644,-36.525261,252,258,207,60
761,649,-23.702869,370,226,210,60
763,652,-16.433150,370,202,219,60
765,655,-11.522726,344,194,226,60
766,658,-7.210714,303,188,235,60
767,662,-3.278413,281,184,240,60
767,665,-1.520357,265,180,244,60
767,670,-0.107146,250,176,247,60
766,673,0.130147,244,173,244,60
766,676,1.042700,237,170,243,60
764,679,3.177541,221,165,247,60
762,684,8.504038,204,162,78,60
758,689,15.799761,185,162,49,60
755,691,22.897227,171,167,32,60
752,694,32.598416,158,183,14,60
746,698,36.877916,154,50,6,60
738,704,35.614716,149,27,4,60
729,712,30.639549,140,2,1,60
727,714,21.899100,142,143,7,60
727,716,11.969881,152,132,23,60
728,716,2.140697,168,129,197,60
729,718,0.020592,179,127,179,60
729,725,-0.072762,172,122,172,60
730,731,-0.173976,159,113,159,60
730,740,-0.002745,151,107,151,60
730,746,0.116272,142,101,142,60
729,752,0.182581,130,92,130,60
728,763,0.301649,120,85,120,60
727,770,0.337619,109,77,109,60
727,777,0.356316,94,67,94,60
726,785,0.339751,83,59,83,60
724,797,0.403784,72,51,72,60
723,804,0.486508,62,44,62,60
722,815,0.738566,47,33,47,60
723,818,0.025843,38,27,38,60
723,819,-1.005516,35,25,35,60
724,818,-7.452931,39,26,34,60
725,816,-16.191674,49,28,32,60
725,815,-27.759435,75,32,32,60
725,814,-43.644666,370,52,38,60
724,812,-68.377415,370,99,49,60
723,811,-85.770370,293,370,79,60
722,810,-106.614246,370,370,145,60
722,809,-124.771194,370,284,370,60
723,807,-141.590412,85,370,370,60
727,803,-147.107377,68,370,296,60
734,798,-145.915830,71,370,289,60
738,794,-142.911789,80,370,370,60
752,785,-133.227820,370,370,370,60
758,783,-118.013549,370,240,370,60
765,783,-101.116926,370,245,210,60
769,783,-90.338956,370,370,149,60
773,783,-78.304374,235,370,109,60
777,785,-65.890815,241,191,83,60
781,787,-52.366630,370,115,69,60
788,791,-42.214231,370,91,63,60
794,794,-39.188716,370,79,59,60
803,800,-40.782753,370,67,52,60
808,803,-46.747566,370,67,49,60
810,803,-60.103663,370,111,58,60
812,802,-76.641725,212,277,76,60
813,801,-102.453539,217,370,120,60
813,800,-119.538404,370,202,317,60
812,800,-137.568346,370,210,370,60
816,797,-138.928327,370,208,370,60
822,792,-140.834848,370,370,370,60
826,790,-133.199692,370,190,370,60
831,788,-118.099181,370,182,370,60
835,788,-107.789752,370,181,251,60
839,788,-100.086997,370,370,172,60
842,788,-89.850594,180,370,123,60
847,789,-76.763338,176,370,100,60
850,790,-66.793508,370,190,79,60
854,792,-61.482740,370,142,71,60
861,794,-58.552048,370,123,66,60
871,798,-58.363955,370,119,63,60
878,800,-59.678035,370,116,62,60
885,803,-60.350212,370,112,59,60
893,805,-61.171169,370,112,56,60
903,808,-62.131125,370,111,55,60
914,811,-62.546264,370,104,52,60
921,813,-64.833638,367,105,51,60
931,816,-68.275913,365,121,51,60
935,816,-79.274173,370,156,55,60
937,815,-95.107367,370,328,93,60
939,813,-120.614119,127,357,190,60
940,812,-133.276059,166,370,333,60
946,807,-143.677378,370,102,331,60
951,803,-146.277507,370,99,333,60
955,800,-147.175597,370,97,334,60
958,798,-134.412493,145,370,314,60
963,796,-124.890732,124,370,310,60
968,795,-111.088669,90,337,292,60
972,795,-101.726071,370,304,166,60
975,795,-91.185320,370,289,116,60
979,796,-81.322945,355,288,92,60
983,797,-70.799032,314,208,75,60
989,799,-56.710553,289,114,62,60
994,802,-54.133182,279,93,55,60
1004,806,-54.223972,272,88,52,60
1011,809,-54.260501,265,85,51,60
1016,810,-60.456681,261,97,51,60
1018,809,-84.417068,283,213,65,60
1018,808,-107.036079,370,249,117,60
1017,807,-126.890287,109,311,255,60
1017,807,-136.995889,66,370,257,60
1020,805,-144.137741,78,370,258,60
1028,798,-146.087374,68,370,257,60
1037,790,-144.924435,61,370,243,60
1048,782,-135.884121,76,358,231,60
1059,776,-131.254664,100,312,219,60
1066,773,-125.816286,135,270,210,60
1071,771,-114.867132,370,217,207,60
1075,771,-102.232002,350,194,202,60
1081,771,-88.972984,276,184,157,60
1085,772,-78.195040,216,183,116,60
1091,774,-61.511990,190,194,94,60
1095,776,-51.637502,176,129,80,60
1099,779,-42.577551,175,100,73,60
1104,782,-40.430667,171,91,69,60
1113,788,-39.115310,165,84,65,60
1119,792,-37.881990,158,74,59,60
1126,796,-45.876158,149,73,55,60
1128,797,-58.900043,144,95,59,60
1129,796,-75.131608,148,148,72,60
1130,795,-93.406313,197,134,117,60
1129,795,-112.304764,351,148,148,60
1128,794,-129.705954,370,179,144,60
1135,790,-133.808920,370,193,140,60
1141,786,-131.655396,370,191,135,60
1147,783,-130.262394,370,163,124,60
1153,779,-128.700031,370,151,118,60
1161,776,-125.975187,370,135,110,60
1171,770,-130.038459,370,141,104,60
1178,766,-132.833968,370,133,97,60
1184,763,-132.233770,370,126,92,60
1194,757,-130.876520,370,108,80,60
1201,754,-130.107115,370,92,71,60
1210,748,-133.475299,370,89,65,60
1216,745,-135.459896,370,81,56,60
1222,740,-141.913840,370,78,54,60
1222,739,-155.250796,370,109,58,60
1221,739,-164.870068,370,207,72,60
1219,739,-175.430302,370,311,80,60
1218,740,-171.070586,370,370,89,60
1218,739,173.240157,145,370,141,60
1216,735,170.752490,142,370,141,60
1214,726,173.863026,370,370,131,60
1211,719,170.431892,131,370,155,60
1208,711,171.958800,370,370,138,60
1205,702,174.469818,370,370,159,60
1203,694,174.721312,370,370,142,60
1200,683,173.615072,370,370,145,60
1197,676,176.846705,370,370,145,60
1195,664,172.656281,370,370,149,60
1193,656,172.252439,370,316,180,60
1191,648,177.224452,370,370,155,60
1189,637,172.860787,370,276,207,60
1187,629,176.995489,370,370,162,60
1186,619,175.719606,370,370,159,60
1185,612,178.449130,370,370,178,60
1185,605,177.065912,370,370,164,60
1185,599,-174.163739,370,149,92,60
1186,588,-178.642545,370,370,144,60
1187,582,-175.968428,370,370,138,60
1188,575,-174.795761,370,370,134,60
1190,565,-167.398503,172,370,131,60
1192,558,-165.583282,185,370,110,60
1195,546,-172.762540,178,370,111,60
1197,539,-168.013556,175,370,109,60
1200,531,-170.830446,166,370,110,60
1203,519,-168.894657,166,370,104,60
1204,512,-168.916764,164,370,102,60
1206,504,-167.754112,164,370,97,60
1209,492,-168.537712,158,370,97,60
1211,485,-170.889289,149,370,100,60
1213,474,-169.849116,144,369,102,60
1214,467,-168.040996,142,358,96,60
1216,460,-175.282367,140,351,94,60
1217,449,-166.362432,140,344,87,60
1218,442,-168.344595,370,334,85,60
1220,431,-168.365978,370,328,80,60
1221,424,-176.137121,364,263,76,60
1222,417,-166.621709,355,286,76,60
1223,407,-171.684801,370,297,86,60
1223,400,130.770070,370,288,99,60
1222,393,163.897951,97,86,286,60
1221,383,171.291721,89,278,138,60
1220,377,167.590540,82,278,171,60
1219,370,164.856894,370,265,165,60
1219,365,169.849826,370,255,141,60
1219,359,173.080773,370,246,127,60
1220,349,-177.611400,312,239,96,60
1220,342,-178.792745,310,230,99,60
1222,331,-170.790446,269,224,83,60
1223,323,-176.847706,276,209,92,60
1225,311,-170.283810,247,203,80,60
1226,304,-170.192838,227,199,72,60
1227,293,-179.363836,247,181,90,60
1228,285,-172.637707,213,172,78,60
1229,271,-165.392539,206,162,80,60
1228,262,166.087397,292,157,137,60
1228,255,169.248790,251,143,128,60
1227,244,177.524954,196,133,102,60
1226,237,178.000599,186,126,103,60
1225,230,178.319044,168,115,102,60
1221,195,178.997053,168,115,102,60
1219,188,170.123801,111,77,106,60
1218,181,178.657769,96,66,90,60
1216,169,177.217194,85,58,79,60
1214,161,176.505790,73,50,68,60
1212,150,176.606064,58,39,52,60
1210,143,176.001652,47,31,41,60
1207,134,173.097466,37,24,31,60
1205,131,167.470107,30,18,21,60
1204,130,156.049530,47,19,18,60
1202,131,129.041294,370,40,27,60
1200,132,109.927096,348,63,32,60
1199,133,88.562184,370,370,68,60
1198,134,64.240890,189,357,113,60
1198,135,52.564263,370,370,370,60
1195,141,25.455389,370,157,370,60
1190,146,26.592421,369,149,370,60
1183,153,26.782967,370,145,370,60
1179,156,32.074037,370,146,368,60
1177,158,37.063117,370,155,334,60
1172,161,49.468801,370,170,302,60
1168,161,56.446753,131,370,370,60
1163,163,68.705914,138,370,269,60
1159,163,78.458041,157,334,171,60
1155,163,80.497354,169,294,142,60
1150,162,101.600249,370,370,93,60
1146,161,111.125019,370,184,72,60
1138,158,120.733845,296,120,62,60
1132,156,122.375975,276,109,58,60
1124,153,123.459528,254,96,54,60
1112,149,123.439763,290,86,49,60
1104,146,120.630529,271,118,52,60
1098,144,112.148962,241,87,47,60
1095,144,104.413290,370,196,59,60
1093,144,87.444032,370,370,89,60
1093,146,58.446901,370,287,195,60
1093,147,40.409962,138,370,370,60
1091,149,36.280889,134,370,235,60
1086,154,33.058920,130,370,250,60
1078,160,34.678337,125,370,251,60
1074,162,42.935726,121,370,204,60
1071,164,50.074682,123,370,370,60
1065,166,64.034844,370,370,365,60
1061,166,71.726221,370,231,203,60
1058,166,80.436974,370,189,149,60
1054,166,92.945851,370,370,109,60
1048,165,105.015424,370,370,92,60
1044,163,115.834057,193,152,69,60
1036,161,123.085107,175,119,63,60
1030,158,125.036757,245,103,59,60
1023,155,124.661642,370,93,54,60
1012,151,123.046045,255,92,52,60
1004,148,123.021705,257,89,49,60
998,146,120.099055,370,86,47,60
996,146,105.854071,144,184,59,60
995,147,85.369763,370,370,99,60
995,148,55.087500,370,147,206,60
995,149,40.101726,370,370,237,60
990,153,32.110671,370,370,137,60
986,158,30.051287,370,370,144,60
982,162,31.815610,370,370,137,60
975,166,41.196938,370,370,117,60
969,170,42.449583,370,370,104,60
963,174,43.944270,370,370,96,60
953,180,43.796619,370,370,90,60
943,186,41.555192,370,370,89,60
937,191,38.942455,370,370,89,60
931,195,36.050651,370,370,90,60
923,202,34.859946,370,370,89,60
917,206,33.950394,370,370,86,60
912,210,33.879675,370,370,87,60
904,217,32.343956,370,370,83,60
899,222,30.824377,370,370,83,60
892,228,29.607538,370,370,82,60
887,233,27.285024,370,370,85,60
883,238,25.107760,370,370,370,60
876,246,23.922839,370,370,370,60
871,251,22.849914,368,370,370,60
867,256,22.107223,362,370,370,60
863,260,24.745904,370,370,368,60
859,263,34.373997,370,370,351,60
856,265,40.741368,370,370,337,60
853,267,48.221599,370,370,39,60
848,268,59.989337,370,370,28,60
844,269,69.688705,370,29,17,60
829,271,76.999938,370,12,8,60
819,273,75.101724,0,0,0,60
809,275,73.419695,0,0,0,60
805,276,65.157240,370,290,305,60
804,277,48.694852,370,364,278,60
805,278,33.859389,370,370,288,60
806,279,16.338649,370,370,327,60
804,281,19.588572,370,370,321,60
801,283,26.426992,370,370,299,60
796,286,36.883380,370,370,283,60
791,288,51.082920,370,364,266,60
788,289,62.251097,369,313,265,60
783,290,75.880664,370,259,289,60
777,289,89.251672,365,245,307,60
773,288,103.672557,282,246,230,60
769,287,114.781893,254,261,202,60
766,285,125.667624,241,290,73,60
761,282,135.112121,237,261,51,60
758,279,145.084990,240,207,32,60
749,269,150.613911,244,185,25,60
742,263,151.271674,233,173,32,60
735,256,150.152971,224,167,37,60
725,247,143.883038,214,164,142,60
719,242,145.398212,200,161,134,60
710,236,138.349400,192,163,130,60
705,232,134.820909,182,176,127,60
699,229,132.133134,172,184,124,60
689,223,131.142285,165,184,121,60
682,219,129.703764,158,187,117,60
675,215,127.751749,148,181,113,60
664,209,129.426144,140,169,107,60
657,205,130.006106,134,166,104,60
650,202,129.591745,123,153,99,60
640,196,127.260104,116,149,94,60
633,192,129.358549,106,137,89,60
625,188,129.667541,99,127,85,60
615,183,126.939946,92,115,82,60
609,180,126.612176,82,101,78,60
603,177,124.254465,76,90,76,60
593,173,120.141721,65,73,75,60
587,170,119.276453,59,65,73,60
577,167,116.982129,52,55,73,60
571,165,116.497314,42,45,71,60
562,162,107.671251,37,36,73,60
560,162,100.077938,32,27,47,60
559,163,85.688261,38,25,32,60
558,164,58.362711,61,27,28,60
558,165,40.994433,370,51,34,60
559,165,23.243111,370,90,44,60
561,165,12.940618,370,215,59,60
563,164,4.441888,370,224,59,60
564,163,0.673418,370,370,80,60
565,162,-1.843125,370,370,90,60
566,168,-3.381180,370,370,93,60
569,175,-5.539312,370,370,106,60
572,184,-8.657475,370,370,109,60
576,190,-9.199497,370,370,131,60
579,196,-11.449030,370,370,145,60
585,206,-11.743074,370,370,154,60
589,213,-11.344420,370,370,162,60
595,223,-11.456304,370,370,169,60
599,231,-11.157950,370,370,168,60
603,238,-11.587098,370,370,180,60
606,244,-11.214352,370,370,192,60
611,254,-8.812567,370,370,193,60
614,261,-8.047165,370,370,192,60
618,271,-5.740861,370,370,183,60
620,277,-4.447585,370,366,179,60
621,283,-2.574174,370,356,175,60
623,292,-0.909059,370,350,172,60
623,298,-0.054728,370,370,168,60
624,308,0.158375,370,370,169,60
623,315,0.263796,370,370,168,60
623,322,1.101299,370,370,164,60
621,328,1.285971,370,370,161,60
620,338,1.803187,370,370,157,60
618,344,2.784325,370,370,152,60
616,350,4.279629,370,370,145,60
613,360,5.227752,370,370,141,60
610,367,5.301233,370,370,134,60
607,374,7.241886,370,370,125,60
603,384,9.352063,370,370,121,60
598,395,8.547304,370,370,113,60
594,402,8.759377,370,370,107,60
591,409,9.379030,282,370,100,60
585,420,10.839251,274,370,96,60
582,427,9.252655,259,368,87,60
578,434,8.916056,254,370,86,60
573,444,7.964347,247,370,82,60
571,450,6.120416,241,370,82,60
567,459,5.141650,238,370,80,60
565,465,4.892648,227,370,76,60
562,474,3.773768,216,370,72,60
560,481,4.363260,214,367,73,60
558,487,2.919668,204,358,71,60
554,504,2.470937,190,346,68,60
552,514,2.661215,175,335,63,60
548,531,2.282244,164,325,62,60
546,542,1.838990,137,305,58,60
544,556,1.470612,144,288,54,60
542,571,0.563837,165,278,52,60
540,588,0.467672,210,261,49,60
539,597,0.013286,355,252,51,60
539,608,0.069789,333,236,49,60
540,622,-0.004239,320,227,49,60
541,638,-0.310415,298,211,51,60
542,646,-1.012226,283,198,55,60
543,656,-1.028431,269,188,56,60
545,665,-1.543111,259,179,61,60
548,678,-2.291399,250,171,65,60
550,686,-2.395190,233,158,69,60
554,699,-2.827561,220,149,75,60
556,706,-3.935669,209,138,82,60
561,718,-5.688908,202,130,90,60
563,725,-7.764942,199,123,100,60
568,732,-10.120009,196,118,111,60
572,739,-13.434410,206,111,125,60
575,745,-15.488272,202,104,114,60
581,754,-16.303000,196,98,107,60
588,763,-16.438905,183,92,100,60
593,770,-15.176394,165,83,90,60
597,776,-14.374230,144,75,83,60
603,785,-16.384855,130,66,72,60
608,791,-16.058652,110,59,66,60
614,800,-18.020681,102,50,55,60
618,803,-20.804837,94,46,49,60
620,804,-31.828099,189,52,45,60
621,804,-45.136800,370,69,49,60
622,803,-73.425802,370,135,62,60
623,802,-93.660396,370,370,87,60
622,801,-119.288984,52,370,142,60
622,800,-132.275463,72,46,370,60
627,797,-138.666489,86,42,370,60
636,790,-141.893930,71,31,32,60
646,783,-139.349357,38,18,20,60
650,781,-123.793136,17,11,16,60
654,782,-94.487340,11,344,199,60
655,783,-67.056899,370,370,117,60
655,785,-45.494789,370,119,73,60
655,785,-33.529780,370,82,66,60
658,788,-30.295976,237,70,62,60
664,794,-27.001718,172,60,56,60
670,798,-36.662987,207,59,52,60
672,798,-48.324068,370,68,52,60
672,797,-73.591584,370,110,61,60
672,796,-94.842793,370,370,97,60
671,795,-115.705990,370,332,180,60
671,794,-135.783021,3,370,370,60
671,793,-148.601626,8,4,3,60
674,789,-155.470180,1,1,1,60
685,777,-155.993371,0,0,0,60
690,773,-146.780275,0,0,0,60
695,771,-121.553099,18,370,370,60
698,772,-104.612357,370,298,221,60
700,772,-82.764267,370,370,127,60
703,774,-63.643272,299,243,97,60
708,776,-52.448639,370,132,80,60
714,780,-42.195530,370,107,75,60
719,784,-36.769784,370,83,66,60
725,787,-37.340053,370,79,63,60
731,791,-38.071269,370,75,59,60
736,794,-43.183238,370,79,58,60
740,795,-60.852227,370,106,62,60
741,794,-80.295816,266,370,90,60
742,793,-112.366388,370,264,221,60
742,791,-130.111509,370,370,370,60
741,791,-146.771208,78,370,278,60
744,788,-151.302341,69,370,266,60
751,782,-146.959738,73,370,259,60
754,780,-135.818424,370,370,370,60
767,773,-128.189525,370,370,370,60
774,770,-120.507971,370,223,370,60
779,769,-109.035677,370,219,348,60
784,769,-102.207621,370,224,207,60
791,768,-97.700528,370,370,180,60
801,769,-83.405184,204,370,138,60
806,770,-72.561677,203,370,116,60
813,772,-61.618916,206,239,100,60
820,774,-58.761944,370,164,87,60
826,777,-57.820275,370,152,83,60
836,780,-58.182573,370,147,80,60
843,782,-60.138745,370,149,80,60
849,784,-63.943647,370,173,80,60
858,786,-68.538962,370,202,83,60
864,787,-74.483014,161,289,90,60
869,787,-79.258579,155,370,97,60
878,788,-87.646074,151,370,107,60
883,788,-89.766223,147,370,116,60
889,787,-94.707503,140,370,137,60
898,786,-97.283831,134,370,135,60
904,785,-99.549881,133,368,157,60
911,785,-101.543601,123,361,171,60
921,783,-104.256411,120,358,186,60
929,782,-103.424509,111,350,189,60
940,780,-102.999532,99,336,185,60
948,779,-102.644829,89,327,180,60
956,778,-100.974267,82,319,183,60
964,777,-97.178051,68,303,165,60
976,775,-96.371707,370,294,161,60
984,775,-95.600108,370,285,159,60
1001,774,-95.240544,370,275,159,60
1011,773,-92.517654,370,259,157,60
1020,773,-92.300300,360,244,151,60
1029,773,-89.335174,327,235,141,60
1042,773,-89.018332,316,226,141,60
1051,773,-90.858552,303,213,144,60
1063,773,-89.908818,278,205,137,60
1071,772,-91.096777,279,197,144,60
1079,772,-90.492613,264,185,145,60
1087,772,-89.979164,250,177,144,60
1095,771,-92.987761,251,169,155,60
1107,771,-91.045419,238,161,154,60
1115,770,-94.343328,233,153,159,60
1122,770,-95.766106,224,143,168,60
1134,769,-96.494351,207,131,166,60
1145,768,-96.701617,204,125,154,60
1153,767,-97.795117,183,112,140,60
1166,766,-96.547232,162,103,131,60
1174,766,-95.586844,141,91,116,60
1183,765,-93.835256,123,81,107,60
1190,765,-95.588299,116,74,96,60
1202,764,-97.207334,102,66,86,60
1209,763,-98.707440,96,59,73,60
1220,761,-98.899391,87,52,63,60
1226,761,-100.160651,72,42,51,60
1231,759,-107.171990,71,36,39,60
1232,758,-121.505961,145,42,38,60
1232,757,-147.768132,370,59,41,60
1231,756,-156.789838,370,121,54,60
1230,756,-170.879589,370,212,63,60
1228,757,-178.790569,370,370,86,60
1227,757,171.646225,162,370,131,60
1227,758,163.749592,161,370,141,60
1223,751,170.298037,158,370,138,60
1221,746,163.282606,154,370,148,60
1218,741,164.901637,147,370,155,60
1214,735,161.739752,137,345,195,60
1208,725,164.137184,127,341,195,60
1201,715,164.227186,120,310,240,60
1197,708,167.023368,114,338,195,60
1193,702,164.876217,103,315,216,60
1189,695,167.401193,370,317,207,60
1186,690,167.551288,370,311,212,60
1181,680,171.027955,370,322,199,60
1179,674,168.234566,370,297,219,60
1175,664,173.290265,370,306,206,60
1172,657,171.656990,370,295,210,60
1170,650,175.227236,370,310,196,60
1167,640,171.704208,370,370,195,60
1165,633,175.502522,370,370,196,60
1164,626,174.891431,370,277,207,60
1162,615,175.147860,370,370,190,60
1161,607,173.638331,370,269,206,60
1161,600,179.184679,370,370,193,60
1160,589,171.006817,370,220,238,60
1159,582,170.380139,370,219,231,60
1159,575,179.206998,370,370,195,60
1159,564,-178.232562,370,370,176,60
1160,558,-177.327457,370,370,178,60
1161,551,-173.008745,370,370,164,60
1162,545,-170.912196,141,370,157,60
1164,533,-168.473522,138,370,152,60
1167,522,-166.475306,137,370,145,60
1169,514,-168.328613,133,370,142,60
1171,506,-167.181966,133,370,137,60
1174,494,-168.112214,124,370,141,60
1176,486,-168.855011,121,370,137,60
1178,474,-166.179273,120,370,131,60
1180,466,-167.365097,117,364,128,60
1181,459,-167.242794,116,356,127,60
1183,451,-165.780577,111,346,121,60
1185,440,-168.470992,104,334,128,60
1186,433,-168.272587,102,326,121,60
1188,422,-172.898164,92,312,137,60
1189,415,-169.195361,337,292,106,60
1190,408,-167.907201,355,303,117,60
1192,397,-172.348592,79,286,137,60
1192,390,-166.462501,75,278,140,60
1193,379,-169.808345,319,279,111,60
1193,371,-170.052639,316,265,116,60
1194,364,-167.888678,296,255,111,60
1194,352,129.892903,326,241,134,60
1194,345,-142.785582,370,238,182,60
1193,338,166.721676,370,233,226,60
1192,328,176.954138,362,219,176,60
1192,321,170.009847,299,210,145,60
1191,314,163.186039,370,209,227,60
1191,302,179.027690,272,191,147,60
1191,294,-142.467365,262,183,148,60
1191,287,-175.881032,180,159,89,60
1191,275,138.887619,172,134,85,60
1191,267,170.961218,306,162,182,60
1192,259,-179.121338,188,145,130,60
1192,248,128.627407,189,136,141,60
1192,241,130.835115,172,129,134,60
1192,235,166.324618,324,172,128,60
1191,229,177.771703,168,114,152,60
1189,219,178.214730,155,107,148,60
1188,212,177.711014,175,102,123,60
1187,204,177.349185,131,89,120,60
1185,197,177.984986,120,82,111,60
1183,186,176.686827,158,79,87,60
1182,178,177.880025,99,67,92,60
1180,167,177.250596,82,56,76,60
1178,160,177.208182,71,48,65,60
1176,153,176.320180,58,38,51,60
1173,144,173.988600,49,32,42,60
1171,139,172.557051,41,26,34,60
1170,138,164.977777,47,25,28,60
1168,138,144.823978,133,33,28,60
1167,139,121.876829,305,70,39,60
1167,141,107.045961,370,151,52,60
1168,143,74.615066,185,313,120,60
1168,144,53.881994,147,370,370,60
1170,144,28.638206,370,163,340,60
1167,149,21.464191,370,154,370,60
1164,153,20.147389,333,138,370,60
1160,156,25.889055,370,134,370,60
1157,158,32.037099,370,144,344,60
1154,162,29.216664,370,140,350,60
1151,164,22.151476,370,124,370,60
1148,169,17.260480,361,118,370,60
1147,172,12.708665,288,107,370,60
1146,176,7.393984,259,103,370,60
1145,179,4.589266,238,99,154,60
1144,182,2.422104,223,94,138,60
1144,185,0.996452,216,91,131,60
1145,189,0.057087,213,370,124,60
1145,195,-0.035270,210,370,118,60
1145,201,-0.032297,210,370,106,60
1146,212,-0.074782,210,370,96,60
1146,219,-0.071922,209,370,80,60
1146,225,-0.230607,207,370,72,60
1147,235,-0.427247,206,370,62,60
1148,241,-0.702146,203,370,49,60
1151,259,-0.778875,200,370,34,60
1153,268,-1.364329,193,370,18,60
1155,279,-1.756035,189,370,56,60
1159,296,-3.357139,182,370,113,60
1163,308,-3.983313,175,370,370,60
1166,317,-5.587962,162,370,370,60
1170,327,-8.248827,152,370,370,60
1173,332,-8.986054,147,370,320,60
1175,338,-4.695667,149,370,323,60
1175,341,-1.922365,161,370,370,60
1175,347,-0.136679,166,370,370,60
1175,351,0.202661,168,370,370,60
1174,355,1.355291,173,370,370,60
1172,360,6.020984,188,370,370,60
1170,363,10.461188,226,370,370,60
1166,367,18.788143,275,232,370,60
1164,370,24.758681,353,238,370,60
1161,372,31.132506,370,253,370,60
1158,373,36.116224,370,273,59,60
1155,375,45.106764,370,370,47,60
1150,376,61.192105,227,370,35,60
1143,378,64.509223,234,370,27,60
1135,381,63.377696,235,30,17,60
1119,386,62.672207,228,10,6,60
1108,391,57.216739,220,2,3,60
1102,393,55.038542,213,370,370,60
1099,395,48.061653,203,370,370,60
1098,397,29.231551,370,370,370,60
1099,398,20.363878,370,209,370,60
1097,400,22.271744,370,205,370,60
1093,403,32.062106,370,211,370,60
1089,405,39.091760,370,370,370,60
1085,407,47.201679,190,370,370,60
1080,408,62.500930,199,370,370,60
1076,408,75.366522,370,370,288,60
1073,408,86.210406,370,370,283,60
1067,407,100.878577,370,370,370,60
1064,406,104.702976,370,370,362,60
1061,405,114.785479,370,264,329,60
1058,403,121.815982,370,258,310,60
1055,401,136.716092,370,370,44,60
1051,397,141.864721,370,353,30,60
1049,394,156.749326,255,308,20,60
1044,388,152.394665,250,312,24,60
1035,376,158.978306,237,284,18,60
1027,368,157.033763,223,278,25,60
1017,359,152.611661,214,279,264,60
1009,351,151.550437,200,272,250,60
999,344,141.639064,196,287,240,60
994,341,134.586135,370,177,234,60
987,338,133.692721,370,168,231,60
980,333,130.666564,370,161,231,60
975,330,138.280411,370,159,224,60
969,326,141.409696,159,279,219,60
965,322,139.703253,154,279,214,60
960,317,150.712444,140,236,213,60
953,310,156.329850,131,224,212,60
949,305,159.907954,121,204,212,60
943,296,163.211847,114,195,207,60
939,291,159.782294,110,186,207,60
935,284,169.041845,100,174,202,60
932,278,158.486746,93,177,180,60
930,271,166.345978,89,162,183,60
925,261,166.724294,240,150,189,60
923,254,166.354949,268,144,164,60
918,243,172.545950,247,136,157,60
914,232,165.972163,193,122,155,60
911,220,170.185945,220,114,127,60
908,212,162.152561,209,103,111,60
906,204,162.882787,190,94,102,60
902,192,174.567003,161,84,93,60
900,184,171.444713,116,70,86,60
897,174,169.451762,99,63,80,60
894,167,172.822447,90,56,69,60
892,160,172.815524,75,46,56,60
890,155,173.363172,65,40,51,60
887,147,169.819740,58,35,42,60
885,145,160.233171,72,33,35,60
883,145,149.915390,93,36,35,60
882,145,135.977006,348,47,37,60
881,145,121.865390,360,81,45,60
882,147,98.975911,106,189,61,60
883,147,81.550183,59,348,87,60
884,148,64.477477,31,68,216,60
885,148,49.448503,370,34,358,60
879,152,41.714896,370,23,358,60
872,156,52.378105,370,18,348,60
869,157,64.776761,20,43,257,60
862,157,82.346809,31,338,140,60
857,156,98.795358,51,324,94,60
853,155,109.702388,99,184,66,60
851,154,121.597594,330,104,55,60
845,151,126.885779,320,80,48,60
834,144,136.163699,309,63,41,60
828,139,141.480946,309,44,34,60
821,135,136.085583,247,34,27,60
819,135,120.571937,293,50,31,60
819,136,101.517487,338,204,52,60
820,138,71.831744,58,288,96,60
820,139,54.579772,34,58,296,60
821,140,31.529141,24,28,307,60
815,145,29.566075,18,20,66,60
810,149,35.296836,16,19,292,60
804,151,52.171583,17,25,279,60
802,151,68.212876,28,293,202,60
799,150,82.186692,44,268,116,60
797,149,113.317442,306,229,66,60
796,147,130.144308,272,84,48,60
790,144,136.099444,266,57,39,60
784,140,146.096545,162,37,31,60
781,136,152.546699,80,28,25,60
775,131,147.882973,76,24,21,60
773,130,136.711438,248,31,23,60
771,131,117.440259,248,53,30,60
771,132,101.274870,264,105,39,60
771,132,81.121287,370,240,85,60
771,133,62.071631,45,270,200,60
772,134,40.064483,34,338,245,60
773,134,26.430696,30,32,268,60
766,142,20.379123,21,20,275,60
760,149,22.523315,14,13,264,60
755,155,24.933598,7,7,254,60
748,161,31.335197,3,3,8,60
746,162,42.120915,4,334,221,60
743,162,65.319481,370,264,219,60
743,161,86.382265,370,216,161,60
742,160,106.626288,240,217,76,60
737,158,117.814529,223,152,66,60
733,156,125.485238,210,104,58,60
725,151,130.978441,202,77,49,60
718,147,131.987927,195,66,44,60
712,144,127.173882,186,67,41,60
710,144,115.236629,189,106,49,60
709,146,86.986106,217,177,69,60
710,147,57.573524,370,194,192,60
711,148,44.372121,370,217,185,60
712,148,27.581927,370,370,202,60
709,151,27.206304,370,370,204,60
704,156,24.164584,370,370,206,60
699,160,27.089041,370,370,190,60
694,166,27.607513,370,370,185,60
686,173,30.033999,370,325,173,60
680,178,30.630828,370,332,171,60
675,182,32.503272,370,287,158,60
666,189,35.756956,370,253,149,60
659,194,39.055036,370,216,137,60
649,200,42.298964,370,194,128,60
642,204,40.776081,370,187,123,60
636,208,41.861726,370,167,111,60
626,214,39.230643,370,160,106,60
620,218,37.037338,370,161,99,60
614,222,35.693012,370,158,93,60
606,228,34.098264,370,155,89,60
600,232,32.829225,370,146,82,60
595,236,30.793379,370,146,78,60
588,243,28.845556,370,134,72,60
583,247,25.850232,370,150,72,60
577,254,22.088252,370,159,68,60
572,259,21.035831,370,168,66,60
568,264,21.032938,370,148,58,60
561,274,22.590045,370,146,54,60
556,280,18.030198,370,133,49,60
549,289,17.384990,370,103,42,60
545,295,14.669513,370,129,38,60
540,301,13.296981,370,124,34,60
536,309,8.227454,370,150,34,60
535,312,4.197193,370,199,35,60
533,321,3.675102,370,324,37,60
532,328,2.544239,370,370,35,60
530,336,2.076982,370,370,35,60
529,344,1.279117,370,370,34,60
528,360,0.088522,370,370,34,60
528,370,0.035245,370,370,34,60
528,381,0.052183,370,370,34,60
530,396,-0.120183,370,370,35,60
532,408,-1.177641,370,370,41,60
534,419,-1.262593,370,370,44,60
537,430,-1.182810,370,370,48,60
540,441,-4.330430,370,370,58,60
546,457,-3.861434,370,370,65,60
550,467,-7.347216,370,370,72,60
555,477,-7.015341,370,370,89,60
563,493,-10.446823,370,360,100,60
569,504,-10.856205,370,347,124,60
575,513,-12.434233,370,340,144,60
581,523,-13.922361,370,334,155,60
586,528,-16.291260,370,332,176,60
590,533,-17.341214,370,113,204,60
595,539,-19.330298,370,108,233,60
602,548,-19.506292,370,102,250,60
607,554,-19.642696,370,92,262,60
614,562,-17.966572,370,85,262,60
618,568,-16.963106,370,79,257,60
621,573,-14.743985,133,69,247,60
626,580,-10.988349,110,63,226,60
627,583,-9.940587,97,57,223,60
629,590,-4.739847,83,52,202,60
630,595,-2.695068,71,46,195,60
632,604,-1.285365,55,38,186,60
632,610,-0.701831,41,29,183,60
632,619,-0.023982,31,22,183,60
632,622,2.256624,25,18,176,60
630,624,7.407484,20,222,155,60
628,625,16.089700,251,229,133,60
626,625,34.040268,231,231,113,60
625,625,50.605083,230,128,99,60
620,627,56.938503,235,109,93,60
611,630,53.153637,231,103,86,60
605,633,51.651707,226,101,80,60
599,636,48.945565,219,96,72,60
593,639,44.993697,213,96,68,60
585,643,40.053172,210,96,63,60
581,646,34.321911,206,99,61,60
580,647,24.671781,212,148,68,60
581,648,10.174547,228,204,80,60
582,649,3.309633,248,197,94,60
583,650,0.630557,271,195,109,60
583,654,0.175323,266,190,111,60
583,660,-0.161925,259,184,111,60
584,669,-0.618629,252,178,114,60
585,675,-0.817098,241,169,117,60
586,685,-0.949196,231,162,117,60
587,692,-1.116268,226,156,121,60
588,698,-1.617049,212,146,123,60
590,705,-1.910986,203,139,127,60
592,714,-2.965972,196,133,131,60
594,721,-3.984767,190,127,135,60
596,727,-3.984456,178,117,142,60
600,736,-5.955097,172,111,142,60
603,742,-6.453305,164,103,130,60
607,751,-6.999479,157,97,121,60
610,757,-7.235851,149,91,113,60
612,764,-8.986568,135,81,99,60
615,769,-9.014478,128,76,93,60
620,777,-13.240708,128,72,85,60
624,782,-15.670168,128,65,72,60
627,786,-17.697041,128,62,66,60
631,791,-20.601284,130,58,61,60
634,794,-25.122094,152,58,56,60
638,796,-35.780685,216,61,54,60
640,796,-61.175550,370,90,59,60
640,795,-82.267917,370,370,92,60
641,794,-102.729437,30,368,157,60
641,792,-131.822476,37,25,370,60
641,790,-144.934599,62,28,30,60
649,784,-149.810756,56,19,18,60
655,779,-137.816467,14,8,8,60
658,779,-112.056762,7,4,6,60
659,780,-97.052038,7,370,162,60
661,782,-70.655650,370,370,102,60
662,783,-52.737209,370,122,73,60
664,786,-33.248948,370,80,65,60
668,789,-32.737321,293,74,63,60
674,795,-31.648485,230,63,55,60
680,798,-41.248396,307,63,52,60
681,798,-57.592069,370,85,56,60
681,796,-78.687442,320,333,85,60
681,795,-108.420982,370,370,141,60
680,794,-129.920171,27,370,370,60
680,793,-144.171200,6,370,340,60
685,788,-150.983980,1,10,326,60
693,780,-153.099564,4,28,306,60
699,775,-147.838581,11,370,305,60
704,771,-142.193830,21,370,307,60
711,767,-132.219353,31,370,370,60
719,764,-117.906557,370,370,370,60
730,761,-113.183077,370,255,338,60
738,758,-110.818145,370,248,310,60
748,757,-102.172761,370,248,252,60
752,756,-94.274433,370,370,186,60
759,757,-80.607514,370,370,144,60
764,758,-71.408832,233,341,120,60
772,761,-63.863653,235,242,109,60
779,764,-62.686275,235,215,103,60
786,765,-62.795007,231,208,100,60
795,768,-64.806832,220,213,99,60
801,769,-69.054752,209,260,103,60
806,770,-71.891030,203,303,106,60
815,771,-76.242282,196,367,110,60
821,772,-78.025005,192,370,113,60
830,773,-81.136354,186,370,117,60
837,773,-82.785233,175,370,123,60
846,773,-84.965901,169,370,133,60
853,773,-90.769633,162,370,145,60
862,772,-98.374122,158,370,176,60
868,771,-100.801032,154,370,192,60
878,769,-107.307076,152,370,220,60
884,767,-110.371517,151,131,262,60
891,766,-110.498365,142,121,283,60
898,764,-108.396630,131,115,268,60
909,762,-105.578279,121,370,259,60
916,761,-102.768555,109,361,224,60
923,760,-97.118922,96,344,193,60
930,760,-96.613475,89,336,189,60
941,759,-91.838502,82,327,172,60
952,759,-87.727772,71,315,159,60
961,759,-86.887759,65,307,154,60
975,759,-84.788821,370,295,149,60
986,760,-81.965687,370,284,149,60
992,761,-73.905954,313,284,120,60
1001,763,-71.540237,298,281,114,60
1008,764,-71.041280,286,272,111,60
1018,767,-72.678700,281,263,111,60
1024,768,-74.027488,276,256,111,60
1034,769,-77.713127,272,241,116,60
1040,769,-79.879309,271,231,118,60
1046,770,-82.989421,275,220,127,60
1051,770,-84.150560,274,214,130,60
1057,770,-86.684258,276,207,137,60
1063,770,-92.077475,295,201,154,60
1073,769,-97.147580,309,195,172,60
1083,767,-99.342730,305,186,182,60
1090,766,-100.598274,310,180,196,60
1097,766,-102.387591,310,172,199,60
1105,764,-101.873794,290,163,190,60
1112,763,-105.950681,314,159,175,60
1123,761,-104.793446,305,152,166,60
1131,759,-103.908059,259,138,155,60
1142,758,-104.364571,238,129,148,60
1150,757,-102.904865,224,122,140,60
1158,756,-100.330846,206,113,131,60
1169,754,-101.435631,190,103,117,60
1175,753,-104.759479,179,96,109,60
1185,750,-110.482114,171,89,99,60
1192,748,-113.404833,193,83,85,60
1198,746,-114.869469,197,76,73,60
1204,744,-115.743291,190,70,66,60
1210,742,-120.751575,234,68,61,60
1217,739,-126.564346,271,65,55,60
1218,737,-137.929316,370,82,56,60
1218,736,-152.181060,370,132,65,60
1217,735,-167.791866,370,236,76,60
1216,734,-177.904349,370,370,103,60
1215,735,171.148440,140,370,157,60
1214,728,171.801344,138,370,142,60
1213,725,175.705368,370,370,131,60
1212,720,172.847516,370,370,138,60
1209,711,169.815522,370,370,135,60
1206,705,174.242456,370,360,165,60
1204,698,173.214827,370,370,151,60
1201,692,170.308432,370,349,169,60
1197,683,164.516025,370,370,162,60
1194,676,165.888804,370,307,202,60
1190,667,161.715087,370,298,207,60
1186,661,168.452077,370,292,209,60
1183,654,165.127875,370,268,234,60
1177,645,168.092886,370,269,228,60
1173,638,166.365965,370,245,259,60
1168,627,167.342746,370,217,347,60
1163,617,165.996644,370,248,231,60
1160,610,171.882006,370,225,255,60
1156,600,168.241412,370,240,226,60
1154,594,175.585040,370,233,228,60
1152,587,171.858320,370,213,241,60
1150,576,173.748847,370,229,220,60
1148,569,170.186575,370,188,261,60
1147,561,171.377741,370,180,255,60
1145,550,166.582339,370,178,250,60
1143,543,169.764813,370,162,268,60
1143,536,176.860312,370,179,230,60
1142,525,172.510864,370,146,268,60
1142,518,172.436771,370,157,240,60
1142,511,-169.515709,370,199,133,60
1143,504,-167.727290,104,370,172,60
1144,493,-170.350107,96,370,180,60
1145,486,-169.501023,92,370,173,60
1147,476,-169.500052,82,365,195,60
1148,468,-168.576137,87,365,169,60
1149,456,-170.920784,82,352,168,60
1150,449,-168.638284,79,345,166,60
1151,441,-169.072447,73,333,165,60
1151,429,-172.431973,66,322,171,60
1151,421,-173.614277,55,310,197,60
1153,404,-178.447079,61,308,162,60
1155,396,-171.389299,45,285,190,60
1158,385,-176.634629,41,271,179,60
1163,371,-172.188269,41,262,164,60
1168,361,-167.952046,293,252,142,60
1174,354,-160.540692,266,254,123,60
1180,346,-150.247133,243,200,103,60
1189,336,-151.772803,235,186,96,60
1194,329,-150.011341,228,181,92,60
1198,323,-155.631138,224,200,89,60
1205,314,-158.759069,228,214,93,60
1208,309,-165.785368,219,212,86,60
1211,303,-161.311207,210,200,82,60
1215,295,-162.848740,220,187,89,60
1217,289,-161.794086,197,190,75,60
1219,284,-174.913589,216,174,90,60
1221,276,-176.290758,207,165,87,60
1222,271,-167.030887,214,159,94,60
1223,265,-176.936664,199,150,92,60
1223,260,-177.682057,197,145,94,60
1224,250,-171.609368,172,141,80,60
1224,241,-177.204568,154,137,72,60
1224,235,166.243749,245,128,144,60
1223,229,174.706285,370,144,121,60
1223,222,178.964855,154,107,103,60
1222,211,176.521679,161,100,123,60
1220,204,177.584342,137,93,109,60
1219,198,176.801356,130,86,114,60
1216,189,174.206014,123,78,99,60
1214,183,172.806316,111,69,86,60
1210,174,171.281003,103,63,78,60
1208,168,170.830197,94,57,71,60
1205,163,169.952627,89,52,63,60
1202,157,168.953773,76,43,51,60
1198,151,164.964334,73,38,42,60
1196,150,143.816351,106,41,41,60
1195,151,135.316226,343,53,42,60
1195,152,117.989204,362,110,55,60
1196,153,103.938677,370,248,71,60
1197,154,78.530393,183,329,123,60
1198,155,62.795264,145,370,261,60
1199,156,43.813880,370,181,370,60
1193,162,29.961296,370,177,370,60
1189,167,25.169756,351,124,370,60
1182,174,24.758830,348,118,370,60
1180,176,22.808339,331,111,370,60
1176,182,19.662202,300,102,370,60
1174,186,15.199427,258,94,370,60
1172,191,10.160369,234,370,161,60
1170,196,5.182270,203,370,133,60
1170,199,2.444386,189,370,118,60
1170,202,0.724425,180,370,110,60
1170,209,0.051868,175,370,97,60
1170,215,0.006138,175,370,90,60
1170,221,-0.020093,175,370,78,60
1170,230,-0.199843,175,370,69,60
1171,236,-0.465505,173,370,61,60
1172,242,-0.961022,169,370,47,60
1173,250,-1.488996,165,370,58,60
1177,265,-2.684988,159,370,103,60
1180,277,-3.061653,151,370,370,60
1184,286,-3.897940,142,370,370,60
1188,296,-7.758064,134,370,370,60
1191,301,-11.232468,117,370,345,60
1194,307,-9.071678,116,370,343,60
1196,312,-6.593434,118,370,350,60
1197,315,-4.189129,123,370,370,60
1197,319,-1.672953,131,370,370,60
1197,325,-0.065156,135,370,370,60
1196,329,0.334852,137,370,370,60
1195,333,1.642814,141,370,370,60
1194,337,4.348436,157,370,370,60
1191,342,10.314984,176,370,370,60
1188,346,15.835815,209,370,370,60
1185,349,22.361828,307,260,370,60
1182,352,29.336222,370,275,86,60
1176,355,41.868302,370,370,63,60
1172,357,50.686875,370,370,54,60
1168,358,59.382633,251,370,37,60
1161,360,63.030313,257,52,28,60
1147,364,63.258534,259,33,18,60
1136,368,60.564200,250,27,16,60
1126,372,55.303346,233,17,8,60
1123,375,33.303338,370,370,18,60
1123,377,18.991614,370,236,370,60
1125,377,4.949121,327,217,370,60
1126,378,0.456462,243,370,370,60
1126,382,0.006246,237,370,370,60
1126,387,-0.026428,237,370,370,60
1126,391,0.006136,237,370,370,60
1125,396,0.833647,240,370,370,60
1124,400,2.486080,248,370,370,60
1122,404,5.249220,272,370,370,60
1119,408,11.371096,305,184,370,60
1116,411,16.434760,351,184,370,60
1114,414,22.835904,370,191,370,60
1110,417,29.776145,370,201,370,60
1105,420,39.030717,370,370,370,60
1102,422,49.495124,176,370,370,60
1095,423,67.117603,188,370,370,60
1091,424,73.589492,204,370,370,60
1088,423,84.105100,370,370,302,60
1083,422,96.301556,370,370,370,60
1078,420,108.686150,370,370,370,60
1075,419,123.706653,370,285,344,60
1072,417,132.716096,370,283,41,60
1067,413,144.023920,370,370,28,60
1065,410,142.711739,370,370,30,60
1060,405,153.789552,370,327,17,60
1050,396,151.081365,370,324,21,60
1041,389,149.069403,370,326,28,60
1033,383,144.691664,370,334,44,60
1024,376,142.230757,370,338,269,60
1011,368,136.529110,370,350,262,60
1001,363,135.288360,370,203,259,60
993,359,129.121726,370,182,255,60
983,354,126.433296,370,174,255,60
976,352,125.870888,370,165,262,60
970,349,119.990062,370,155,257,60
960,344,132.349011,370,150,243,60
954,340,135.386617,370,141,233,60
948,336,138.810109,370,138,228,60
939,330,142.915294,370,132,224,60
933,325,144.616159,127,127,220,60
927,320,146.773679,113,117,214,60
918,312,149.333268,104,110,210,60
912,307,149.917840,96,104,206,60
906,302,149.405655,86,95,200,60
897,294,150.659124,75,81,192,60
892,288,150.320975,68,74,186,60
886,283,149.827154,59,63,179,60
880,277,150.567878,51,55,175,60
876,271,155.380911,41,47,171,60
875,268,161.141031,39,50,173,60
875,266,167.301149,41,158,178,60
876,263,-144.554820,42,150,190,60
877,262,-176.435095,48,147,220,60
879,260,-165.167094,168,153,302,60
883,254,-161.748917,157,148,310,60
887,251,-152.801616,147,156,370,60
893,247,-139.256225,140,172,370,60
898,244,-133.888604,140,192,370,60
903,242,-128.810562,138,219,369,60
910,239,-119.810274,141,253,368,60
915,239,-109.577318,149,332,370,60
918,239,-99.349177,171,360,144,60
924,240,-82.826248,250,344,169,60
927,241,-72.741934,347,194,370,60
932,243,-57.945969,351,107,370,60
937,245,-53.371774,338,77,361,60
942,247,-53.323091,330,68,355,60
948,250,-50.063109,323,62,350,60
954,254,-38.822581,321,106,370,60
957,257,-29.405000,128,370,370,60
960,261,-19.245183,52,370,370,60
962,264,-13.983512,66,341,370,60
964,269,-7.729253,96,325,370,60
967,278,-6.246237,123,312,370,60
970,288,-4.056436,370,301,370,60
971,297,-0.680906,370,291,370,60
971,302,0.014129,370,370,370,60
969,308,1.661606,370,370,370,60
968,312,4.644446,370,370,370,60
965,316,9.074960,370,370,370,60
963,320,14.777292,370,370,370,60
958,325,25.001378,289,370,370,60
955,328,34.086075,276,370,370,60
951,330,42.558505,370,370,370,60
946,332,54.085131,370,370,370,60
942,333,63.949335,370,370,370,60
939,333,72.500278,367,370,131,60
935,333,80.212539,370,370,124,60
931,333,93.551814,370,370,121,60
925,332,105.164735,370,370,123,60
921,330,110.675055,370,111,124,60
913,329,109.536913,370,101,120,60
907,328,107.959559,370,94,107,60
898,326,105.242301,370,370,99,60
891,325,103.127591,370,370,90,60
885,324,99.789340,370,357,78,60
876,324,95.989585,370,348,72,60
870,324,93.473597,370,339,66,60
863,324,89.963051,370,329,56,60
847,325,83.759371,370,320,49,60
838,325,82.700213,370,313,370,60
826,327,77.698654,370,305,362,60
812,329,73.440632,370,292,327,60
806,330,67.004481,353,297,296,60
799,332,73.896627,370,284,299,60
794,332,81.622245,370,268,313,60
789,332,91.407532,354,255,341,60
783,330,106.952358,302,256,288,60
779,328,117.579029,269,270,251,60
775,326,124.764093,250,299,116,60
771,323,136.945015,245,298,69,60
768,320,146.370252,251,253,49,60
763,315,156.132778,250,246,49,60
757,308,158.319774,262,217,38,60
747,298,154.074311,250,208,42,60
740,290,150.179890,234,206,51,60
733,283,144.901418,221,207,61,60
723,275,141.327153,206,212,171,60
717,271,138.149048,193,219,164,60
709,266,137.076368,185,217,159,60
699,259,132.201469,176,215,154,60
693,256,131.656227,169,225,152,60
686,252,127.497190,159,200,149,60
676,247,127.713507,152,191,147,60
670,244,125.105321,147,181,144,60
659,240,122.935097,137,159,142,60
653,237,119.435915,127,142,142,60
642,233,117.443426,120,131,141,60
636,230,118.484346,114,122,138,60
626,227,113.412811,104,108,138,60
619,225,109.653699,96,92,142,60
609,223,108.977639,89,83,144,60
603,221,105.672452,83,76,147,60
596,220,102.014720,75,64,114,60
586,218,99.159185,68,56,97,60
579,217,98.810726,56,46,76,60
572,217,97.225132,48,39,62,60
562,216,92.533170,42,31,47,60
556,217,88.843605,31,22,31,60
548,217,81.389094,25,16,21,60
547,218,64.139734,45,17,17,60
548,219,35.797814,370,31,23,60
549,220,22.905715,370,82,35,60
551,220,5.967826,370,85,37,60
552,220,0.338641,370,370,66,60
553,219,-2.438835,370,370,73,60
554,218,-10.384625,370,370,96,60
556,218,-28.629016,370,370,165,60
562,223,-31.882454,370,370,285,60
569,228,-36.226097,199,370,370,60
578,234,-44.053592,176,370,370,60
585,237,-46.679516,162,370,370,60
594,243,-44.146293,157,370,370,60
598,246,-34.141732,165,370,370,60
601,249,-30.843969,370,370,370,60
604,253,-20.793181,370,370,274,60
606,258,-11.922657,370,370,199,60
608,262,-7.485928,370,370,178,60
609,268,-1.602801,370,370,158,60
609,273,-0.337233,370,370,149,60
609,280,0.002525,370,370,148,60
609,291,-0.024410,370,370,148,60
610,298,0.008966,370,370,149,60
610,305,-0.119647,370,370,149,60
611,316,-0.368702,370,370,152,60
612,323,-0.193638,370,370,152,60
613,330,-0.545194,370,370,152,60
614,341,-0.933878,370,370,158,60
616,348,-1.210631,370,370,159,60
618,359,-1.342781,370,370,164,60
619,366,-1.551985,370,370,166,60
621,373,-1.407266,370,370,171,60
623,383,-2.421378,370,256,178,60
626,394,-1.956276,370,249,180,60
628,401,-2.191090,370,238,183,60
630,408,-2.580501,370,231,188,60
631,416,-1.941811,370,223,188,60
634,427,-2.124479,370,216,190,60
636,434,-2.499187,370,209,195,60
638,441,-2.610287,370,198,200,60
641,453,-3.384114,370,190,206,60
643,460,-2.970819,370,182,209,60
645,468,-2.527893,370,171,210,60
648,480,-2.362636,370,163,212,60
650,489,-2.255629,370,155,214,60
652,496,-1.761602,370,147,217,60
654,508,-1.709193,370,135,219,60
656,516,-1.260322,370,123,220,60
658,529,-0.779775,370,114,220,60
659,537,-0.503159,370,106,220,60
660,545,-0.336291,370,94,221,60
661,556,-0.449438,123,87,223,60
662,568,-0.431319,107,75,224,60
663,576,-0.300373,94,67,224,60
663,584,-0.125031,78,55,224,60
664,596,-0.068850,66,47,226,60
664,604,-0.005075,55,39,226,60
664,612,-0.007838,38,27,38,60
663,621,0.525131,28,20,28,60
662,624,3.418386,23,16,24,60
660,626,9.924956,18,14,23,60
658,627,25.968882,16,15,159,60
657,627,43.792406,20,195,133,60
655,626,67.497523,237,151,130,60
655,625,89.306312,175,121,166,60
655,624,104.273854,140,127,248,60
650,623,106.578409,134,125,261,60
643,622,103.035019,128,113,207,60
637,621,101.102699,124,105,185,60
630,620,101.696751,116,99,175,60
618,618,101.324710,104,91,168,60
611,617,102.866434,96,84,155,60
600,615,99.821476,83,71,128,60
593,614,100.194186,72,60,104,60
586,614,98.744116,65,53,89,60
576,613,95.355435,61,46,72,60
570,613,94.841139,48,36,55,60
561,613,85.366745,45,29,38,60
556,613,81.401498,37,23,28,60
554,614,60.022454,59,25,25,60
554,616,38.331218,237,40,28,60
554,616,23.413874,247,92,41,60
556,616,14.003009,266,182,52,60
558,615,3.317703,296,229,65,60
559,613,0.705328,321,231,76,60
560,612,-0.168301,329,232,79,60
561,620,-0.656472,324,228,80,60
562,626,-2.837259,323,218,89,60
564,631,-4.632653,161,214,96,60
566,636,-7.226448,141,210,106,60
570,642,-9.492006,123,207,118,60
573,646,-13.371335,118,204,125,60
576,651,-13.941262,99,200,152,60
581,657,-18.845632,89,198,173,60
585,662,-19.290617,73,198,204,60
589,666,-20.379251,71,192,197,60
597,675,-21.632624,59,190,186,60
602,681,-22.594116,59,179,179,60
608,688,-16.898744,71,165,178,60
612,695,-14.389164,78,155,173,60
615,700,-8.969932,247,146,178,60
618,710,-5.507286,216,139,179,60
621,717,-4.276803,197,130,172,60
624,728,-4.951026,180,117,151,60
627,735,-6.018936,173,110,140,60
631,744,-7.185610,166,104,131,60
634,750,-7.366100,154,95,118,60
639,760,-7.348501,138,85,106,60
643,769,-9.481803,131,79,97,60
646,774,-10.055747,124,74,90,60
649,779,-11.271123,117,67,79,60
654,786,-14.175374,117,63,71,60
657,790,-19.293888,127,59,62,60
661,794,-22.703230,135,57,56,60
666,798,-34.402430,186,58,52,60
668,798,-49.747144,370,85,56,60
669,797,-76.065635,343,150,68,60
670,796,-97.951226,370,370,97,60
671,795,-119.069877,34,320,319,60
672,793,-136.975377,1,370,370,60
679,787,-145.795233,0,0,0,60
688,780,-147.089728,0,0,0,60
698,771,-147.460732,7,370,310,60
702,768,-142.935132,16,370,306,60
706,766,-139.162964,24,370,310,60
709,765,-128.646683,49,370,370,60
723,759,-120.197800,370,370,370,60
733,755,-118.353077,370,253,370,60
752,749,-112.486205,370,242,370,60
761,747,-106.238018,370,227,317,60
768,746,-99.940193,370,229,234,60
778,746,-89.672602,370,370,180,60
787,746,-84.478087,370,370,168,60
793,747,-81.945056,199,370,154,60
800,748,-81.357703,193,370,151,60
811,749,-80.647970,188,370,149,60
818,749,-80.781988,180,370,151,60
824,750,-82.656525,173,370,151,60
834,750,-84.534395,168,370,155,60
840,750,-87.410619,164,370,164,60
847,750,-90.627091,158,370,173,60
853,750,-93.594499,151,370,189,60
863,749,-98.048442,147,370,209,60
873,747,-102.576373,142,136,243,60
879,746,-104.910021,137,127,265,60
887,744,-105.228747,128,120,262,60
894,743,-106.465477,118,108,289,60
902,741,-105.685250,110,100,288,60
913,739,-105.896680,102,92,295,60
921,737,-105.206118,93,85,286,60
928,736,-104.671709,80,75,288,60
939,735,-100.371373,72,70,259,60
946,734,-95.156825,63,324,235,60
954,734,-93.245996,56,315,219,60
961,734,-89.817569,47,303,197,60
968,736,-73.876556,48,310,152,60
979,738,-69.458878,330,306,145,60
986,740,-59.598398,292,238,123,60
1001,745,-54.338212,278,195,116,60
1009,749,-57.257355,265,200,111,60
1016,751,-59.885325,261,214,111,60
1026,754,-67.143529,258,250,114,60
1032,755,-73.914208,264,249,123,60
1037,755,-78.872003,272,236,133,60
1046,756,-86.724369,289,219,154,60
1051,756,-87.620604,288,213,158,60
1060,755,-93.931327,310,207,180,60
1066,755,-96.272032,316,199,195,60
1072,754,-99.680454,330,195,214,60
1082,753,-104.446800,343,190,220,60
1089,751,-104.117731,361,186,206,60
1096,750,-107.126185,360,177,192,60
1107,747,-108.668880,355,167,176,60
1115,746,-110.724873,365,161,165,60
1126,743,-110.809101,329,152,159,60
1133,741,-108.854902,303,144,152,60
1140,739,-108.630463,283,133,140,60
1147,737,-111.869857,302,128,130,60
1157,734,-113.311386,275,120,123,60
1164,732,-117.505776,337,116,109,60
1169,730,-119.766844,367,113,103,60
1177,726,-126.845022,370,113,96,60
1183,724,-130.885456,370,116,89,60
1187,721,-136.015260,370,123,86,60
1194,716,-139.485210,370,129,83,60
1199,712,-144.028189,370,131,79,60
1203,709,-150.307505,358,151,79,60
1208,703,-153.132650,338,166,79,60
1211,699,-159.681844,327,174,76,60
1214,694,-159.775464,307,202,76,60
1218,688,-164.330685,370,283,80,60
1221,684,-168.206204,295,234,75,60
1223,677,-172.345045,370,370,80,60
1225,671,-171.901545,370,370,80,60
1226,666,-172.184446,370,370,80,60
1226,662,-171.663349,370,370,79,60
1227,658,-174.752732,370,370,82,60
1225,652,176.561190,370,370,110,60
1224,649,175.960482,370,370,104,60
1223,645,168.733199,370,370,114,60
1220,642,162.929325,370,311,152,60
1216,638,157.239543,370,281,192,60
1213,636,144.279024,370,243,307,60
1210,634,136.430469,370,370,370,60
1206,632,131.882022,104,370,370,60
1198,628,124.390774,80,370,370,60
1193,625,129.932479,370,370,370,60
1188,621,136.218204,370,370,370,60
1181,616,142.936672,370,370,370,60
1176,610,152.227918,370,197,370,60
1173,606,158.021246,370,269,370,60
1170,601,159.034789,370,193,333,60
1166,594,165.986252,370,186,338,60
1163,590,169.594014,370,209,254,60
1161,584,166.286793,370,196,269,60
1159,576,171.111840,370,219,226,60
1158,571,173.061509,370,204,240,60
1157,564,174.266467,370,211,221,60
1155,552,167.534316,370,192,237,60
1153,545,171.328298,370,183,240,60
1152,537,171.934183,370,170,244,60
1151,529,168.923430,370,151,266,60
1149,517,171.216379,370,144,266,60
1148,509,167.740150,370,139,264,60
1146,501,169.000474,370,124,274,60
1145,492,168.215071,370,114,282,60
1144,481,170.269736,370,110,276,60
1143,474,170.782651,75,136,217,60
1142,466,175.368410,65,108,241,60
1142,458,171.699660,59,92,261,60
1142,446,172.194365,54,80,276,60
1142,438,172.359833,51,77,268,60
1142,430,-170.446531,59,323,173,60
1144,424,-175.527766,51,310,195,60
1146,422,-167.119727,59,315,168,60
1149,419,-153.817475,73,335,144,60
1157,413,-149.060940,312,238,125,60
1163,408,-142.184097,302,185,114,60
1175,400,-138.512254,296,160,106,60
1183,395,-137.128804,293,119,92,60
1190,391,-134.344882,285,116,83,60
1196,387,-142.086084,279,129,80,60
1203,381,-137.491297,276,105,72,60
1207,377,-151.619649,276,150,76,60
1211,373,-149.065616,269,129,69,60
1216,367,-157.575294,271,155,71,60
1221,361,-154.341064,264,137,63,60
1227,352,-156.442249,257,127,59,60
1231,346,-154.693093,250,114,54,60
1236,339,-160.829610,248,138,52,60
1239,333,-154.803057,235,102,45,60
1245,324,-158.737296,237,124,45,60
1247,318,-166.963963,219,77,35,60
1250,311,-163.849796,226,133,41,60
1253,305,-163.614256,217,114,37,60
1256,296,-174.337415,214,123,37,60
1257,290,-173.690385,212,143,37,60
1259,281,-175.611887,203,129,35,60
1260,274,-176.431121,217,163,44,60
1261,267,-177.733183,206,152,44,60
1261,260,-177.436180,196,145,42,60
1262,248,-177.062713,186,138,41,60
1262,242,-179.468887,179,130,44,60
1262,234,131.544344,173,123,45,60
1262,223,177.733932,162,112,48,60
1260,216,178.222896,152,105,49,60
1259,209,176.705002,141,94,55,60
1258,202,177.416204,128,87,55,60
1256,194,175.059824,120,81,59,60
1254,191,170.770167,130,77,76,60
1252,190,155.872293,176,82,86,60
1251,191,139.563245,321,92,82,60
1250,192,122.853202,370,166,93,60
1250,194,86.919734,228,370,118,60
1250,195,69.600506,370,370,212,60
1251,196,51.672577,370,151,370,60
1249,197,44.080393,370,123,370,60
1242,202,36.959877,370,370,370,60
1235,209,33.675814,370,370,370,60
1229,214,26.935405,300,370,370,60
1225,220,20.476157,195,370,149,60
1222,224,21.969659,196,370,135,60
1216,230,27.931004,240,370,137,60
1212,234,33.261034,370,370,370,60
1205,240,33.504132,370,370,370,60
1200,244,30.972856,370,370,166,60
1195,248,27.366896,370,370,123,60
1189,254,28.143631,361,370,85,60
1185,258,32.080609,370,370,99,60
1178,264,32.075025,370,370,87,60
1174,268,31.213211,370,370,58,60
1170,272,28.258281,370,363,25,60
1167,276,23.965687,370,345,14,60
1157,287,21.559079,370,334,11,60
1151,295,19.420853,370,320,11,60
1145,304,17.852557,347,306,13,60
1136,316,13.543597,317,285,16,60
1131,327,11.648657,307,274,24,60
1127,335,8.851305,292,257,32,60
1121,350,6.893094,283,245,45,60
1119,358,4.674684,274,231,370,60
1114,373,3.043825,272,370,370,60
1113,380,1.251815,264,370,370,60
1113,388,0.013981,257,370,370,60
1114,392,-0.400484,252,370,370,60
1115,398,-0.582064,251,370,370,60
1115,405,-0.257440,251,370,370,60
1115,410,-0.032641,252,370,370,60
1115,415,0.077293,252,370,370,60
1113,423,1.802705,264,370,370,60
1112,427,4.047672,279,164,370,60
1110,431,7.534355,307,159,370,60
1106,436,14.553959,353,158,370,60
1103,439,22.237452,370,163,370,60
1098,443,35.877590,370,170,370,60
1094,444,44.919927,151,370,370,60
1091,446,52.531477,152,370,370,60
1087,447,60.446830,161,370,370,60
1083,447,71.445222,179,370,370,60
1078,447,89.294592,370,370,309,60
1074,446,93.813533,370,370,314,60
1071,445,104.305150,370,370,370,60
1066,443,116.203865,370,370,368,60
1060,439,127.624078,370,284,96,60
1055,436,136.964262,370,279,102,60
1050,432,139.196804,370,278,83,60
1043,426,142.090376,370,370,61,60
1038,423,143.591044,370,368,58,60
1034,419,145.760326,370,370,69,60
1026,414,144.249897,370,370,80,60
1013,405,140.689642,370,244,302,60
1003,398,138.102480,370,219,290,60
994,394,132.985928,370,204,288,60
985,391,121.911269,370,193,295,60
979,388,119.594846,370,187,298,60
972,386,119.773229,370,181,300,60
966,384,117.060850,370,370,299,60
956,379,124.991800,370,162,283,60
949,376,129.350662,370,153,274,60
940,371,132.155997,370,146,269,60
934,367,138.664492,370,144,262,60
928,363,141.523382,370,136,255,60
922,358,145.007259,370,133,251,60
913,351,147.888911,370,127,248,60
907,346,146.951121,370,120,245,60
901,341,148.782210,370,108,237,60
894,334,137.365159,92,97,230,60
885,327,146.452916,83,87,224,60
879,322,146.575345,75,76,219,60
872,317,147.058873,61,64,212,60
866,311,148.322179,54,56,206,60
860,305,148.866949,44,47,200,60
850,297,147.827073,35,38,195,60
845,291,147.904907,28,28,78,60
839,286,149.017801,18,19,56,60
830,279,149.353645,7,7,20,60
825,274,149.611874,0,0,0,60
818,269,141.581794,0,0,0,60
816,268,131.671706,0,0,0,60
814,268,118.419979,0,0,0,60
813,269,102.244373,0,0,0,60
814,270,77.444829,0,0,0,60
815,271,59.111227,0,0,0,60
817,271,44.140756,370,370,292,60
819,271,23.394015,370,370,310,60
820,271,11.719965,360,370,345,60
821,271,4.227361,370,370,370,60
820,275,2.793249,370,370,370,60
818,282,3.033006,370,370,370,60
816,288,4.324054,370,370,370,60
812,296,7.178345,370,370,370,60
809,302,11.143312,358,345,370,60
806,306,15.999484,370,347,336,60
803,310,21.380582,370,356,313,60
797,315,30.798214,370,370,293,60
793,318,36.878590,370,370,279,60
789,321,40.487455,370,370,266,60
781,326,45.467248,370,366,258,60
775,329,47.949605,320,349,252,60
765,333,51.248227,317,323,241,60
758,336,53.577231,317,295,234,60
750,339,55.688495,317,268,224,60
739,344,57.560493,316,258,217,60
727,348,58.989142,312,240,206,60
720,351,58.197450,370,224,196,60
712,354,58.979785,370,213,188,60
704,357,58.722721,370,204,179,60
697,359,59.247558,370,195,172,60
686,363,57.279254,370,190,165,60
679,366,53.437644,370,187,152,60
673,369,50.591781,370,188,147,60
664,373,50.610514,370,181,140,60
658,376,47.812719,370,178,134,60
652,379,47.544940,370,171,125,60
644,383,42.744087,370,165,120,60
638,387,41.004966,259,174,114,60
633,390,40.139463,257,170,110,60
625,396,36.506148,252,174,107,60
621,400,32.801608,248,185,103,60
615,406,26.870117,247,198,102,60
611,410,23.641717,248,233,102,60
605,416,19.722567,247,250,100,60
603,420,17.358317,250,292,102,60
600,424,14.990119,251,335,103,60
596,431,11.562525,250,370,103,60
594,436,9.484193,251,370,104,60
591,441,8.864378,244,370,102,60
588,449,9.284851,238,370,99,60
586,454,7.425045,237,370,100,60
584,459,4.292833,237,370,102,60
582,467,3.566071,231,370,102,60
581,472,1.770286,233,370,106,60
581,477,1.257620,224,367,106,60
581,485,0.008196,217,359,109,60
581,490,-0.192425,210,354,109,60
582,498,-0.523502,203,349,109,60
583,503,-1.209448,196,341,114,60
585,510,-3.600972,195,336,121,60
587,515,-4.630795,192,332,127,60
589,520,-5.594767,188,326,138,60
591,525,-7.274655,186,322,148,60
595,533,-8.386287,180,317,154,60
599,540,-9.761305,173,311,168,60
602,545,-12.257091,173,306,190,60
608,553,-14.914166,370,93,220,60
611,558,-16.514067,370,88,235,60
618,566,-20.324564,370,81,266,60
622,571,-22.024547,370,76,299,60
630,579,-22.241724,370,71,292,60
635,585,-21.730586,370,60,283,60
643,594,-22.643427,370,53,279,60
647,598,-26.637763,370,49,47,60
651,601,-32.331989,370,50,44,60
659,606,-34.995364,350,49,41,60
664,610,-34.857780,341,45,37,60
667,613,-28.772453,370,37,32,60
670,618,-18.711189,65,27,27,60
673,622,-12.937119,34,18,21,60
674,626,-8.429698,23,13,17,60
675,629,-4.551294,16,10,13,60
675,632,-1.567647,10,7,10,60
674,635,0.570354,7,5,7,60
672,636,5.003744,4,3,4,60
670,637,18.849257,4,4,7,60
668,637,47.877194,8,11,147,60
667,636,66.553590,18,159,141,60
666,635,85.876755,220,134,165,60
665,633,123.134469,144,146,362,60
666,632,136.833985,141,201,370,60
662,630,140.522680,140,218,370,60
654,625,139.150952,134,206,370,60
649,621,138.669179,128,189,370,60
644,617,142.064437,123,196,370,60
638,612,144.481163,117,198,370,60
631,606,146.100318,114,200,370,60
626,601,152.884073,113,233,370,60
620,593,157.348034,110,233,370,60
614,585,159.763650,113,280,361,60
610,579,160.999183,113,343,340,60
605,570,162.903399,107,335,338,60
602,564,167.082963,104,336,336,60
598,558,164.731032,102,345,331,60
593,549,164.672449,94,307,334,60
590,542,165.255610,90,304,330,60
586,532,167.142956,93,370,317,60
583,524,168.760038,87,331,320,60
581,517,166.107313,82,290,320,60
579,510,170.588383,86,370,305,60
576,499,169.542647,83,370,303,60
574,491,170.101265,79,349,303,60
573,484,173.225487,83,370,289,60
572,476,171.314682,79,365,289,60
571,464,173.373667,80,356,282,60
570,456,173.928774,80,343,275,60
569,444,170.613383,76,337,276,60
568,436,170.616237,75,329,370,60
568,428,172.588632,75,316,370,60
567,420,173.575614,76,307,370,60
567,412,172.827408,75,300,370,60
566,400,-140.850891,73,290,365,60
566,392,-175.573240,125,288,223,60
567,385,-170.729634,114,274,219,60
568,370,-174.952324,114,264,214,60
569,360,-174.059805,109,247,204,60
571,347,-170.404382,110,237,200,60
572,339,-169.623838,127,232,192,60
572,332,-171.969188,118,223,189,60
572,322,-172.105614,127,214,182,60
572,315,-170.469943,125,203,344,60
573,308,176.184246,52,89,202,60
572,298,169.407639,79,188,231,60
571,291,170.932220,76,183,219,60
570,283,166.077311,72,177,204,60
569,272,165.880990,69,171,193,60
568,264,164.100931,66,160,178,60
567,255,167.588603,66,144,166,60
567,245,-164.917636,142,214,165,60
568,237,-178.235772,93,126,182,60
570,232,-175.508983,97,119,175,60
572,224,-165.561061,114,113,180,60
574,218,-164.878469,127,108,183,60
575,212,-175.868871,114,97,151,60
577,202,-163.774402,110,94,166,60
578,196,-166.971377,104,85,140,60
578,190,-167.308414,90,77,138,60
579,180,-164.968887,80,71,128,60
579,171,-174.620850,75,60,97,60
579,164,162.941848,73,56,59,60
578,158,161.604216,72,47,49,60
577,149,161.159945,73,40,44,60
576,143,161.236225,66,31,32,60
574,140,158.491151,63,29,31,60
573,140,158.643003,61,31,30,60
572,141,140.904404,56,34,31,60
572,143,116.693485,44,52,41,60
573,144,96.679048,47,41,59,60
575,146,59.143300,86,43,47,60
575,147,45.597065,370,64,48,60
576,147,25.418650,370,133,62,60
577,148,20.569111,370,176,69,60
578,149,3.635629,370,370,94,60
579,149,0.795222,370,370,104,60
579,157,0.043279,370,370,104,60
579,164,-0.162815,370,370,106,60
580,172,-0.802177,370,370,109,60
581,178,-1.598310,370,370,111,60
584,186,-3.479262,370,370,116,60
586,191,-6.270398,370,370,130,60
589,196,-9.306422,370,370,152,60
591,200,-13.248610,370,370,175,60
596,206,-17.540966,370,370,212,60
600,210,-20.121258,370,370,228,60
603,214,-22.242569,370,370,282,60
610,221,-24.628157,370,370,321,60
615,226,-27.997830,370,370,370,60
623,234,-29.376774,370,370,370,60
629,240,-30.034381,370,370,370,60
634,245,-26.787616,370,370,370,60
640,250,-24.885207,370,370,370,60
647,259,-23.786696,370,370,370,60
652,264,-20.095646,370,370,370,60
658,273,-14.944903,370,370,340,60
662,279,-14.171040,370,370,321,60
665,285,-12.781576,370,365,306,60
668,290,-11.220809,370,356,305,60
673,300,-10.137088,370,349,307,60
676,306,-8.685668,370,341,300,60
679,313,-8.130294,370,330,298,60
683,323,-7.015769,370,322,296,60
686,331,-5.960732,370,310,293,60
690,342,-5.643441,370,303,296,60
693,350,-4.964730,370,294,296,60
696,357,-4.348439,367,283,298,60
700,369,-3.935582,370,275,302,60
702,376,-3.562979,370,267,302,60
704,384,-3.543583,370,256,305,60
708,396,-3.154587,370,247,306,60
710,403,-3.442787,370,239,309,60
712,409,-4.352494,370,231,321,60
715,415,-10.386828,337,229,357,60
716,416,-10.920123,306,370,370,60
719,420,-16.769171,337,370,370,60
721,422,-21.351368,370,370,370,60
724,424,-26.641126,370,370,233,60
729,429,-27.624718,370,370,226,60
733,433,-27.079312,370,370,221,60
740,441,-24.347003,370,370,217,60
745,446,-21.878331,370,370,212,60
750,452,-23.566313,370,370,203,60
755,457,-24.346509,370,370,197,60
762,465,-25.154924,370,370,190,60
767,470,-25.685993,370,370,185,60
775,477,-28.037666,370,370,173,60
782,484,-28.893622,370,370,168,60
788,489,-29.410469,370,370,370,60
793,493,-29.698526,370,370,367,60
800,500,-32.817582,370,370,360,60
805,503,-33.731017,370,370,353,60
810,507,-33.437033,370,370,348,60
815,511,-33.097895,370,370,344,60
823,518,-31.250642,370,370,340,60
831,525,-26.892191,370,370,340,60
835,531,-24.472643,188,354,337,60
840,536,-22.044273,138,335,336,60
847,545,-19.511880,135,324,334,60
851,551,-18.064557,144,314,331,60
856,557,-16.596917,151,301,327,60
862,566,-13.455994,168,287,326,60
866,572,-12.560209,175,279,321,60
872,583,-11.106045,185,271,319,60
875,589,-10.630890,370,263,312,60
879,596,-10.822621,370,256,305,60
885,606,-10.365115,370,246,292,60
888,614,-9.838823,370,234,281,60
892,621,-9.539185,370,227,274,60
897,632,-8.561733,365,219,268,60
903,643,-8.322072,343,207,254,60
906,650,-8.192908,323,196,243,60
909,658,-8.515998,312,188,231,60
913,664,-8.544602,302,182,224,60
918,675,-8.635884,290,175,216,60
921,681,-8.901690,276,165,202,60
926,691,-9.540219,265,158,193,60
931,700,-10.890093,259,150,179,60
934,706,-12.515823,257,145,169,60
938,711,-14.166239,259,138,155,60
943,719,-16.661623,261,134,148,60
947,724,-18.638404,272,128,135,60
953,730,-22.418677,292,127,128,60
957,735,-25.170365,320,125,121,60
961,739,-28.718158,337,123,116,60
968,744,-33.376057,320,125,110,60
973,748,-36.301559,310,127,104,60
977,751,-38.974423,299,128,100,60
982,754,-42.840115,292,133,97,60
989,757,-48.702608,286,142,97,60
993,759,-54.296198,281,158,99,60
998,760,-60.767815,279,201,103,60
1001,761,-68.585366,288,273,110,60
1006,761,-79.404476,299,269,121,60
1010,761,-85.101954,329,258,141,60
1013,761,-95.003414,370,252,178,60
1018,759,-108.769298,370,255,224,60
1020,758,-118.230238,120,271,265,60
1023,756,-124.964140,54,299,250,60
1027,754,-132.974435,37,334,245,60
1032,751,-138.359965,32,361,241,60
1043,743,-138.317504,35,359,237,60
1049,739,-131.875645,52,316,226,60
1060,734,-126.756456,96,263,212,60
1068,732,-115.706528,370,222,210,60
1084,728,-113.247167,370,208,203,60
1097,724,-113.335491,370,188,186,60
1105,722,-113.710216,370,176,173,60
1112,720,-112.473124,370,167,166,60
1118,718,-116.160387,370,166,158,60
1128,714,-118.194112,370,162,148,60
1134,712,-121.493288,370,157,142,60
1142,708,-126.981972,370,164,133,60
1147,705,-135.481167,370,178,125,60
1154,699,-139.890335,370,185,123,60
1159,696,-142.938844,353,192,120,60
1163,692,-143.460344,341,190,114,60
1167,688,-147.026036,320,202,113,60
1173,682,-153.874327,302,216,111,60
1177,678,-156.000812,283,240,111,60
1180,673,-159.622967,262,292,113,60
1183,669,-158.359150,265,272,109,60
1187,661,-162.838952,370,370,118,60
1189,657,-167.320208,370,370,124,60
1191,649,-171.656993,370,370,120,60
1192,645,-172.920396,370,370,135,60
1192,641,-175.715206,370,370,131,60
1191,634,172.395727,370,370,370,60
1190,627,171.956639,370,370,176,60
1188,623,174.202905,370,289,183,60
1187,617,167.359103,370,259,207,60
1183,608,169.145518,370,370,178,60
1181,603,167.790973,370,258,200,60
1179,597,172.411223,370,256,197,60
1175,589,168.493404,370,235,214,60
1172,583,170.232164,370,224,221,60
1169,577,169.981934,370,199,261,60
1166,571,169.637904,370,207,234,60
1162,563,166.158323,370,182,272,60
1158,557,161.392951,370,178,269,60
1154,552,164.755030,370,159,296,60
1148,543,164.692583,370,136,370,60
1143,537,157.643045,370,122,370,60
1139,530,158.928828,370,112,370,60
1134,524,157.405446,370,102,370,60
1128,515,156.589390,370,94,370,60
1123,509,156.222147,370,91,370,60
1120,503,155.283670,370,92,370,60
1114,493,157.131665,370,66,370,60
1111,486,170.564607,357,70,329,60
1107,476,162.785867,370,50,370,60
1104,469,163.355367,340,39,370,60
1101,462,164.423673,333,32,370,60
1098,451,166.284506,333,34,320,60
1095,444,166.526785,319,14,370,60
1093,436,164.981807,4,4,86,60
1090,425,175.034396,0,0,0,60
1088,417,167.918791,0,0,0,60
1086,409,166.815956,0,0,0,60
1086,407,170.883617,0,0,0,60
1087,405,-170.891827,0,0,0,60
1089,405,-167.678242,0,0,0,60
1090,404,-160.073481,0,0,0,60
1092,404,-150.074034,6,26,202,60
1094,403,-132.995647,31,247,178,60
1097,404,-107.650546,320,192,179,60
1098,405,-89.684914,237,166,231,60
1100,406,-69.071868,183,176,370,60
1106,408,-63.395173,172,184,370,60
1112,409,-62.829201,165,179,370,60
1118,411,-63.874836,157,166,370,60
1126,413,-70.994279,152,155,370,60
1131,413,-78.827755,158,140,262,60
1135,413,-86.019467,171,129,196,60
1141,412,-101.729101,204,126,158,60
1145,411,-109.317719,212,123,148,60
1150,409,-108.104441,258,122,128,60
1156,407,-120.373836,317,129,116,60
1164,403,-129.080340,305,135,109,60
1169,400,-133.671272,299,132,104,60
1174,397,-128.929994,293,125,97,60
1181,393,-141.420510,289,127,94,60
1185,390,-138.243173,283,132,90,60
1189,386,-141.781494,279,139,87,60
1194,381,-147.530465,278,152,86,60
1197,376,-157.774801,275,153,85,60
1200,373,-160.704112,282,220,90,60
1204,367,-167.853979,286,266,93,60
1205,362,-164.344117,290,258,94,60
1207,359,-166.722082,286,252,93,60
1208,353,-176.545561,319,241,111,60
1208,347,-178.142107,319,234,116,60
1208,344,-177.650695,275,236,94,60
1207,337,178.609817,358,226,144,60
1206,333,170.697890,367,221,155,60
1204,326,176.699486,320,213,137,60
1202,321,174.559924,321,209,144,60
1199,314,173.407523,326,203,157,60
1197,309,170.879148,324,198,166,60
1193,302,167.373477,350,194,193,60
1190,298,164.603950,364,192,214,60
1184,291,160.204273,370,189,200,60
1180,286,158.440531,370,188,192,60
1176,281,156.344294,370,184,180,60
1169,274,149.108277,370,180,176,60
1164,269,154.088449,370,175,166,60
1159,265,150.401315,370,176,159,60
1152,259,147.050443,370,176,155,60
1147,255,143.563613,370,181,147,60
1139,251,139.317925,282,189,144,60
1135,248,136.289464,281,191,142,60
1129,245,133.842141,282,199,140,60
1124,243,129.734486,285,209,140,60
1116,239,124.180788,300,239,140,60
1110,237,119.732741,370,278,142,60
1102,235,112.656114,370,335,148,60
1096,234,107.904244,370,370,157,60
1087,233,103.166059,370,370,162,60
1081,232,100.206652,370,370,171,60
1073,232,92.672182,370,210,188,60
1067,233,87.702924,370,215,206,60
1059,233,76.904412,370,233,251,60
1054,234,77.350034,370,238,274,60
1048,235,76.151290,370,370,293,60
1042,237,74.966597,370,370,319,60
1032,239,74.375262,370,370,317,60
1025,240,74.999252,370,370,317,60
1017,242,74.096290,370,370,337,60
1006,244,72.983994,370,370,360,60
998,246,72.454415,370,370,360,60
990,248,69.075490,370,370,134,60
982,250,70.803417,370,370,125,60
970,252,72.724333,370,370,118,60
962,253,75.043112,370,370,111,60
952,255,71.416173,370,370,103,60
947,257,69.123918,370,370,100,60
939,259,62.448774,370,370,100,60
935,261,56.952586,370,370,100,60
931,263,50.615114,370,370,107,60
926,267,42.706016,370,370,114,60
922,269,37.232771,370,370,370,60
919,272,31.351760,329,370,370,60
914,278,23.661686,334,370,370,60
911,282,19.977462,337,370,370,60
908,286,18.773714,340,370,370,60
904,292,19.601774,333,370,370,60
897,300,21.067548,323,370,370,60
892,306,22.165873,310,365,370,60
887,313,23.635798,300,360,370,60
880,319,23.825648,295,351,370,60
873,327,26.227493,370,356,370,60
867,331,29.926042,370,352,369,60
862,336,34.317240,370,370,347,60
853,342,37.344832,370,370,337,60
847,346,39.290894,370,370,324,60
841,350,41.320093,370,370,317,60
831,356,42.903981,370,370,309,60
824,361,44.288139,370,370,302,60
817,365,45.530412,370,370,290,60
806,371,46.724661,370,370,283,60
799,375,45.323807,370,370,274,60
791,379,44.532545,370,370,265,60
781,385,45.368860,370,358,258,60
774,388,45.066568,261,352,251,60
767,392,44.811237,255,342,241,60
757,397,46.686606,251,329,235,60
751,401,46.366910,247,311,224,60
744,404,48.587758,245,291,217,60
735,409,45.829229,240,290,212,60
729,413,45.157069,237,283,206,60
723,416,44.806184,231,280,197,60
714,422,40.765760,227,292,193,60
708,426,41.673566,223,275,186,60
702,430,39.490141,216,281,179,60
694,436,35.173387,213,291,176,60
689,440,33.770729,209,290,172,60
682,446,29.528805,206,305,171,60
677,450,25.086195,203,352,169,60
673,455,24.130683,202,370,168,60
667,461,19.628211,199,370,168,60
664,466,18.362091,195,370,168,60
659,473,17.586683,190,370,164,60
655,478,16.063124,186,370,162,60
652,483,14.634371,182,370,162,60
647,491,12.396085,179,366,164,60
644,496,11.058966,173,358,162,60
642,502,8.410863,171,346,165,60
638,510,7.237454,166,340,166,60
637,515,5.313406,161,331,169,60
635,521,3.947362,157,324,171,60
633,529,2.354114,151,319,172,60
632,535,2.109950,141,309,173,60
631,544,0.542415,137,98,178,60
631,549,0.479020,128,92,178,60
630,555,0.170938,121,87,178,60
630,564,0.269533,110,283,176,60
630,570,0.031622,102,72,178,60
630,576,0.000319,89,63,178,60
631,584,-0.210047,80,57,179,60
632,590,-1.052894,73,52,180,60
633,595,-1.579781,66,46,183,60
635,604,-3.616201,56,38,195,60
637,609,-3.758047,49,33,202,60
639,615,-6.025603,38,24,219,60
643,623,-8.553812,32,19,24,60
646,628,-10.068894,24,15,18,60
650,636,-12.871189,11,7,8,60
653,640,-15.899306,1,1,1,60
654,640,-24.830967,4,2,1,60
655,639,-46.368160,52,7,6,60
655,638,-64.326485,370,23,14,60
655,637,-84.580148,370,326,37,60
654,636,-106.529626,370,370,370,60
653,634,-135.459803,370,370,334,60
653,633,-149.673568,370,370,370,60
656,630,-154.737722,370,370,370,60
662,623,-157.145755,370,370,370,60
667,617,-158.663733,370,349,370,60
675,608,-158.200865,370,352,370,60
680,602,-156.918526,370,370,370,60
689,594,-154.766832,370,370,370,60
694,588,-153.680419,370,370,370,60
700,583,-151.384170,370,370,370,60
706,578,-150.426920,370,370,370,60
715,570,-147.447942,370,370,370,60
721,565,-146.152131,370,370,370,60
727,559,-145.017450,370,370,370,60
737,552,-144.418708,370,370,370,60
747,544,-145.146854,370,370,370,60
753,540,-145.820267,370,370,370,60
759,534,-146.373133,370,370,370,60
769,527,-146.120569,370,370,370,60
775,522,-137.155378,283,370,370,60
785,515,-142.061897,238,370,370,60
792,510,-140.865219,199,370,370,60
798,506,-138.908033,216,370,370,60
805,502,-137.034778,234,370,370,60
815,496,-133.906088,259,370,370,60
822,492,-131.817519,283,243,370,60
830,488,-130.511620,370,228,370,60
837,485,-128.991887,370,220,370,60
847,479,-126.715432,370,211,370,60
854,476,-131.183773,370,206,370,60
862,472,-130.806218,368,192,370,60
873,467,-128.706111,365,183,370,60
884,462,-125.544435,362,170,370,60
891,459,-123.852982,362,158,370,60
899,456,-122.388391,362,150,370,60
907,452,-127.623749,355,143,369,60
911,450,-133.206278,354,139,365,60
914,447,-140.472389,341,140,360,60
918,444,-145.366649,341,370,140,60
920,441,-147.516641,338,370,134,60
922,438,-152.222346,341,367,128,60
924,434,-161.218093,219,341,125,60
924,431,-165.366401,204,328,123,60
925,428,-170.281259,192,318,123,60
925,423,-170.805011,189,313,121,60
925,420,174.819175,370,168,313,60
923,415,175.243819,164,301,370,60
922,412,176.301565,162,298,370,60
920,408,169.524319,157,297,369,60
917,403,166.888159,370,296,340,60
912,397,162.177372,370,188,321,60
909,394,158.058844,370,171,310,60
906,390,151.356468,370,147,290,60
898,384,151.110128,370,137,285,60
893,379,148.224920,370,122,275,60
887,374,149.755888,370,115,271,60
878,367,148.064880,369,104,265,60
873,362,145.327959,360,93,258,60
864,355,140.048685,347,78,250,60
857,351,139.326518,334,65,134,60
848,345,138.402729,324,53,106,60
842,341,137.782792,317,44,89,60
836,337,136.886629,312,37,71,60
828,332,134.199809,305,30,55,60
823,330,128.312333,296,362,32,60
818,328,123.431235,295,347,23,60
816,328,103.533314,312,303,113,60
815,329,84.832267,370,282,319,60
808,329,82.603064,370,276,347,60
796,331,74.600757,370,275,310,60
791,333,68.147833,370,280,285,60
781,336,63.106283,341,279,268,60
774,338,64.685657,336,274,259,60
762,341,63.382607,370,260,248,60
755,344,62.863185,370,252,235,60
744,347,60.773298,370,246,227,60
737,350,57.334071,316,243,219,60
731,352,53.838289,303,250,204,60
722,357,51.960751,296,254,199,60
716,359,48.381733,290,253,189,60
710,362,46.981240,286,251,183,60
701,367,43.473951,281,254,179,60
696,371,42.565251,275,253,172,60
688,376,38.663169,272,261,168,60
683,380,35.818793,268,274,164,60
678,384,32.987242,265,288,161,60
671,390,28.190910,264,308,159,60
667,394,24.835063,264,356,159,60
664,399,21.330355,370,370,162,60
659,405,17.116427,370,370,162,60
655,410,15.536659,370,370,166,60
653,416,12.742694,370,370,168,60
650,421,11.057569,370,370,169,60
646,429,8.273136,370,370,169,60
643,435,8.691227,370,370,165,60
641,440,6.482701,370,370,169,60
639,446,4.838279,370,370,172,60
637,454,3.701361,370,370,173,60
636,460,1.416743,370,179,180,60
635,465,0.854971,370,174,182,60
635,474,0.064722,370,168,183,60
635,479,0.000040,370,162,185,60
635,485,-0.238589,370,154,186,60
636,491,-0.713130,370,148,189,60
636,491,-0.526076,370,148,188,60
636,491,-0.493236,370,148,189,60
636,491,-0.534686,370,148,189,60
636,491,-0.517355,370,148,188,60
636,491,-0.452774,370,148,189,60
636,491,-0.539599,370,148,189,60
636,491,-0.526672,370,148,189,60
636,491,-0.511561,370,148,188,60
636,491,-0.548847,370,148,189,60
636,491,-0.555091,370,148,189,60
636,491,-0.563131,370,148,189,60
636,491,-0.541411,370,148,189,60
636,491,-0.559848,370,148,189,60
636,491,-0.510655,370,148,189,60
636,491,-0.539354,370,148,188,60
636,491,-0.533454,370,148,189,60
636,491,-0.521881,370,148,188,60
636,491,-0.490029,370,148,188,60
636,491,-0.546506,370,148,189,60
636,491,-0.575298,370,148,189,60
636,491,-0.553621,370,148,189,60
636,491,-0.536928,370,148,189,60
636,491,-0.557752,370,148,189,60
636,491,-0.534737,370,148,189,60
636,491,-0.550180,370,148,189,60
636,491,-0.538469,370,148,189,60
636,491,-0.453420,370,148,189,60
636,491,-0.560659,370,148,189,60
636,491,-0.547499,370,148,189,60
636,491,-0.558106,370,148,189,60
636,491,-0.509743,370,148,188,60
636,491,-0.585417,370,148,189,60
636,491,-0.526508,370,148,189,60
636,491,-0.528715,370,148,189,60
636,491,-0.576440,370,148,189,60
636,491,-0.509603,370,148,188,60
636,491,-0.536019,370,148,189,60
636,491,-0.519256,370,148,188,60
636,491,-0.576056,370,148,189,60
636,491,-0.527082,370,148,189,60
636,491,-0.540196,370,148,188,60
636,491,-0.562258,370,148,189,60
636,491,-0.546816,370,148,189,60
636,491,-0.533542,370,148,189,60
636,491,-0.582534,370,148,189,60
636,491,-0.537041,370,148,189,60
636,491,-0.543318,370,148,189,60
636,491,-0.578153,370,148,188,60
636,491,-0.575068,370,148,189,60
636,491,-0.543044,370,148,189,60
636,491,-0.553606,370,148,189,60
636,491,-0.574039,370,148,189,60
636,491,-0.546845,370,148,189,60
636,491,-0.507559,370,148,189,60
636,491,-0.518676,370,148,189,60
636,491,-0.547275,370,148,189,60
636,491,-0.532396,370,148,189,60
636,491,-0.539088,370,148,189,60
636,491,-0.524115,370,148,189,60
636,491,-0.577608,370,148,189,60
636,491,-0.589661,370,148,189,60
636,491,-0.533388,370,148,188,60
636,491,-0.533916,370,148,189,60
636,491,-0.465024,370,148,189,60
636,491,-0.554805,370,148,189,60
636,491,-0.544402,370,148,188,60
636,491,-0.542334,370,148,188,60
636,491,-0.523307,370,148,189,60
636,491,-0.557468,370,148,189,60
636,491,-0.556103,370,148,189,60
636,491,-0.513857,370,148,188,60
636,491,-0.540331,370,148,189,60
636,491,-0.574974,370,148,189,60
636,491,-0.594652,370,148,189,60
636,491,-0.548726,370,148,189,60
636,491,-0.563458,370,148,189,60
636,491,-0.571794,370,148,189,60
636,491,-0.520000,370,148,189,60
636,491,-0.592828,370,148,189,60
636,491,-0.513234,370,148,188,60
636,491,-0.567329,370,148,189,60
636,491,-0.558156,370,148,189,60
636,491,-0.547730,370,148,189,60
636,491,-0.583234,370,148,188,60
636,491,-0.522668,370,148,189,60
636,491,-0.568769,370,148,189,60
636,491,-0.531758,370,148,189,60
636,491,-0.500334,370,148,188,60
636,491,-0.567380,370,148,188,60
636,491,-0.527448,370,148,189,60
636,491,-0.586692,370,148,189,60
636,491,-0.543705,370,148,189,60
636,491,-0.509318,370,148,188,60
636,491,-0.547612,370,148,189,60
636,491,-0.545739,370,148,189,60
636,491,-0.537481,370,148,189,60
636,491,-0.541138,370,148,189,60
636,491,-0.580451,370,148,189,60
636,491,-0.470250,370,148,188,60
636,491,-0.581197,370,148,189,60
636,491,-0.553307,370,148,189,60
636,491,-0.519121,370,148,189,60
636,491,-0.567793,370,148,189,60
636,491,-0.544964,370,148,188,60
636,491,-0.542823,370,148,189,60
636,491,-0.513456,370,148,188,60
636,491,-0.547602,370,148,189,60
636,491,-0.544741,370,148,189,60
636,491,-0.543872,370,148,189,60
636,491,-0.547853,370,148,188,60
636,491,-0.564490,370,148,189,60
636,491,-0.583841,370,148,189,60
636,491,-0.556156,370,148,189,60
636,491,-0.509053,370,148,189,60
636,491,-0.581417,370,148,189,60
636,491,-0.543822,370,148,189,60
636,491,-0.533539,370,148,188,60
636,491,-0.591608,370,148,189,60
636,491,-0.560796,370,148,188,60
636,491,-0.558112,370,148,189,60
636,491,-0.572970,370,148,189,60
636,491,-0.570362,370,148,189,60
636,491,-0.572033,370,148,189,60
636,491,-0.523935,370,148,189,60
636,491,-0.580484,370,148,189,60
636,491,-0.590470,370,148,188,60
636,491,-0.545739,370,148,189,60
636,491,-0.504385,370,148,188,60
636,491,-0.579033,370,148,188,60
636,491,-0.593601,370,148,189,60
636,491,-0.562714,370,148,189,60
636,491,-0.583011,370,148,189,60
636,491,-0.545740,370,148,189,60
636,491,-0.568188,370,148,189,60
636,491,-0.488503,370,148,188,60
636,491,-0.523563,370,148,188,60
636,491,-0.544148,370,148,189,60
636,491,-0.569302,370,148,188,60
636,491,-0.548790,370,148,189,60
636,491,-0.527875,370,148,189,60
636,491,-0.528244,370,148,189,60
636,491,-0.570645,370,148,189,60
636,491,-0.560971,370,148,189,60
636,491,-0.564029,370,148,188,60
636,491,-0.532954,370,148,189,60
636,491,-0.546025,370,148,188,60
636,491,-0.570648,370,148,189,60
636,491,-0.521681,370,148,188,60
636,491,-0.524200,370,148,188,60
636,491,-0.560021,370,148,189,60
636,491,-0.582889,370,148,189,60
636,491,-0.589644,370,148,188,60
636,491,-0.501392,370,148,188,60
636,491,-0.574685,370,148,189,60
636,491,-0.495015,370,148,189,60
636,491,-0.466754,370,148,188,60
636,491,-0.550900,370,148,189,60
636,491,-0.559962,370,148,189,60
636,491,-0.574127,370,148,188,60
636,491,-0.549672,370,148,189,60
636,491,-0.494428,370,148,188,60
636,491,-0.552859,370,148,189,60
636,491,-0.508822,370,148,188,60
636,491,-0.599910,370,148,189,60
636,491,-0.506328,370,148,188,60
636,491,-0.497794,370,148,189,60
636,491,-0.576227,370,148,189,60
636,491,-0.506396,370,148,188,60
636,491,-0.553171,370,148,189,60
636,491,-0.477426,370,148,189,60
636,491,-0.403977,370,148,188,60
636,491,-0.500281,370,148,189,60
636,491,-0.526818,370,148,189,60
636,491,-0.532541,370,148,189,60
636,491,-0.538560,370,148,188,60
636,491,-0.582190,370,148,189,60
636,491,-0.523981,370,148,188,60
636,491,-0.572153,370,148,189,60
636,491,-0.501942,370,148,189,60
636,491,-0.555411,370,148,189,60
636,491,-0.542261,370,148,189,60
636,491,-0.508644,370,148,188,60
636,491,-0.540637,370,148,189,60
636,491,-0.538148,370,148,189,60
636,491,-0.450243,370,148,188,60
636,491,-0.568270,370,148,188,60
636,491,-0.453187,370,148,188,60
636,491,-0.553919,370,148,189,60
636,491,-0.462559,370,148,188,60
636,491,-0.529912,370,148,189,60
636,491,-0.549243,370,148,188,60
636,491,-0.500669,370,148,188,60
636,491,-0.545290,370,148,189,60
636,491,-0.554744,370,148,189,60
636,491,-0.546673,370,148,189,60
636,491,-0.542743,370,148,188,60
636,491,-0.546646,370,148,189,60
636,491,-0.543523,370,148,189,60
636,491,-0.544209,370,148,188,60
636,491,-0.545701,370,148,189,60
636,491,-0.503305,370,148,188,60
636,491,-0.582949,370,148,189,60
636,491,-0.597997,370,148,189,60
636,491,-0.580694,370,148,189,60
636,491,-0.530121,370,148,188,60
636,491,-0.579057,370,148,189,60
636,491,-0.537569,370,148,189,60
636,491,-0.538880,370,148,189,60
636,491,-0.529293,370,148,188,60
636,491,-0.523259,370,148,189,60
636,491,-0.558350,370,148,189,60
636,491,-0.589829,370,148,189,60
636,491,-0.615077,370,148,189,60
636,491,-0.537646,370,148,189,60
636,491,-0.508724,370,148,189,60
636,491,-0.543250,370,148,189,60
636,491,-0.561561,370,148,189,60
636,491,-0.535294,370,148,189,60
636,491,-0.565759,370,148,189,60
636,491,-0.511446,370,148,189,60
636,491,-0.545638,370,148,188,60
636,491,-0.339013,370,148,188,60
636,491,-0.580397,370,148,189,60
636,491,-0.525178,370,148,189,60
636,491,-0.540962,370,148,189,60
636,491,-0.555923,370,148,189,60
636,491,-0.533217,370,148,189,60
636,491,-0.574740,370,148,189,60
636,491,-0.590035,370,148,189,60
636,491,-0.540561,370,148,189,60
636,491,-0.560899,370,148,189,60
636,491,-0.528142,370,148,189,60
636,491,-0.506237,370,148,188,60
636,491,-0.585140,370,148,188,60
636,491,-0.600316,370,148,189,60
636,491,-0.527765,370,148,189,60
636,491,-0.476444,370,148,189,60
636,491,-0.558234,370,148,189,60
636,491,-0.542735,370,148,189,60
636,491,-0.563180,370,148,189,60
636,491,-0.515648,370,148,189,60
636,491,-0.539275,370,148,188,60
636,491,-0.542455,370,148,189,60
636,491,-0.549867,370,148,189,60
636,491,-0.539952,370,148,189,60
636,491,-0.538616,370,148,189,60
636,491,-0.500560,370,148,188,60
636,491,-0.581928,370,148,189,60
636,491,-0.588140,370,148,189,60
636,491,-0.541152,370,148,189,60
636,491,-0.431496,370,148,189,60
636,491,-0.568708,370,148,189,60
636,491,-0.541575,370,148,189,60
636,491,-0.598080,370,148,189,60
636,491,-0.547270,370,148,189,60
636,491,-0.554729,370,148,188,60
636,491,-0.540658,370,148,189,60
636,491,-0.496178,370,148,188,60
636,491,-0.568434,370,148,189,60
636,491,-0.599624,370,148,188,60
636,491,-0.576288,370,148,189,60
636,491,-0.487371,370,148,188,60
636,491,-0.562799,370,148,188,60
636,491,-0.508114,370,148,188,60
636,491,-0.586587,370,148,189,60
636,491,-0.500507,370,148,189,60
636,491,-0.551690,370,148,189,60
636,491,-0.494088,370,148,188,60
636,491,-0.533346,370,148,189,60
636,491,-0.458816,370,148,189,60
636,491,-0.525490,370,148,189,60
636,491,-0.533822,370,148,189,60
636,491,-0.456523,370,148,188,60
636,491,-0.557308,370,148,189,60
636,491,-0.570939,370,148,188,60
636,491,-0.575223,370,148,189,60
636,491,-0.543671,370,148,189,60
636,491,-0.554517,370,148,188,60
636,491,-0.513241,370,148,188,60
636,491,-0.513600,370,148,189,60
636,491,-0.552764,370,148,189,60
636,491,-0.573002,370,148,189,60
636,491,-0.561286,370,148,189,60
636,491,-0.530634,370,148,188,60
636,491,-0.557487,370,148,189,60
636,491,-0.523263,370,148,189,60
636,491,-0.600245,370,148,189,60
636,491,-0.511729,370,148,188,60
636,491,-0.515951,370,148,188,60
636,491,-0.516894,370,148,189,60
636,491,-0.466289,370,148,188,60
636,491,-0.525573,370,148,189,60
636,491,-0.561119,370,148,189,60
636,491,-0.607880,370,148,189,60
636,491,-0.527759,370,148,189,60
636,491,-0.540227,370,148,189,60
636,491,-0.572114,370,148,188,60
636,491,-0.504708,370,148,189,60
636,491,-0.570671,370,148,189,60
636,491,-0.556482,370,148,189,60
636,491,-0.574976,370,148,188,60
636,491,-0.558285,370,148,189,60
636,491,-0.512996,370,148,188,60
636,491,-0.520721,370,148,188,60
636,491,-0.534675,370,148,188,60
636,491,-0.535558,370,148,189,60
636,491,-0.553790,370,148,189,60
636,491,-0.547574,370,148,189,60
636,491,-0.529514,370,148,189,60
636,491,-0.561884,370,148,189,60
636,491,-0.435326,370,148,189,60
636,491,-0.515726,370,148,188,60
636,491,-0.518502,370,148,189,60
636,491,-0.525734,370,148,189,60
636,491,-0.545732,370,148,189,60
636,491,-0.512515,370,148,189,60
636,491,-0.485682,370,148,188,60
636,491,-0.524338,370,148,188,60
636,491,-0.543211,370,148,189,60
636,491,-0.527382,370,148,189,60
636,491,-0.533255,370,148,188,60
636,491,-0.528697,370,148,189,60
636,491,-0.533847,370,148,189,60
636,491,-0.532315,370,148,189,60
636,491,-0.535811,370,148,188,60
636,491,-0.515158,370,148,188,60
636,491,-0.566576,370,148,189,60
636,491,-0.554510,370,148,189,60
636,491,-0.551256,370,148,189,60
636,491,-0.466311,370,148,189,60
636,491,-0.581965,370,148,189,60
636,491,-0.549124,370,148,189,60
636,491,-0.527974,370,148,189,60
636,491,-0.556192,370,148,189,60
636,491,-0.519337,370,148,189,60
636,491,-0.543245,370,148,188,60
636,491,-0.538928,370,148,189,60
636,491,-0.545760,370,148,189,60
636,491,-0.516480,370,148,188,60
636,491,-0.477338,370,148,188,60
636,491,-0.529160,370,148,189,60
636,491,-0.510888,370,148,188,60
636,491,-0.537649,370,148,189,60
636,491,-0.590965,370,148,189,60
636,491,-0.496409,370,148,188,60
636,491,-0.482868,370,148,189,60
636,491,-0.571949,370,148,188,60
636,491,-0.569522,370,148,188,60
636,491,-0.511948,370,148,189,60
636,491,-0.499763,370,148,189,60
636,491,-0.550644,370,148,189,60
636,491,-0.485733,370,148,189,60
636,491,-0.554488,370,148,189,60
636,491,-0.570361,370,148,189,60
636,491,-0.504101,370,148,188,60
636,491,-0.611519,370,148,188,60
636,491,-0.549304,370,148,189,60
636,491,-0.504220,370,148,188,60
636,491,-0.566357,370,148,189,60
636,491,-0.461021,370,148,188,60
636,491,-0.534293,370,148,188,60
636,491,-0.442221,370,148,189,60
636,491,-0.453717,370,148,188,60
636,491,-0.530482,370,148,189,60
636,491,-0.508108,370,148,188,60
636,491,-0.563326,370,148,189,60
636,491,-0.561680,370,148,189,60
636,491,-0.509319,370,148,188,60
636,491,-0.540244,370,148,189,60
636,491,-0.534087,370,148,189,60
636,491,-0.583548,370,148,188,60
636,491,-0.558747,370,148,189,60
636,491,-0.546061,370,148,189,60
636,491,-0.539772,370,148,188,60
636,491,-0.533952,370,148,188,60
636,491,-0.563649,370,148,189,60
636,491,-0.625249,370,148,189,60
636,491,-0.541268,370,148,189,60
636,491,-0.445372,370,148,189,60
636,491,-0.528711,370,148,189,60
636,491,-0.429799,370,148,188,60
636,491,-0.546348,370,148,188,60
636,491,-0.541693,370,148,189,60
636,491,-0.567849,370,148,189,60
636,491,-0.532646,370,148,188,60
636,491,-0.532467,370,148,189,60
636,491,-0.533543,370,148,189,60
636,491,-0.527828,370,148,188,60
636,491,-0.511392,370,148,189,60
636,491,-0.540175,370,148,189,60
636,491,-0.528131,370,148,189,60
636,491,-0.501182,370,148,188,60
636,491,-0.589809,370,148,189,60
636,491,-0.547998,370,148,189,60
636,491,-0.472046,370,148,189,60
636,491,-0.592971,370,148,189,60
636,491,-0.566690,370,148,189,60
636,491,-0.520478,370,148,189,60
636,491,-0.525067,370,148,188,60
636,491,-0.537680,370,148,188,60
636,491,-0.522621,370,148,188,60
636,491,-0.530066,370,148,189,60
636,491,-0.567857,370,148,188,60
636,491,-0.516817,370,148,189,60
636,491,-0.533634,370,148,188,60
636,491,-0.508344,370,148,188,60
636,491,-0.537740,370,148,189,60
636,491,-0.550230,370,148,189,60
636,490,-0.494935,370,149,188,60
636,491,-0.371761,370,148,189,60
636,491,-0.312730,370,147,188,60
636,491,-0.544966,370,148,189,60
636,491,-0.368569,370,148,188,60
636,491,-0.594719,370,148,189,60
636,491,-0.506402,370,148,189,60
636,491,-0.576336,370,148,189,60
636,491,-0.522887,370,148,188,60
636,491,-0.528777,370,148,188,60
636,491,-0.529791,370,148,189,60
636,491,-0.566644,370,148,189,60
636,491,-0.450632,370,148,189,60
636,491,-0.465323,370,148,188,60
636,491,-0.555492,370,148,188,60
636,491,-0.573587,370,148,189,60
636,491,-0.509597,370,148,188,60
636,491,-0.534490,370,148,189,60
636,491,-0.561672,370,148,189,60
636,491,-0.501929,370,148,188,60
636,491,-0.527148,370,148,189,60
636,491,-0.541163,370,148,189,60
636,491,-0.474306,370,148,188,60
636,491,-0.568942,370,148,189,60
636,491,-0.570616,370,148,189,60
636,491,-0.504268,370,148,188,60
636,491,-0.538127,370,148,189,60
636,491,-0.454455,370,148,188,60
636,491,-0.471179,370,148,188,60
636,491,-0.548939,370,148,188,60
636,491,-0.430749,370,148,188,60
636,491,-0.511513,370,148,188,60
636,491,-0.537314,370,148,189,60
636,491,-0.576003,370,148,189,60
636,491,-0.558684,370,148,189,60
636,491,-0.520470,370,148,188,60
636,491,-0.401625,370,148,189,60
636,491,-0.540239,370,148,189,60
636,491,-0.525677,370,148,189,60
636,491,-0.554898,370,148,189,60
636,491,-0.578542,370,148,189,60
636,491,-0.533191,370,148,189,60
636,491,-0.560377,370,148,189,60
636,491,-0.555048,370,148,189,60
636,491,-0.555282,370,148,189,60
636,491,-0.553713,370,148,189,60
636,491,-0.566705,370,148,189,60
636,491,-0.514362,370,148,189,60
636,491,-0.570433,370,148,188,60
636,491,-0.502393,370,148,188,60
636,491,-0.520202,370,148,189,60
636,491,-0.476914,370,148,188,60
636,491,-0.574156,370,148,189,60
636,491,-0.494760,370,148,188,60
636,491,-0.471442,370,148,188,60
636,491,-0.531172,370,148,188,60
636,491,-0.425726,370,148,188,60
636,491,-0.499549,370,148,188,60
636,491,-0.508864,370,148,188,60
636,491,-0.353911,370,148,188,60
636,491,-0.512031,370,148,188,60
636,491,-0.528306,370,148,188,60
636,491,-0.531571,370,148,189,60
636,491,-0.504853,370,148,188,60
636,491,-0.522056,370,148,188,60
636,491,-0.509763,370,148,188,60
636,491,-0.552878,370,148,189,60
636,491,-0.479498,370,148,188,60
636,491,-0.512711,370,148,189,60
636,491,-0.570054,370,148,189,60
